0 ,    671.000 ,   1026.036 ,      0.000 
1 ,    671.000 ,    124.518 , 1196337.777 
2 ,    671.000 ,    120.619 , 5391808.837 
3 ,    671.000 ,    340.676 ,      0.000 
4 ,    671.000 ,    112.851 , 513450364.803 
5 ,    671.000 ,    109.624 , 1192673365604.876 
6 ,    671.000 ,    113.450 , 315973517.853 
7 ,    671.000 ,    115.327 , 76026737.808 
8 ,    671.000 ,    121.376 , 3970689.151 
9 ,    671.000 ,    140.233 ,   4614.523 
10 ,    671.000 ,    112.993 , 455991319.162 
11 ,    671.000 ,    110.874 , 13280549600.941 
12 ,    671.000 ,    112.812 , 530583338.444 
13 ,    671.000 ,    117.343 , 23462454.204 
14 ,    671.000 ,    150.617 ,    107.697 
15 ,    671.000 ,    111.787 , 1667133649.473 
16 ,    671.000 ,    115.358 , 74438291.434 
17 ,    671.000 ,    109.557 , 1231114931411.386 
18 ,    671.000 ,    117.998 , 17007893.451 
19 ,    671.000 ,    109.822 , 933810500747.030 
20 ,    671.000 ,    112.807 , 532939066.125 
21 ,    671.000 ,    128.722 , 263852.568 
22 ,    671.000 ,    418.405 ,      0.000 
23 ,    671.000 ,    110.639 , 30985128945.533 
24 ,    671.000 ,    115.050 , 92233054.421 
25 ,    671.000 ,    127.032 , 480765.074 
26 ,    671.000 ,    112.234 , 919424708.950 
27 ,    671.000 ,    117.383 , 22992138.032 
28 ,    671.000 ,    111.225 , 5105899139.677 
29 ,    671.000 ,    133.147 ,  55966.179 
30 ,    671.000 ,    121.277 , 4130561.513 
31 ,    671.000 ,    111.403 , 3424747841.326 
32 ,    671.000 ,    110.049 , 467482036710.081 
33 ,    671.000 ,    139.291 ,   6449.562 
34 ,    671.000 ,    143.859 ,   1258.778 
35 ,    671.000 ,    113.844 , 231471940.246 
36 ,    671.000 ,    116.096 , 46489340.018 
37 ,    671.000 ,    113.526 , 297418486.975 
38 ,    671.000 ,    124.433 , 1234304.722 
39 ,    671.000 ,    110.871 , 13402329964.490 
40 ,    671.000 ,    132.765 ,  63956.509 
41 ,    671.000 ,    114.130 , 184939262.716 
42 ,    671.000 ,    127.054 , 476971.845 
43 ,    671.000 ,    119.027 , 10608070.813 
44 ,    671.000 ,    118.413 , 14001953.059 
45 ,    671.000 ,    115.811 , 55366836.252 
46 ,    671.000 ,    135.057 ,  28681.115 
47 ,    671.000 ,    114.376 , 152612166.579 
48 ,    671.000 ,    110.789 , 17565059850.494 
49 ,    671.000 ,    116.237 , 42776098.332 
