PID,HOUR,COMP2CONC,PARASITEDENSITY
0 ,      0.000 ,      0.000 ,   1000.000 
0 ,      1.000 ,    399.273 ,   1000.000 
0 ,      2.000 ,    765.505 ,   1000.000 
0 ,      3.000 ,   1100.770 ,    999.833 
0 ,      4.000 ,   1407.029 ,    992.415 
0 ,      5.000 ,   1686.129 ,    944.109 
0 ,      6.000 ,   1939.814 ,    866.134 
0 ,      7.000 ,   2169.729 ,    788.195 
0 ,      8.000 ,   2377.425 ,    716.343 
0 ,      9.000 ,   2564.364 ,    650.875 
0 ,     10.000 ,   2731.926 ,    591.352 
0 ,     11.000 ,   2881.408 ,    537.262 
0 ,     12.000 ,   3014.035 ,    488.115 
0 ,     13.000 ,   3530.231 ,    443.462 
0 ,     14.000 ,   3998.768 ,    402.893 
0 ,     15.000 ,   4422.743 ,    366.035 
0 ,     16.000 ,   4805.075 ,    332.550 
0 ,     17.000 ,   5148.517 ,    302.127 
0 ,     18.000 ,   5455.663 ,    274.488 
0 ,     19.000 ,   5728.959 ,    249.377 
0 ,     20.000 ,   5970.705 ,    226.563 
0 ,     21.000 ,   6183.070 ,    205.837 
0 ,     22.000 ,   6368.096 ,    187.006 
0 ,     23.000 ,   6527.703 ,    169.899 
0 ,     24.000 ,   6663.700 ,    154.356 
0 ,     25.000 ,   7177.059 ,    140.235 
0 ,     26.000 ,   7637.065 ,    127.406 
0 ,     27.000 ,   8047.295 ,    115.751 
0 ,     28.000 ,   8411.121 ,    105.161 
0 ,     29.000 ,   8731.717 ,     95.541 
0 ,     30.000 ,   9012.072 ,     86.801 
0 ,     31.000 ,   9255.000 ,     78.860 
0 ,     32.000 ,   9463.149 ,     71.646 
0 ,     33.000 ,   9639.008 ,     65.091 
0 ,     34.000 ,   9784.922 ,     59.137 
0 ,     35.000 ,   9903.091 ,     53.727 
0 ,     36.000 ,   9995.584 ,     48.812 
0 ,     37.000 ,  10463.620 ,     44.346 
0 ,     38.000 ,  10876.709 ,     40.289 
0 ,     39.000 ,  11238.640 ,     36.604 
0 ,     40.000 ,  11552.981 ,     33.255 
0 ,     41.000 ,  11823.088 ,     30.213 
0 ,     42.000 ,  12052.119 ,     27.449 
0 ,     43.000 ,  12243.045 ,     24.938 
0 ,     44.000 ,  12398.658 ,     22.656 
0 ,     45.000 ,  12521.583 ,     20.584 
0 ,     46.000 ,  12614.285 ,     18.701 
0 ,     47.000 ,  12679.080 ,     16.990 
0 ,     48.000 ,  12718.142 ,     15.436 
0 ,     49.000 ,  13132.786 ,     14.024 
0 ,     50.000 ,  13492.610 ,     12.741 
0 ,     51.000 ,  13801.484 ,     11.575 
0 ,     52.000 ,  14063.050 ,     10.516 
0 ,     53.000 ,  14280.731 ,      9.554 
0 ,     54.000 ,  14457.748 ,      8.680 
0 ,     55.000 ,  14597.124 ,      7.886 
0 ,     56.000 ,  14701.703 ,      7.165 
0 ,     57.000 ,  14774.155 ,      6.509 
0 ,     58.000 ,  14816.985 ,      5.914 
0 ,     59.000 ,  14832.546 ,      5.373 
0 ,     60.000 ,  14823.043 ,      4.881 
0 ,     61.000 ,  15189.819 ,      4.435 
0 ,     62.000 ,  15502.497 ,      4.029 
0 ,     63.000 ,  15764.969 ,      3.660 
0 ,     64.000 ,  15980.894 ,      3.325 
0 ,     65.000 ,  16153.711 ,      3.021 
0 ,     66.000 ,  16286.654 ,      2.745 
0 ,     67.000 ,  16382.756 ,      2.494 
0 ,     68.000 ,  16444.870 ,      2.266 
0 ,     69.000 ,  16475.672 ,      2.058 
0 ,     70.000 ,  16477.670 ,      1.870 
0 ,     71.000 ,  16453.221 ,      1.699 
0 ,     72.000 ,  16404.530 ,      1.544 
0 ,     73.000 ,  16333.665 ,      1.402 
0 ,     74.000 ,  16242.564 ,      1.274 
0 ,     75.000 ,  16133.038 ,      1.158 
0 ,     76.000 ,  16006.784 ,      1.052 
0 ,     77.000 ,  15865.387 ,      0.955 
0 ,     78.000 ,  15710.329 ,      0.868 
0 ,     79.000 ,  15542.993 ,      0.789 
0 ,     80.000 ,  15364.672 ,      0.716 
0 ,     81.000 ,  15176.570 ,      0.651 
0 ,     82.000 ,  14979.809 ,      0.591 
0 ,     83.000 ,  14775.435 ,      0.537 
0 ,     84.000 ,  14564.420 ,      0.488 
0 ,     85.000 ,  14347.670 ,      0.443 
0 ,     86.000 ,  14126.024 ,      0.403 
0 ,     87.000 ,  13900.262 ,      0.366 
0 ,     88.000 ,  13671.106 ,      0.333 
0 ,     89.000 ,  13439.226 ,      0.302 
0 ,     90.000 ,  13205.242 ,      0.274 
0 ,     91.000 ,  12969.724 ,      0.249 
0 ,     92.000 ,  12733.201 ,      0.227 
0 ,     93.000 ,  12496.158 ,      0.206 
0 ,     94.000 ,  12259.042 ,      0.187 
0 ,     95.000 ,  12022.265 ,      0.170 
0 ,     96.000 ,  11786.201 ,      0.154 
0 ,     97.000 ,  11551.196 ,      0.140 
0 ,     98.000 ,  11317.562 ,      0.127 
0 ,     99.000 ,  11085.585 ,      0.116 
0 ,    100.000 ,  10855.526 ,      0.105 
0 ,    101.000 ,  10627.618 ,      0.096 
0 ,    102.000 ,  10402.073 ,      0.087 
0 ,    103.000 ,  10179.081 ,      0.079 
0 ,    104.000 ,   9958.814 ,      0.072 
0 ,    105.000 ,   9741.421 ,      0.065 
0 ,    106.000 ,   9527.038 ,      0.059 
0 ,    107.000 ,   9315.781 ,      0.054 
0 ,    108.000 ,   9107.754 ,      0.049 
0 ,    109.000 ,   8903.045 ,      0.044 
0 ,    110.000 ,   8701.730 ,      0.040 
0 ,    111.000 ,   8503.872 ,      0.037 
0 ,    112.000 ,   8309.524 ,      0.033 
0 ,    113.000 ,   8118.727 ,      0.030 
0 ,    114.000 ,   7931.514 ,      0.027 
0 ,    115.000 ,   7747.908 ,      0.025 
0 ,    116.000 ,   7567.924 ,      0.023 
0 ,    117.000 ,   7391.570 ,      0.021 
0 ,    118.000 ,   7218.847 ,      0.019 
0 ,    119.000 ,   7049.749 ,      0.017 
0 ,    120.000 ,   6884.264 ,      0.015 
0 ,    121.000 ,   6722.377 ,      0.014 
0 ,    122.000 ,   6564.064 ,      0.013 
0 ,    123.000 ,   6409.301 ,      0.012 
0 ,    124.000 ,   6258.057 ,      0.011 
0 ,    125.000 ,   6110.298 ,      0.010 
0 ,    126.000 ,   5965.988 ,      0.009 
0 ,    127.000 ,   5825.086 ,      0.008 
0 ,    128.000 ,   5687.550 ,      0.007 
0 ,    129.000 ,   5553.335 ,      0.007 
0 ,    130.000 ,   5422.394 ,      0.006 
0 ,    131.000 ,   5294.678 ,      0.005 
0 ,    132.000 ,   5170.136 ,      0.005 
0 ,    133.000 ,   5048.718 ,      0.004 
0 ,    134.000 ,   4930.370 ,      0.004 
0 ,    135.000 ,   4815.038 ,      0.004 
0 ,    136.000 ,   4702.668 ,      0.003 
0 ,    137.000 ,   4593.203 ,      0.003 
0 ,    138.000 ,   4486.590 ,      0.003 
0 ,    139.000 ,   4382.770 ,      0.002 
0 ,    140.000 ,   4281.688 ,      0.002 
0 ,    141.000 ,   4183.288 ,      0.002 
0 ,    142.000 ,   4087.512 ,      0.002 
0 ,    143.000 ,   3994.305 ,      0.002 
0 ,    144.000 ,   3903.610 ,      0.002 
0 ,    145.000 ,   3815.371 ,      0.001 
0 ,    146.000 ,   3729.533 ,      0.001 
0 ,    147.000 ,   3646.040 ,      0.001 
0 ,    148.000 ,   3564.838 ,      0.001 
0 ,    149.000 ,   3485.873 ,      0.001 
0 ,    150.000 ,   3409.090 ,      0.001 
0 ,    151.000 ,   3334.438 ,      0.001 
0 ,    152.000 ,   3261.863 ,      0.001 
0 ,    153.000 ,   3191.314 ,      0.001 
0 ,    154.000 ,   3122.740 ,      0.001 
0 ,    155.000 ,   3056.091 ,      0.001 
0 ,    156.000 ,   2991.318 ,      0.000 
0 ,    157.000 ,   2928.373 ,      0.000 
0 ,    158.000 ,   2867.207 ,      0.000 
0 ,    159.000 ,   2807.774 ,      0.000 
0 ,    160.000 ,   2750.027 ,      0.000 
0 ,    161.000 ,   2693.923 ,      0.000 
0 ,    162.000 ,   2639.416 ,      0.000 
0 ,    163.000 ,   2586.462 ,      0.000 
0 ,    164.000 ,   2535.021 ,      0.000 
0 ,    165.000 ,   2485.050 ,      0.000 
0 ,    166.000 ,   2436.508 ,      0.000 
0 ,    167.000 ,   2389.356 ,      0.000 
0 ,    168.000 ,   2343.554 ,      0.000 
0 ,    169.000 ,   2299.065 ,      0.000 
0 ,    170.000 ,   2255.851 ,      0.000 
0 ,    171.000 ,   2213.876 ,      0.000 
0 ,    172.000 ,   2173.105 ,      0.000 
0 ,    173.000 ,   2133.503 ,      0.000 
0 ,    174.000 ,   2095.035 ,      0.000 
0 ,    175.000 ,   2057.670 ,      0.000 
0 ,    176.000 ,   2021.375 ,      0.000 
0 ,    177.000 ,   1986.118 ,      0.000 
0 ,    178.000 ,   1951.869 ,      0.000 
0 ,    179.000 ,   1918.599 ,      0.000 
0 ,    180.000 ,   1886.278 ,      0.000 
0 ,    181.000 ,   1854.878 ,      0.000 
0 ,    182.000 ,   1824.371 ,      0.000 
0 ,    183.000 ,   1794.731 ,      0.000 
0 ,    184.000 ,   1765.931 ,      0.000 
0 ,    185.000 ,   1737.947 ,      0.000 
0 ,    186.000 ,   1710.754 ,      0.000 
0 ,    187.000 ,   1684.327 ,      0.000 
0 ,    188.000 ,   1658.643 ,      0.000 
0 ,    189.000 ,   1633.680 ,      0.000 
0 ,    190.000 ,   1609.416 ,      0.000 
0 ,    191.000 ,   1585.828 ,      0.000 
0 ,    192.000 ,   1562.897 ,      0.000 
0 ,    193.000 ,   1540.602 ,      0.000 
0 ,    194.000 ,   1518.923 ,      0.000 
0 ,    195.000 ,   1497.842 ,      0.000 
0 ,    196.000 ,   1477.339 ,      0.000 
0 ,    197.000 ,   1457.397 ,      0.000 
0 ,    198.000 ,   1437.999 ,      0.000 
0 ,    199.000 ,   1419.127 ,      0.000 
0 ,    200.000 ,   1400.765 ,      0.000 
0 ,    201.000 ,   1382.897 ,      0.000 
0 ,    202.000 ,   1365.507 ,      0.000 
0 ,    203.000 ,   1348.581 ,      0.000 
0 ,    204.000 ,   1332.103 ,      0.000 
0 ,    205.000 ,   1316.061 ,      0.000 
0 ,    206.000 ,   1300.439 ,      0.000 
0 ,    207.000 ,   1285.226 ,      0.000 
0 ,    208.000 ,   1270.407 ,      0.000 
0 ,    209.000 ,   1255.970 ,      0.000 
0 ,    210.000 ,   1241.904 ,      0.000 
0 ,    211.000 ,   1228.197 ,      0.000 
0 ,    212.000 ,   1214.836 ,      0.000 
0 ,    213.000 ,   1201.812 ,      0.000 
0 ,    214.000 ,   1189.114 ,      0.000 
0 ,    215.000 ,   1176.730 ,      0.000 
0 ,    216.000 ,   1164.652 ,      0.000 
0 ,    217.000 ,   1152.870 ,      0.000 
0 ,    218.000 ,   1141.373 ,      0.000 
0 ,    219.000 ,   1130.153 ,      0.000 
0 ,    220.000 ,   1119.202 ,      0.000 
0 ,    221.000 ,   1108.510 ,      0.000 
0 ,    222.000 ,   1098.070 ,      0.000 
0 ,    223.000 ,   1087.873 ,      0.000 
0 ,    224.000 ,   1077.912 ,      0.000 
0 ,    225.000 ,   1068.179 ,      0.000 
0 ,    226.000 ,   1058.667 ,      0.000 
0 ,    227.000 ,   1049.369 ,      0.000 
0 ,    228.000 ,   1040.278 ,      0.000 
0 ,    229.000 ,   1031.388 ,      0.000 
0 ,    230.000 ,   1022.691 ,      0.000 
0 ,    231.000 ,   1014.183 ,      0.000 
0 ,    232.000 ,   1005.857 ,      0.000 
0 ,    233.000 ,    997.708 ,      0.000 
0 ,    234.000 ,    989.729 ,      0.000 
0 ,    235.000 ,    981.916 ,      0.000 
0 ,    236.000 ,    974.263 ,      0.000 
0 ,    237.000 ,    966.765 ,      0.000 
0 ,    238.000 ,    959.417 ,      0.000 
0 ,    239.000 ,    952.215 ,      0.000 
0 ,    240.000 ,    945.154 ,      0.000 
0 ,    241.000 ,    938.230 ,      0.000 
0 ,    242.000 ,    931.438 ,      0.000 
0 ,    243.000 ,    924.774 ,      0.000 
0 ,    244.000 ,    918.235 ,      0.000 
0 ,    245.000 ,    911.816 ,      0.000 
0 ,    246.000 ,    905.513 ,      0.000 
0 ,    247.000 ,    899.324 ,      0.000 
0 ,    248.000 ,    893.244 ,      0.000 
0 ,    249.000 ,    887.271 ,      0.000 
0 ,    250.000 ,    881.400 ,      0.000 
0 ,    251.000 ,    875.630 ,      0.000 
0 ,    252.000 ,    869.956 ,      0.000 
0 ,    253.000 ,    864.376 ,      0.000 
0 ,    254.000 ,    858.887 ,      0.000 
0 ,    255.000 ,    853.487 ,      0.000 
0 ,    256.000 ,    848.172 ,      0.000 
0 ,    257.000 ,    842.940 ,      0.000 
0 ,    258.000 ,    837.789 ,      0.000 
0 ,    259.000 ,    832.716 ,      0.000 
0 ,    260.000 ,    827.718 ,      0.000 
0 ,    261.000 ,    822.795 ,      0.000 
0 ,    262.000 ,    817.943 ,      0.000 
0 ,    263.000 ,    813.160 ,      0.000 
0 ,    264.000 ,    808.445 ,      0.000 
0 ,    265.000 ,    803.795 ,      0.000 
0 ,    266.000 ,    799.209 ,      0.000 
0 ,    267.000 ,    794.685 ,      0.000 
0 ,    268.000 ,    790.220 ,      0.000 
0 ,    269.000 ,    785.814 ,      0.000 
0 ,    270.000 ,    781.465 ,      0.000 
0 ,    271.000 ,    777.170 ,      0.000 
0 ,    272.000 ,    772.929 ,      0.000 
0 ,    273.000 ,    768.740 ,      0.000 
0 ,    274.000 ,    764.602 ,      0.000 
0 ,    275.000 ,    760.513 ,      0.000 
0 ,    276.000 ,    756.472 ,      0.000 
0 ,    277.000 ,    752.478 ,      0.000 
0 ,    278.000 ,    748.528 ,      0.000 
0 ,    279.000 ,    744.623 ,      0.000 
0 ,    280.000 ,    740.761 ,      0.000 
0 ,    281.000 ,    736.941 ,      0.000 
0 ,    282.000 ,    733.162 ,      0.000 
0 ,    283.000 ,    729.422 ,      0.000 
0 ,    284.000 ,    725.721 ,      0.000 
0 ,    285.000 ,    722.058 ,      0.000 
0 ,    286.000 ,    718.431 ,      0.000 
0 ,    287.000 ,    714.841 ,      0.000 
0 ,    288.000 ,    711.285 ,      0.000 
0 ,    289.000 ,    707.763 ,      0.000 
0 ,    290.000 ,    704.275 ,      0.000 
0 ,    291.000 ,    700.819 ,      0.000 
0 ,    292.000 ,    697.395 ,      0.000 
0 ,    293.000 ,    694.002 ,      0.000 
0 ,    294.000 ,    690.639 ,      0.000 
0 ,    295.000 ,    687.306 ,      0.000 
0 ,    296.000 ,    684.001 ,      0.000 
0 ,    297.000 ,    680.725 ,      0.000 
0 ,    298.000 ,    677.476 ,      0.000 
0 ,    299.000 ,    674.254 ,      0.000 
0 ,    300.000 ,    671.059 ,      0.000 
0 ,    301.000 ,    667.889 ,      0.000 
0 ,    302.000 ,    664.745 ,      0.000 
0 ,    303.000 ,    661.626 ,      0.000 
0 ,    304.000 ,    658.530 ,      0.000 
0 ,    305.000 ,    655.458 ,      0.000 
0 ,    306.000 ,    652.410 ,      0.000 
0 ,    307.000 ,    649.384 ,      0.000 
0 ,    308.000 ,    646.381 ,      0.000 
0 ,    309.000 ,    643.399 ,      0.000 
0 ,    310.000 ,    640.439 ,      0.000 
0 ,    311.000 ,    637.500 ,      0.000 
0 ,    312.000 ,    634.582 ,      0.000 
0 ,    313.000 ,    631.683 ,      0.000 
0 ,    314.000 ,    628.805 ,      0.000 
0 ,    315.000 ,    625.946 ,      0.000 
0 ,    316.000 ,    623.107 ,      0.000 
0 ,    317.000 ,    620.286 ,      0.000 
0 ,    318.000 ,    617.483 ,      0.000 
0 ,    319.000 ,    614.699 ,      0.000 
0 ,    320.000 ,    611.933 ,      0.000 
0 ,    321.000 ,    609.184 ,      0.000 
0 ,    322.000 ,    606.453 ,      0.000 
0 ,    323.000 ,    603.738 ,      0.000 
0 ,    324.000 ,    601.041 ,      0.000 
0 ,    325.000 ,    598.360 ,      0.000 
0 ,    326.000 ,    595.695 ,      0.000 
0 ,    327.000 ,    593.046 ,      0.000 
0 ,    328.000 ,    590.413 ,      0.000 
0 ,    329.000 ,    587.795 ,      0.000 
0 ,    330.000 ,    585.192 ,      0.000 
0 ,    331.000 ,    582.605 ,      0.000 
0 ,    332.000 ,    580.033 ,      0.000 
0 ,    333.000 ,    577.475 ,      0.000 
0 ,    334.000 ,    574.931 ,      0.000 
0 ,    335.000 ,    572.402 ,      0.000 
0 ,    336.000 ,    569.887 ,      0.000 
0 ,    337.000 ,    567.386 ,      0.000 
0 ,    338.000 ,    564.899 ,      0.000 
0 ,    339.000 ,    562.425 ,      0.000 
0 ,    340.000 ,    559.964 ,      0.000 
0 ,    341.000 ,    557.517 ,      0.000 
0 ,    342.000 ,    555.083 ,      0.000 
0 ,    343.000 ,    552.661 ,      0.000 
0 ,    344.000 ,    550.253 ,      0.000 
0 ,    345.000 ,    547.857 ,      0.000 
0 ,    346.000 ,    545.473 ,      0.000 
0 ,    347.000 ,    543.102 ,      0.000 
0 ,    348.000 ,    540.743 ,      0.000 
0 ,    349.000 ,    538.396 ,      0.000 
0 ,    350.000 ,    536.061 ,      0.000 
0 ,    351.000 ,    533.738 ,      0.000 
0 ,    352.000 ,    531.426 ,      0.000 
0 ,    353.000 ,    529.126 ,      0.000 
0 ,    354.000 ,    526.838 ,      0.000 
0 ,    355.000 ,    524.561 ,      0.000 
0 ,    356.000 ,    522.295 ,      0.000 
0 ,    357.000 ,    520.040 ,      0.000 
0 ,    358.000 ,    517.796 ,      0.000 
0 ,    359.000 ,    515.563 ,      0.000 
0 ,    360.000 ,    513.341 ,      0.000 
0 ,    361.000 ,    511.130 ,      0.000 
0 ,    362.000 ,    508.930 ,      0.000 
0 ,    363.000 ,    506.740 ,      0.000 
0 ,    364.000 ,    504.560 ,      0.000 
0 ,    365.000 ,    502.391 ,      0.000 
0 ,    366.000 ,    500.232 ,      0.000 
0 ,    367.000 ,    498.083 ,      0.000 
0 ,    368.000 ,    495.944 ,      0.000 
0 ,    369.000 ,    493.816 ,      0.000 
0 ,    370.000 ,    491.697 ,      0.000 
0 ,    371.000 ,    489.589 ,      0.000 
0 ,    372.000 ,    487.490 ,      0.000 
0 ,    373.000 ,    485.400 ,      0.000 
0 ,    374.000 ,    483.321 ,      0.000 
0 ,    375.000 ,    481.251 ,      0.000 
0 ,    376.000 ,    479.191 ,      0.000 
0 ,    377.000 ,    477.140 ,      0.000 
0 ,    378.000 ,    475.098 ,      0.000 
0 ,    379.000 ,    473.066 ,      0.000 
0 ,    380.000 ,    471.043 ,      0.000 
0 ,    381.000 ,    469.029 ,      0.000 
0 ,    382.000 ,    467.025 ,      0.000 
0 ,    383.000 ,    465.029 ,      0.000 
0 ,    384.000 ,    463.042 ,      0.000 
0 ,    385.000 ,    461.065 ,      0.000 
0 ,    386.000 ,    459.096 ,      0.000 
0 ,    387.000 ,    457.136 ,      0.000 
0 ,    388.000 ,    455.185 ,      0.000 
0 ,    389.000 ,    453.243 ,      0.000 
0 ,    390.000 ,    451.309 ,      0.000 
0 ,    391.000 ,    449.384 ,      0.000 
0 ,    392.000 ,    447.468 ,      0.000 
0 ,    393.000 ,    445.560 ,      0.000 
0 ,    394.000 ,    443.660 ,      0.000 
0 ,    395.000 ,    441.769 ,      0.000 
0 ,    396.000 ,    439.886 ,      0.000 
0 ,    397.000 ,    438.012 ,      0.000 
0 ,    398.000 ,    436.146 ,      0.000 
0 ,    399.000 ,    434.288 ,      0.000 
0 ,    400.000 ,    432.438 ,      0.000 
0 ,    401.000 ,    430.597 ,      0.000 
0 ,    402.000 ,    428.763 ,      0.000 
0 ,    403.000 ,    426.938 ,      0.000 
0 ,    404.000 ,    425.121 ,      0.000 
0 ,    405.000 ,    423.311 ,      0.000 
0 ,    406.000 ,    421.510 ,      0.000 
0 ,    407.000 ,    419.716 ,      0.000 
0 ,    408.000 ,    417.930 ,      0.000 
0 ,    409.000 ,    416.152 ,      0.000 
0 ,    410.000 ,    414.382 ,      0.000 
0 ,    411.000 ,    412.619 ,      0.000 
0 ,    412.000 ,    410.864 ,      0.000 
0 ,    413.000 ,    409.117 ,      0.000 
0 ,    414.000 ,    407.377 ,      0.000 
0 ,    415.000 ,    405.645 ,      0.000 
0 ,    416.000 ,    403.920 ,      0.000 
0 ,    417.000 ,    402.203 ,      0.000 
0 ,    418.000 ,    400.493 ,      0.000 
0 ,    419.000 ,    398.791 ,      0.000 
0 ,    420.000 ,    397.096 ,      0.000 
0 ,    421.000 ,    395.408 ,      0.000 
0 ,    422.000 ,    393.728 ,      0.000 
0 ,    423.000 ,    392.055 ,      0.000 
0 ,    424.000 ,    390.389 ,      0.000 
0 ,    425.000 ,    388.730 ,      0.000 
0 ,    426.000 ,    387.078 ,      0.000 
0 ,    427.000 ,    385.434 ,      0.000 
0 ,    428.000 ,    383.797 ,      0.000 
0 ,    429.000 ,    382.166 ,      0.000 
0 ,    430.000 ,    380.543 ,      0.000 
0 ,    431.000 ,    378.927 ,      0.000 
0 ,    432.000 ,    377.317 ,      0.000 
0 ,    433.000 ,    375.715 ,      0.000 
0 ,    434.000 ,    374.119 ,      0.000 
0 ,    435.000 ,    372.530 ,      0.000 
0 ,    436.000 ,    370.948 ,      0.000 
0 ,    437.000 ,    369.373 ,      0.000 
0 ,    438.000 ,    367.805 ,      0.000 
0 ,    439.000 ,    366.243 ,      0.000 
0 ,    440.000 ,    364.688 ,      0.000 
0 ,    441.000 ,    363.139 ,      0.000 
0 ,    442.000 ,    361.598 ,      0.000 
0 ,    443.000 ,    360.063 ,      0.000 
0 ,    444.000 ,    358.534 ,      0.000 
0 ,    445.000 ,    357.012 ,      0.000 
0 ,    446.000 ,    355.496 ,      0.000 
0 ,    447.000 ,    353.987 ,      0.000 
0 ,    448.000 ,    352.485 ,      0.000 
0 ,    449.000 ,    350.989 ,      0.000 
0 ,    450.000 ,    349.499 ,      0.000 
0 ,    451.000 ,    348.015 ,      0.000 
0 ,    452.000 ,    346.538 ,      0.000 
0 ,    453.000 ,    345.067 ,      0.000 
0 ,    454.000 ,    343.603 ,      0.000 
0 ,    455.000 ,    342.145 ,      0.000 
0 ,    456.000 ,    340.693 ,      0.000 
0 ,    457.000 ,    339.247 ,      0.000 
0 ,    458.000 ,    337.807 ,      0.000 
0 ,    459.000 ,    336.374 ,      0.000 
0 ,    460.000 ,    334.946 ,      0.000 
0 ,    461.000 ,    333.525 ,      0.000 
0 ,    462.000 ,    332.109 ,      0.000 
0 ,    463.000 ,    330.700 ,      0.000 
0 ,    464.000 ,    329.297 ,      0.000 
0 ,    465.000 ,    327.900 ,      0.000 
0 ,    466.000 ,    326.508 ,      0.000 
0 ,    467.000 ,    325.123 ,      0.000 
0 ,    468.000 ,    323.743 ,      0.000 
0 ,    469.000 ,    322.370 ,      0.000 
0 ,    470.000 ,    321.002 ,      0.000 
0 ,    471.000 ,    319.640 ,      0.000 
0 ,    472.000 ,    318.284 ,      0.000 
0 ,    473.000 ,    316.933 ,      0.000 
0 ,    474.000 ,    315.589 ,      0.000 
0 ,    475.000 ,    314.250 ,      0.000 
0 ,    476.000 ,    312.916 ,      0.000 
0 ,    477.000 ,    311.589 ,      0.000 
0 ,    478.000 ,    310.267 ,      0.000 
0 ,    479.000 ,    308.951 ,      0.000 
0 ,    480.000 ,    307.640 ,      0.000 
0 ,    481.000 ,    306.335 ,      0.000 
0 ,    482.000 ,    305.035 ,      0.000 
0 ,    483.000 ,    303.741 ,      0.000 
0 ,    484.000 ,    302.453 ,      0.000 
0 ,    485.000 ,    301.170 ,      0.000 
0 ,    486.000 ,    299.892 ,      0.000 
0 ,    487.000 ,    298.620 ,      0.000 
0 ,    488.000 ,    297.353 ,      0.000 
0 ,    489.000 ,    296.091 ,      0.000 
0 ,    490.000 ,    294.835 ,      0.000 
0 ,    491.000 ,    293.585 ,      0.000 
0 ,    492.000 ,    292.339 ,      0.000 
0 ,    493.000 ,    291.099 ,      0.000 
0 ,    494.000 ,    289.864 ,      0.000 
0 ,    495.000 ,    288.635 ,      0.000 
0 ,    496.000 ,    287.410 ,      0.000 
0 ,    497.000 ,    286.191 ,      0.000 
0 ,    498.000 ,    284.977 ,      0.000 
0 ,    499.000 ,    283.768 ,      0.000 
0 ,    500.000 ,    282.565 ,      0.000 
0 ,    501.000 ,    281.366 ,      0.000 
0 ,    502.000 ,    280.172 ,      0.000 
0 ,    503.000 ,    278.984 ,      0.000 
0 ,    504.000 ,    277.801 ,      0.000 
0 ,    505.000 ,    276.622 ,      0.000 
0 ,    506.000 ,    275.449 ,      0.000 
0 ,    507.000 ,    274.280 ,      0.000 
0 ,    508.000 ,    273.117 ,      0.000 
0 ,    509.000 ,    271.959 ,      0.000 
0 ,    510.000 ,    270.805 ,      0.000 
0 ,    511.000 ,    269.656 ,      0.000 
0 ,    512.000 ,    268.513 ,      0.000 
0 ,    513.000 ,    267.374 ,      0.000 
0 ,    514.000 ,    266.239 ,      0.000 
0 ,    515.000 ,    265.110 ,      0.000 
0 ,    516.000 ,    263.986 ,      0.000 
0 ,    517.000 ,    262.866 ,      0.000 
0 ,    518.000 ,    261.751 ,      0.000 
0 ,    519.000 ,    260.641 ,      0.000 
0 ,    520.000 ,    259.535 ,      0.000 
0 ,    521.000 ,    258.434 ,      0.000 
0 ,    522.000 ,    257.338 ,      0.000 
0 ,    523.000 ,    256.247 ,      0.000 
0 ,    524.000 ,    255.160 ,      0.000 
0 ,    525.000 ,    254.078 ,      0.000 
0 ,    526.000 ,    253.000 ,      0.000 
0 ,    527.000 ,    251.927 ,      0.000 
0 ,    528.000 ,    250.858 ,      0.000 
0 ,    529.000 ,    249.794 ,      0.000 
0 ,    530.000 ,    248.735 ,      0.000 
0 ,    531.000 ,    247.680 ,      0.000 
0 ,    532.000 ,    246.629 ,      0.000 
0 ,    533.000 ,    245.583 ,      0.000 
0 ,    534.000 ,    244.541 ,      0.000 
0 ,    535.000 ,    243.504 ,      0.000 
0 ,    536.000 ,    242.471 ,      0.000 
0 ,    537.000 ,    241.443 ,      0.000 
0 ,    538.000 ,    240.419 ,      0.000 
0 ,    539.000 ,    239.399 ,      0.000 
0 ,    540.000 ,    238.384 ,      0.000 
0 ,    541.000 ,    237.373 ,      0.000 
0 ,    542.000 ,    236.366 ,      0.000 
0 ,    543.000 ,    235.363 ,      0.000 
0 ,    544.000 ,    234.365 ,      0.000 
0 ,    545.000 ,    233.371 ,      0.000 
0 ,    546.000 ,    232.381 ,      0.000 
0 ,    547.000 ,    231.396 ,      0.000 
0 ,    548.000 ,    230.414 ,      0.000 
0 ,    549.000 ,    229.437 ,      0.000 
0 ,    550.000 ,    228.464 ,      0.000 
0 ,    551.000 ,    227.495 ,      0.000 
0 ,    552.000 ,    226.530 ,      0.000 
0 ,    553.000 ,    225.569 ,      0.000 
0 ,    554.000 ,    224.612 ,      0.000 
0 ,    555.000 ,    223.660 ,      0.000 
0 ,    556.000 ,    222.711 ,      0.000 
0 ,    557.000 ,    221.766 ,      0.000 
0 ,    558.000 ,    220.826 ,      0.000 
0 ,    559.000 ,    219.889 ,      0.000 
0 ,    560.000 ,    218.957 ,      0.000 
0 ,    561.000 ,    218.028 ,      0.000 
0 ,    562.000 ,    217.103 ,      0.000 
0 ,    563.000 ,    216.182 ,      0.000 
0 ,    564.000 ,    215.265 ,      0.000 
0 ,    565.000 ,    214.352 ,      0.000 
0 ,    566.000 ,    213.443 ,      0.000 
0 ,    567.000 ,    212.538 ,      0.000 
0 ,    568.000 ,    211.637 ,      0.000 
0 ,    569.000 ,    210.739 ,      0.000 
0 ,    570.000 ,    209.845 ,      0.000 
0 ,    571.000 ,    208.955 ,      0.000 
0 ,    572.000 ,    208.069 ,      0.000 
0 ,    573.000 ,    207.186 ,      0.000 
0 ,    574.000 ,    206.308 ,      0.000 
0 ,    575.000 ,    205.433 ,      0.000 
0 ,    576.000 ,    204.561 ,      0.000 
0 ,    577.000 ,    203.694 ,      0.000 
0 ,    578.000 ,    202.830 ,      0.000 
0 ,    579.000 ,    201.969 ,      0.000 
0 ,    580.000 ,    201.113 ,      0.000 
0 ,    581.000 ,    200.260 ,      0.000 
0 ,    582.000 ,    199.411 ,      0.000 
0 ,    583.000 ,    198.565 ,      0.000 
0 ,    584.000 ,    197.723 ,      0.000 
0 ,    585.000 ,    196.884 ,      0.000 
0 ,    586.000 ,    196.049 ,      0.000 
0 ,    587.000 ,    195.217 ,      0.000 
0 ,    588.000 ,    194.389 ,      0.000 
0 ,    589.000 ,    193.565 ,      0.000 
0 ,    590.000 ,    192.744 ,      0.000 
0 ,    591.000 ,    191.927 ,      0.000 
0 ,    592.000 ,    191.112 ,      0.000 
0 ,    593.000 ,    190.302 ,      0.000 
0 ,    594.000 ,    189.495 ,      0.000 
0 ,    595.000 ,    188.691 ,      0.000 
0 ,    596.000 ,    187.891 ,      0.000 
0 ,    597.000 ,    187.094 ,      0.000 
0 ,    598.000 ,    186.300 ,      0.000 
0 ,    599.000 ,    185.510 ,      0.000 
0 ,    600.000 ,    184.723 ,      0.000 
0 ,    601.000 ,    183.940 ,      0.000 
0 ,    602.000 ,    183.160 ,      0.000 
0 ,    603.000 ,    182.383 ,      0.000 
0 ,    604.000 ,    181.609 ,      0.000 
0 ,    605.000 ,    180.839 ,      0.000 
0 ,    606.000 ,    180.072 ,      0.000 
0 ,    607.000 ,    179.308 ,      0.000 
0 ,    608.000 ,    178.548 ,      0.000 
0 ,    609.000 ,    177.791 ,      0.000 
0 ,    610.000 ,    177.037 ,      0.000 
0 ,    611.000 ,    176.286 ,      0.000 
0 ,    612.000 ,    175.538 ,      0.000 
0 ,    613.000 ,    174.794 ,      0.000 
0 ,    614.000 ,    174.052 ,      0.000 
0 ,    615.000 ,    173.314 ,      0.000 
0 ,    616.000 ,    172.579 ,      0.000 
0 ,    617.000 ,    171.847 ,      0.000 
0 ,    618.000 ,    171.118 ,      0.000 
0 ,    619.000 ,    170.392 ,      0.000 
0 ,    620.000 ,    169.670 ,      0.000 
0 ,    621.000 ,    168.950 ,      0.000 
0 ,    622.000 ,    168.233 ,      0.000 
0 ,    623.000 ,    167.520 ,      0.000 
0 ,    624.000 ,    166.809 ,      0.000 
0 ,    625.000 ,    166.102 ,      0.000 
0 ,    626.000 ,    165.397 ,      0.000 
0 ,    627.000 ,    164.696 ,      0.000 
0 ,    628.000 ,    163.997 ,      0.000 
0 ,    629.000 ,    163.302 ,      0.000 
0 ,    630.000 ,    162.609 ,      0.000 
0 ,    631.000 ,    161.920 ,      0.000 
0 ,    632.000 ,    161.233 ,      0.000 
0 ,    633.000 ,    160.549 ,      0.000 
0 ,    634.000 ,    159.868 ,      0.000 
0 ,    635.000 ,    159.190 ,      0.000 
0 ,    636.000 ,    158.515 ,      0.000 
0 ,    637.000 ,    157.843 ,      0.000 
0 ,    638.000 ,    157.173 ,      0.000 
0 ,    639.000 ,    156.506 ,      0.000 
0 ,    640.000 ,    155.843 ,      0.000 
0 ,    641.000 ,    155.182 ,      0.000 
0 ,    642.000 ,    154.524 ,      0.000 
0 ,    643.000 ,    153.868 ,      0.000 
0 ,    644.000 ,    153.216 ,      0.000 
0 ,    645.000 ,    152.566 ,      0.000 
0 ,    646.000 ,    151.919 ,      0.000 
0 ,    647.000 ,    151.274 ,      0.000 
0 ,    648.000 ,    150.633 ,      0.000 
0 ,    649.000 ,    149.994 ,      0.000 
0 ,    650.000 ,    149.358 ,      0.000 
0 ,    651.000 ,    148.724 ,      0.000 
0 ,    652.000 ,    148.093 ,      0.000 
0 ,    653.000 ,    147.465 ,      0.000 
0 ,    654.000 ,    146.840 ,      0.000 
0 ,    655.000 ,    146.217 ,      0.000 
0 ,    656.000 ,    145.597 ,      0.000 
0 ,    657.000 ,    144.979 ,      0.000 
0 ,    658.000 ,    144.364 ,      0.000 
0 ,    659.000 ,    143.752 ,      0.000 
0 ,    660.000 ,    143.142 ,      0.000 
0 ,    661.000 ,    142.535 ,      0.000 
0 ,    662.000 ,    141.931 ,      0.000 
0 ,    663.000 ,    141.329 ,      0.000 
0 ,    664.000 ,    140.729 ,      0.000 
0 ,    665.000 ,    140.133 ,      0.000 
0 ,    666.000 ,    139.538 ,      0.000 
0 ,    667.000 ,    138.946 ,      0.000 
0 ,    668.000 ,    138.357 ,      0.000 
0 ,    669.000 ,    137.770 ,      0.000 
0 ,    670.000 ,    137.186 ,      0.000 
0 ,    671.000 ,    136.604 ,      0.000 
