PID,i_lum_F1_indiv,i_lum_k12(KA),i_lum_k23(Q/V),i_lum_k32(Q/VP),i_lum_k20(CL/V),total_mg_dose_per_occassion,DS,Q,V,CL,VP
0,0.185133,0.0386,0.080535,0.00634218,0.290555,360,0,0.267278,3.31877,0.964286,42.1429
1,0.435766,0.0386,0.0176684,0.00634218,0.0637442,360,0,0.267278,15.1274,0.964286,42.1429
2,0.0974003,0.0386,0.00424025,0.00634218,0.015298,360,0,0.267278,63.0335,0.964286,42.1429
3,0.275163,0.0386,0.0314924,0.00634218,0.113619,360,0,0.267278,8.48704,0.964286,42.1429
4,0.224937,0.0386,0.2473,0.00634218,0.892211,360,0,0.267278,1.08078,0.964286,42.1429
5,0.303694,0.0386,0.0137403,0.00634218,0.0495725,360,0,0.267278,19.452,0.964286,42.1429
6,0.164841,0.0386,0.0632802,0.00634218,0.228303,360,0,0.267278,4.22371,0.964286,42.1429
7,0.223408,0.0386,0.185603,0.00634218,0.669619,360,0,0.267278,1.44005,0.964286,42.1429
8,0.158868,0.0386,0.0503999,0.00634218,0.181833,360,0,0.267278,5.30313,0.964286,42.1429
9,0.774199,0.0386,0.0150746,0.00634218,0.0543862,360,0,0.267278,17.7303,0.964286,42.1429
10,0.402545,0.0386,0.00896294,0.00634218,0.0323366,360,0,0.267278,29.8203,0.964286,42.1429
11,0.358711,0.0386,0.00561241,0.00634218,0.0202485,360,0,0.267278,47.6226,0.964286,42.1429
12,0.693555,0.0386,0.0168724,0.00634218,0.0608723,360,0,0.267278,15.8411,0.964286,42.1429
13,0.162687,0.0386,0.0731947,0.00634218,0.264072,360,0,0.267278,3.6516,0.964286,42.1429
14,0.251015,0.0386,0.0786083,0.00634218,0.283604,360,0,0.267278,3.40012,0.964286,42.1429
15,0.219428,0.0386,0.0589033,0.00634218,0.212512,360,0,0.267278,4.53756,0.964286,42.1429
16,0.237492,0.0386,0.0360849,0.00634218,0.130187,360,0,0.267278,7.4069,0.964286,42.1429
17,0.196663,0.0386,0.0163237,0.00634218,0.0588927,360,0,0.267278,16.3736,0.964286,42.1429
18,0.213678,0.0386,0.102487,0.00634218,0.369753,360,0,0.267278,2.60792,0.964286,42.1429
19,0.11449,0.0386,0.0404815,0.00634218,0.14605,360,0,0.267278,6.60245,0.964286,42.1429
20,0.171789,0.0386,0.0167367,0.00634218,0.0603827,360,0,0.267278,15.9696,0.964286,42.1429
21,0.0726244,0.0386,0.00709807,0.00634218,0.0256085,360,0,0.267278,37.655,0.964286,42.1429
22,0.353063,0.0386,0.034103,0.00634218,0.123037,360,0,0.267278,7.83736,0.964286,42.1429
23,0.469482,0.0386,0.0813895,0.00634218,0.293638,360,0,0.267278,3.28393,0.964286,42.1429
24,0.17556,0.0386,0.138984,0.00634218,0.501429,360,0,0.267278,1.92308,0.964286,42.1429
25,0.32483,0.0386,0.131693,0.00634218,0.475122,360,0,0.267278,2.02955,0.964286,42.1429
26,0.148613,0.0386,0.0212732,0.00634218,0.0767497,360,0,0.267278,12.564,0.964286,42.1429
27,0.364587,0.0386,0.0196659,0.00634218,0.0709508,360,0,0.267278,13.5909,0.964286,42.1429
28,0.207093,0.0386,0.0540749,0.00634218,0.195092,360,0,0.267278,4.94273,0.964286,42.1429
29,0.201838,0.0386,0.0738584,0.00634218,0.266467,360,0,0.267278,3.61879,0.964286,42.1429
30,0.577317,0.0386,0.0321502,0.00634218,0.115992,360,0,0.267278,8.3134,0.964286,42.1429
31,0.295445,0.0386,0.315894,0.00634218,1.13968,360,0,0.267278,0.8461,0.964286,42.1429
32,0.172148,0.0386,0.0320107,0.00634218,0.115489,360,0,0.267278,8.34962,0.964286,42.1429
33,0.387922,0.0386,0.0950972,0.00634218,0.343092,360,0,0.267278,2.81057,0.964286,42.1429
34,0.230396,0.0386,0.00282075,0.00634218,0.0101767,360,0,0.267278,94.7541,0.964286,42.1429
35,0.104077,0.0386,0.0275018,0.00634218,0.0992214,360,0,0.267278,9.71853,0.964286,42.1429
36,0.124812,0.0386,0.0603669,0.00634218,0.217792,360,0,0.267278,4.42755,0.964286,42.1429
37,0.341901,0.0386,0.0232316,0.00634218,0.0838151,360,0,0.267278,11.5049,0.964286,42.1429
38,0.280711,0.0386,0.00932408,0.00634218,0.0336395,360,0,0.267278,28.6653,0.964286,42.1429
39,0.287566,0.0386,0.00405075,0.00634218,0.0146143,360,0,0.267278,65.9822,0.964286,42.1429
40,0.119582,0.0386,0.00398053,0.00634218,0.014361,360,0,0.267278,67.1462,0.964286,42.1429
41,0.0467475,0.0386,0.0650295,0.00634218,0.234614,360,0,0.267278,4.11009,0.964286,42.1429
42,0.0658367,0.0386,0.00640509,0.00634218,0.0231083,360,0,0.267278,41.7289,0.964286,42.1429
43,0.0826467,0.0386,0.00346167,0.00634218,0.012489,360,0,0.267278,77.2106,0.964286,42.1429
44,0.147187,0.0386,0.0325844,0.00634218,0.117558,360,0,0.267278,8.20263,0.964286,42.1429
45,0.406716,0.0386,0.00852115,0.00634218,0.0307427,360,0,0.267278,31.3664,0.964286,42.1429
46,0.203754,0.0386,0.0998121,0.00634218,0.360103,360,0,0.267278,2.67781,0.964286,42.1429
47,0.780175,0.0386,0.0691933,0.00634218,0.249636,360,0,0.267278,3.86276,0.964286,42.1429
48,0.128608,0.0386,0.0455006,0.00634218,0.164158,360,0,0.267278,5.87415,0.964286,42.1429
49,0.443732,0.0386,0.113532,0.00634218,0.409602,360,0,0.267278,2.3542,0.964286,42.1429
50,0.266673,0.0386,0.0313147,0.00634218,0.112977,360,0,0.267278,8.53522,0.964286,42.1429
51,0.271874,0.0386,0.0989023,0.00634218,0.35682,360,0,0.267278,2.70244,0.964286,42.1429
52,0.256423,0.0386,0.0039922,0.00634218,0.0144031,360,0,0.267278,66.9499,0.964286,42.1429
53,0.268694,0.0386,0.0811358,0.00634218,0.292722,360,0,0.267278,3.2942,0.964286,42.1429
54,0.1464,0.0386,0.041808,0.00634218,0.150835,360,0,0.267278,6.39297,0.964286,42.1429
55,0.589636,0.0386,0.0324667,0.00634218,0.117134,360,0,0.267278,8.23235,0.964286,42.1429
56,0.284074,0.0386,0.0134625,0.00634218,0.0485701,360,0,0.267278,19.8535,0.964286,42.1429
57,0.34057,0.0386,0.0272083,0.00634218,0.0981624,360,0,0.267278,9.82337,0.964286,42.1429
58,0.127689,0.0386,0.0483706,0.00634218,0.174512,360,0,0.267278,5.52562,0.964286,42.1429
59,0.240913,0.0386,0.13323,0.00634218,0.480669,360,0,0.267278,2.00613,0.964286,42.1429
60,0.146979,0.0386,0.0293371,0.00634218,0.105842,360,0,0.267278,9.11058,0.964286,42.1429
61,0.170109,0.0386,0.0158112,0.00634218,0.0570436,360,0,0.267278,16.9043,0.964286,42.1429
62,0.45554,0.0386,0.064658,0.00634218,0.233274,360,0,0.267278,4.13371,0.964286,42.1429
63,0.22824,0.0386,0.00388465,0.00634218,0.0140151,360,0,0.267278,68.8035,0.964286,42.1429
64,0.221238,0.0386,0.105091,0.00634218,0.379147,360,0,0.267278,2.5433,0.964286,42.1429
65,0.316317,0.0386,0.432264,0.00634218,1.55953,360,0,0.267278,0.61832,0.964286,42.1429
66,0.561013,0.0386,0.104904,0.00634218,0.378475,360,0,0.267278,2.54782,0.964286,42.1429
67,0.0789047,0.0386,0.0322675,0.00634218,0.116415,360,0,0.267278,8.28317,0.964286,42.1429
68,0.377408,0.0386,0.00342632,0.00634218,0.0123615,360,0,0.267278,78.0071,0.964286,42.1429
69,0.318269,0.0386,0.0338174,0.00634218,0.122006,360,0,0.267278,7.90356,0.964286,42.1429
70,0.240752,0.0386,0.00754704,0.00634218,0.0272283,360,0,0.267278,35.4149,0.964286,42.1429
71,0.105243,0.0386,0.0262673,0.00634218,0.0947673,360,0,0.267278,10.1753,0.964286,42.1429
72,0.390605,0.0386,0.0557944,0.00634218,0.201295,360,0,0.267278,4.7904,0.964286,42.1429
73,0.262001,0.0386,0.124993,0.00634218,0.450951,360,0,0.267278,2.13834,0.964286,42.1429
74,0.481064,0.0386,0.0084653,0.00634218,0.0305412,360,0,0.267278,31.5733,0.964286,42.1429
75,0.554095,0.0386,0.0753022,0.00634218,0.271676,360,0,0.267278,3.5494,0.964286,42.1429
76,0.188824,0.0386,0.0354322,0.00634218,0.127832,360,0,0.267278,7.54335,0.964286,42.1429
77,0.294607,0.0386,0.013929,0.00634218,0.0502533,360,0,0.267278,19.1885,0.964286,42.1429
78,0.23817,0.0386,0.0347345,0.00634218,0.125316,360,0,0.267278,7.69486,0.964286,42.1429
79,0.0889015,0.0386,0.0433871,0.00634218,0.156532,360,0,0.267278,6.1603,0.964286,42.1429
80,0.153165,0.0386,0.0100777,0.00634218,0.0363586,360,0,0.267278,26.5216,0.964286,42.1429
81,0.265256,0.0386,0.0204728,0.00634218,0.0738619,360,0,0.267278,13.0553,0.964286,42.1429
82,0.14982,0.0386,0.0884457,0.00634218,0.319095,360,0,0.267278,3.02194,0.964286,42.1429
83,0.399726,0.0386,0.0199329,0.00634218,0.0719141,360,0,0.267278,13.4089,0.964286,42.1429
84,0.277049,0.0386,0.0764314,0.00634218,0.27575,360,0,0.267278,3.49696,0.964286,42.1429
85,0.272437,0.0386,0.0469414,0.00634218,0.169356,360,0,0.267278,5.69385,0.964286,42.1429
86,0.204103,0.0386,0.0034283,0.00634218,0.0123686,360,0,0.267278,77.9622,0.964286,42.1429
87,0.0720392,0.0386,0.04892,0.00634218,0.176494,360,0,0.267278,5.46356,0.964286,42.1429
88,0.57243,0.0386,0.0530647,0.00634218,0.191447,360,0,0.267278,5.03682,0.964286,42.1429
89,0.425971,0.0386,0.020415,0.00634218,0.0736534,360,0,0.267278,13.0922,0.964286,42.1429
90,0.249806,0.0386,0.0163836,0.00634218,0.059109,360,0,0.267278,16.3137,0.964286,42.1429
91,0.23208,0.0386,0.0237383,0.00634218,0.0856431,360,0,0.267278,11.2594,0.964286,42.1429
92,0.412702,0.0386,0.0138266,0.00634218,0.0498836,360,0,0.267278,19.3307,0.964286,42.1429
93,0.532234,0.0386,0.0276509,0.00634218,0.099759,360,0,0.267278,9.66615,0.964286,42.1429
94,0.143038,0.0386,0.0155035,0.00634218,0.0559335,360,0,0.267278,17.2399,0.964286,42.1429
95,0.523864,0.0386,0.0239127,0.00634218,0.0862722,360,0,0.267278,11.1772,0.964286,42.1429
96,0.181432,0.0386,0.0634177,0.00634218,0.228799,360,0,0.267278,4.21456,0.964286,42.1429
97,0.189638,0.0386,0.139005,0.00634218,0.501505,360,0,0.267278,1.92279,0.964286,42.1429
98,0.249546,0.0386,0.139091,0.00634218,0.501813,360,0,0.267278,1.9216,0.964286,42.1429
99,0.248923,0.0386,0.0114153,0.00634218,0.0411841,360,0,0.267278,23.414,0.964286,42.1429
100,0.402351,0.0386,0.00677138,0.00634218,0.0244298,360,0,0.267278,39.4716,0.964286,42.1429
101,0.125056,0.0386,0.095908,0.00634218,0.346018,360,0,0.267278,2.78681,0.964286,42.1429
102,0.143911,0.0386,0.0557473,0.00634218,0.201126,360,0,0.267278,4.79445,0.964286,42.1429
103,0.61156,0.0386,0.0443716,0.00634218,0.160084,360,0,0.267278,6.02362,0.964286,42.1429
104,0.205863,0.0386,0.0223562,0.00634218,0.0806569,360,0,0.267278,11.9554,0.964286,42.1429
105,0.454557,0.0386,0.00805495,0.00634218,0.0290607,360,0,0.267278,33.1818,0.964286,42.1429
106,0.339011,0.0386,0.0205143,0.00634218,0.0740118,360,0,0.267278,13.0288,0.964286,42.1429
107,0.0842154,0.0386,0.0776627,0.00634218,0.280192,360,0,0.267278,3.44152,0.964286,42.1429
108,0.219573,0.0386,0.0143734,0.00634218,0.0518565,360,0,0.267278,18.5953,0.964286,42.1429
109,0.191803,0.0386,0.193421,0.00634218,0.697827,360,0,0.267278,1.38184,0.964286,42.1429
110,0.0800339,0.0386,0.0167663,0.00634218,0.0604897,360,0,0.267278,15.9413,0.964286,42.1429
111,0.109924,0.0386,0.056405,0.00634218,0.203498,360,0,0.267278,4.73854,0.964286,42.1429
112,0.0937639,0.0386,0.111598,0.00634218,0.402624,360,0,0.267278,2.395,0.964286,42.1429
113,0.273869,0.0386,0.0458156,0.00634218,0.165294,360,0,0.267278,5.83376,0.964286,42.1429
114,0.364319,0.0386,0.0675121,0.00634218,0.243571,360,0,0.267278,3.95896,0.964286,42.1429
115,0.271579,0.0386,0.124695,0.00634218,0.449876,360,0,0.267278,2.14345,0.964286,42.1429
116,0.210797,0.0386,0.00806951,0.00634218,0.0291132,360,0,0.267278,33.1219,0.964286,42.1429
117,0.264657,0.0386,0.0305064,0.00634218,0.110061,360,0,0.267278,8.76135,0.964286,42.1429
118,0.445209,0.0386,0.0293542,0.00634218,0.105904,360,0,0.267278,9.10525,0.964286,42.1429
119,0.2976,0.0386,0.0994267,0.00634218,0.358712,360,0,0.267278,2.68819,0.964286,42.1429
120,0.145626,0.0386,0.00668384,0.00634218,0.024114,360,0,0.267278,39.9886,0.964286,42.1429
121,0.105505,0.0386,0.0196626,0.00634218,0.0709388,360,0,0.267278,13.5932,0.964286,42.1429
122,0.279429,0.0386,0.0193942,0.00634218,0.0699706,360,0,0.267278,13.7813,0.964286,42.1429
123,0.310458,0.0386,0.0582355,0.00634218,0.210102,360,0,0.267278,4.5896,0.964286,42.1429
124,0.161352,0.0386,0.0150425,0.00634218,0.0542706,360,0,0.267278,17.7681,0.964286,42.1429
125,0.330359,0.0386,0.0344143,0.00634218,0.12416,360,0,0.267278,7.76646,0.964286,42.1429
126,0.226522,0.0386,0.0452047,0.00634218,0.16309,360,0,0.267278,5.9126,0.964286,42.1429
127,0.276871,0.0386,0.00902142,0.00634218,0.0325475,360,0,0.267278,29.627,0.964286,42.1429
128,0.547431,0.0386,0.0102639,0.00634218,0.03703,360,0,0.267278,26.0406,0.964286,42.1429
129,0.362983,0.0386,0.0309574,0.00634218,0.111688,360,0,0.267278,8.63372,0.964286,42.1429
130,0.207421,0.0386,0.0414865,0.00634218,0.149675,360,0,0.267278,6.44251,0.964286,42.1429
131,0.263676,0.0386,0.0540552,0.00634218,0.195021,360,0,0.267278,4.94453,0.964286,42.1429
132,0.371586,0.0386,0.0413451,0.00634218,0.149165,360,0,0.267278,6.46456,0.964286,42.1429
133,0.199824,0.0386,0.0156036,0.00634218,0.0562948,360,0,0.267278,17.1292,0.964286,42.1429
134,0.153209,0.0386,0.0757859,0.00634218,0.273421,360,0,0.267278,3.52675,0.964286,42.1429
135,0.498872,0.0386,0.0667345,0.00634218,0.240765,360,0,0.267278,4.00509,0.964286,42.1429
136,0.189025,0.0386,0.00787496,0.00634218,0.0284113,360,0,0.267278,33.9402,0.964286,42.1429
137,0.400668,0.0386,0.0295136,0.00634218,0.106479,360,0,0.267278,9.05607,0.964286,42.1429
138,0.291341,0.0386,0.0242019,0.00634218,0.0873157,360,0,0.267278,11.0437,0.964286,42.1429
139,0.382181,0.0386,0.106418,0.00634218,0.383934,360,0,0.267278,2.51159,0.964286,42.1429
140,0.298432,0.0386,0.0295842,0.00634218,0.106734,360,0,0.267278,9.03446,0.964286,42.1429
141,0.220389,0.0386,0.0815056,0.00634218,0.294056,360,0,0.267278,3.27925,0.964286,42.1429
142,0.663919,0.0386,0.00529758,0.00634218,0.0191126,360,0,0.267278,50.4528,0.964286,42.1429
143,0.602411,0.0386,0.110695,0.00634218,0.399366,360,0,0.267278,2.41454,0.964286,42.1429
144,0.238801,0.0386,0.20662,0.00634218,0.745444,360,0,0.267278,1.29357,0.964286,42.1429
145,0.306018,0.0386,0.0209364,0.00634218,0.0755344,360,0,0.267278,12.7662,0.964286,42.1429
146,0.186635,0.0386,0.0867944,0.00634218,0.313137,360,0,0.267278,3.07943,0.964286,42.1429
147,0.13892,0.0386,0.0826097,0.00634218,0.29804,360,0,0.267278,3.23543,0.964286,42.1429
148,0.188438,0.0386,0.0297282,0.00634218,0.107254,360,0,0.267278,8.99069,0.964286,42.1429
149,0.104531,0.0386,0.0298544,0.00634218,0.107709,360,0,0.267278,8.9527,0.964286,42.1429
150,0.103611,0.0386,0.0196878,0.00634218,0.0710297,360,0,0.267278,13.5758,0.964286,42.1429
151,0.229352,0.0386,0.0297707,0.00634218,0.107407,360,0,0.267278,8.97786,0.964286,42.1429
152,0.45556,0.0386,0.364488,0.00634218,1.315,360,0,0.267278,0.733295,0.964286,42.1429
153,0.158135,0.0386,0.119826,0.00634218,0.43231,360,0,0.267278,2.23054,0.964286,42.1429
154,0.581668,0.0386,0.0285984,0.00634218,0.103178,360,0,0.267278,9.34589,0.964286,42.1429
155,0.231384,0.0386,0.072921,0.00634218,0.263085,360,0,0.267278,3.6653,0.964286,42.1429
156,0.292718,0.0386,0.0280804,0.00634218,0.101309,360,0,0.267278,9.51831,0.964286,42.1429
157,0.121224,0.0386,0.274904,0.00634218,0.991802,360,0,0.267278,0.972256,0.964286,42.1429
158,0.267242,0.0386,0.0278443,0.00634218,0.100457,360,0,0.267278,9.599,0.964286,42.1429
159,0.447794,0.0386,0.158297,0.00634218,0.571106,360,0,0.267278,1.68845,0.964286,42.1429
160,0.143836,0.0386,0.0119331,0.00634218,0.0430523,360,0,0.267278,22.398,0.964286,42.1429
161,0.166638,0.0386,0.174699,0.00634218,0.630279,360,0,0.267278,1.52994,0.964286,42.1429
162,0.0297782,0.0386,0.0557483,0.00634218,0.201129,360,0,0.267278,4.79436,0.964286,42.1429
163,0.106382,0.0386,0.345913,0.00634218,1.24799,360,0,0.267278,0.772672,0.964286,42.1429
164,0.346435,0.0386,0.0627331,0.00634218,0.226329,360,0,0.267278,4.26055,0.964286,42.1429
165,0.688111,0.0386,0.0631463,0.00634218,0.22782,360,0,0.267278,4.23267,0.964286,42.1429
166,0.843178,0.0386,0.0191634,0.00634218,0.069138,360,0,0.267278,13.9473,0.964286,42.1429
167,0.250988,0.0386,0.0276191,0.00634218,0.0996444,360,0,0.267278,9.67727,0.964286,42.1429
168,0.0639308,0.0386,0.0319559,0.00634218,0.115291,360,0,0.267278,8.36395,0.964286,42.1429
169,0.114405,0.0386,0.0140689,0.00634218,0.0507578,360,0,0.267278,18.9978,0.964286,42.1429
170,0.3357,0.0386,0.00905427,0.00634218,0.0326661,360,0,0.267278,29.5195,0.964286,42.1429
171,0.332719,0.0386,0.0444466,0.00634218,0.160355,360,0,0.267278,6.01345,0.964286,42.1429
172,0.20327,0.0386,0.0783439,0.00634218,0.28265,360,0,0.267278,3.41159,0.964286,42.1429
173,0.206791,0.0386,0.00435436,0.00634218,0.0157097,360,0,0.267278,61.3815,0.964286,42.1429
174,0.140981,0.0386,0.0447338,0.00634218,0.161391,360,0,0.267278,5.97485,0.964286,42.1429
175,0.148768,0.0386,0.237267,0.00634218,0.856014,360,0,0.267278,1.12648,0.964286,42.1429
176,0.177882,0.0386,0.0522166,0.00634218,0.188387,360,0,0.267278,5.11863,0.964286,42.1429
177,0.170609,0.0386,0.114839,0.00634218,0.414317,360,0,0.267278,2.32741,0.964286,42.1429
178,0.567238,0.0386,0.0181727,0.00634218,0.0655636,360,0,0.267278,14.7076,0.964286,42.1429
179,0.319176,0.0386,0.0354134,0.00634218,0.127765,360,0,0.267278,7.54735,0.964286,42.1429
180,0.0803821,0.0386,0.0351936,0.00634218,0.126972,360,0,0.267278,7.5945,0.964286,42.1429
181,0.232197,0.0386,0.45283,0.00634218,1.63372,360,0,0.267278,0.590238,0.964286,42.1429
182,0.573334,0.0386,0.109663,0.00634218,0.395643,360,0,0.267278,2.43726,0.964286,42.1429
183,0.450161,0.0386,0.0956326,0.00634218,0.345024,360,0,0.267278,2.79484,0.964286,42.1429
184,0.335042,0.0386,0.0784131,0.00634218,0.282899,360,0,0.267278,3.40858,0.964286,42.1429
185,0.854972,0.0386,0.0443181,0.00634218,0.159891,360,0,0.267278,6.03089,0.964286,42.1429
186,0.376434,0.0386,0.0718158,0.00634218,0.259098,360,0,0.267278,3.72171,0.964286,42.1429
187,0.465719,0.0386,0.0160548,0.00634218,0.0579226,360,0,0.267278,16.6478,0.964286,42.1429
188,0.265604,0.0386,0.0503802,0.00634218,0.181762,360,0,0.267278,5.30521,0.964286,42.1429
189,0.243451,0.0386,0.0026086,0.00634218,0.00941132,360,0,0.267278,102.46,0.964286,42.1429
190,0.367839,0.0386,0.0659547,0.00634218,0.237952,360,0,0.267278,4.05244,0.964286,42.1429
191,0.403001,0.0386,0.0466166,0.00634218,0.168184,360,0,0.267278,5.73353,0.964286,42.1429
192,0.304853,0.0386,0.0969135,0.00634218,0.349645,360,0,0.267278,2.7579,0.964286,42.1429
193,0.728234,0.0386,0.0837709,0.00634218,0.302229,360,0,0.267278,3.19058,0.964286,42.1429
194,0.202263,0.0386,0.0400734,0.00634218,0.144577,360,0,0.267278,6.6697,0.964286,42.1429
195,0.20559,0.0386,0.0259718,0.00634218,0.0937012,360,0,0.267278,10.2911,0.964286,42.1429
196,0.326664,0.0386,0.00766934,0.00634218,0.0276695,360,0,0.267278,34.8501,0.964286,42.1429
197,0.331103,0.0386,0.0490445,0.00634218,0.176943,360,0,0.267278,5.44969,0.964286,42.1429
198,0.549572,0.0386,0.0343386,0.00634218,0.123887,360,0,0.267278,7.78358,0.964286,42.1429
199,0.280716,0.0386,0.0897964,0.00634218,0.323968,360,0,0.267278,2.97648,0.964286,42.1429
200,0.344967,0.0386,0.0458282,0.00634218,0.165339,360,0,0.267278,5.83216,0.964286,42.1429
201,0.312879,0.0386,0.00776948,0.00634218,0.0280308,360,0,0.267278,34.4009,0.964286,42.1429
202,0.232646,0.0386,0.0624082,0.00634218,0.225157,360,0,0.267278,4.28273,0.964286,42.1429
203,0.255304,0.0386,0.11863,0.00634218,0.427995,360,0,0.267278,2.25303,0.964286,42.1429
204,0.0328768,0.0386,0.0137037,0.00634218,0.0494404,360,0,0.267278,19.504,0.964286,42.1429
205,0.318707,0.0386,0.0057174,0.00634218,0.0206273,360,0,0.267278,46.7481,0.964286,42.1429
206,0.228642,0.0386,0.0393143,0.00634218,0.141839,360,0,0.267278,6.79847,0.964286,42.1429
207,0.258689,0.0386,0.0204189,0.00634218,0.0736675,360,0,0.267278,13.0897,0.964286,42.1429
208,0.215174,0.0386,0.0220495,0.00634218,0.0795504,360,0,0.267278,12.1217,0.964286,42.1429
209,0.431897,0.0386,0.04497,0.00634218,0.162243,360,0,0.267278,5.94346,0.964286,42.1429
210,0.457066,0.0386,0.0258695,0.00634218,0.0933323,360,0,0.267278,10.3317,0.964286,42.1429
211,0.229257,0.0386,0.0776326,0.00634218,0.280083,360,0,0.267278,3.44285,0.964286,42.1429
212,0.292373,0.0386,0.01105,0.00634218,0.0398661,360,0,0.267278,24.1881,0.964286,42.1429
213,0.460712,0.0386,0.0179537,0.00634218,0.0647735,360,0,0.267278,14.887,0.964286,42.1429
214,0.457334,0.0386,0.0263219,0.00634218,0.0949645,360,0,0.267278,10.1542,0.964286,42.1429
215,0.303498,0.0386,0.0136544,0.00634218,0.0492624,360,0,0.267278,19.5745,0.964286,42.1429
216,0.393442,0.0386,0.00773789,0.00634218,0.0279168,360,0,0.267278,34.5414,0.964286,42.1429
217,0.0576579,0.0386,0.0116239,0.00634218,0.0419369,360,0,0.267278,22.9937,0.964286,42.1429
218,0.47738,0.0386,0.017884,0.00634218,0.0645218,360,0,0.267278,14.9451,0.964286,42.1429
219,0.310551,0.0386,0.115871,0.00634218,0.418041,360,0,0.267278,2.30668,0.964286,42.1429
220,0.119421,0.0386,0.0231882,0.00634218,0.0836585,360,0,0.267278,11.5265,0.964286,42.1429
221,0.161987,0.0386,0.00869947,0.00634218,0.031386,360,0,0.267278,30.7234,0.964286,42.1429
222,0.359652,0.0386,0.0490405,0.00634218,0.176929,360,0,0.267278,5.45014,0.964286,42.1429
223,0.0775457,0.0386,0.0174154,0.00634218,0.0628315,360,0,0.267278,15.3472,0.964286,42.1429
224,0.339547,0.0386,0.0312427,0.00634218,0.112718,360,0,0.267278,8.55488,0.964286,42.1429
225,0.358771,0.0386,0.0177749,0.00634218,0.0641285,360,0,0.267278,15.0368,0.964286,42.1429
226,0.241932,0.0386,0.0141731,0.00634218,0.0511339,360,0,0.267278,18.8581,0.964286,42.1429
227,0.47151,0.0386,0.0216068,0.00634218,0.0779532,360,0,0.267278,12.3701,0.964286,42.1429
228,0.126583,0.0386,0.106341,0.00634218,0.383658,360,0,0.267278,2.5134,0.964286,42.1429
229,0.105014,0.0386,0.0925171,0.00634218,0.333784,360,0,0.267278,2.88895,0.964286,42.1429
230,0.17078,0.0386,0.035251,0.00634218,0.127179,360,0,0.267278,7.58213,0.964286,42.1429
231,0.817377,0.0386,0.00438491,0.00634218,0.0158199,360,0,0.267278,60.954,0.964286,42.1429
232,0.317728,0.0386,0.19537,0.00634218,0.704859,360,0,0.267278,1.36805,0.964286,42.1429
233,0.158459,0.0386,0.0736961,0.00634218,0.265881,360,0,0.267278,3.62675,0.964286,42.1429
234,0.527919,0.0386,0.0136061,0.00634218,0.0490881,360,0,0.267278,19.644,0.964286,42.1429
235,0.282641,0.0386,0.00916845,0.00634218,0.033078,360,0,0.267278,29.1519,0.964286,42.1429
236,0.530282,0.0386,0.0211943,0.00634218,0.076465,360,0,0.267278,12.6108,0.964286,42.1429
237,0.245075,0.0386,0.0210145,0.00634218,0.0758161,360,0,0.267278,12.7187,0.964286,42.1429
238,0.191386,0.0386,0.00994184,0.00634218,0.0358682,360,0,0.267278,26.8841,0.964286,42.1429
239,0.242395,0.0386,0.0330688,0.00634218,0.119306,360,0,0.267278,8.08247,0.964286,42.1429
240,0.148487,0.0386,0.0156916,0.00634218,0.0566124,360,0,0.267278,17.0331,0.964286,42.1429
241,0.159199,0.0386,0.0581915,0.00634218,0.209944,360,0,0.267278,4.59307,0.964286,42.1429
242,0.41981,0.0386,0.0317394,0.00634218,0.114509,360,0,0.267278,8.42101,0.964286,42.1429
243,0.20901,0.0386,0.0243575,0.00634218,0.0878773,360,0,0.267278,10.9731,0.964286,42.1429
244,0.2891,0.0386,0.0147535,0.00634218,0.0532276,360,0,0.267278,18.1163,0.964286,42.1429
245,0.340452,0.0386,0.169083,0.00634218,0.610019,360,0,0.267278,1.58075,0.964286,42.1429
246,0.153585,0.0386,0.0440452,0.00634218,0.158907,360,0,0.267278,6.06826,0.964286,42.1429
247,0.249174,0.0386,0.0330184,0.00634218,0.119124,360,0,0.267278,8.0948,0.964286,42.1429
248,0.319256,0.0386,0.00692533,0.00634218,0.0249853,360,0,0.267278,38.5942,0.964286,42.1429
249,0.0794827,0.0386,0.00679008,0.00634218,0.0244973,360,0,0.267278,39.3629,0.964286,42.1429
250,0.143555,0.0386,0.00756299,0.00634218,0.0272858,360,0,0.267278,35.3402,0.964286,42.1429
251,0.187403,0.0386,0.0313023,0.00634218,0.112933,360,0,0.267278,8.53859,0.964286,42.1429
252,0.403404,0.0386,0.0506843,0.00634218,0.182859,360,0,0.267278,5.27338,0.964286,42.1429
253,0.338859,0.0386,0.00424796,0.00634218,0.0153258,360,0,0.267278,62.919,0.964286,42.1429
254,0.203846,0.0386,0.0193712,0.00634218,0.0698875,360,0,0.267278,13.7977,0.964286,42.1429
255,0.240102,0.0386,0.01177,0.00634218,0.0424639,360,0,0.267278,22.7084,0.964286,42.1429
256,0.554316,0.0386,0.0905704,0.00634218,0.326761,360,0,0.267278,2.95105,0.964286,42.1429
257,0.246816,0.0386,0.0166735,0.00634218,0.0601548,360,0,0.267278,16.0301,0.964286,42.1429
258,0.357579,0.0386,0.100391,0.00634218,0.362192,360,0,0.267278,2.66236,0.964286,42.1429
259,0.162609,0.0386,0.0495593,0.00634218,0.1788,360,0,0.267278,5.39309,0.964286,42.1429
260,0.113732,0.0386,0.0318366,0.00634218,0.11486,360,0,0.267278,8.39529,0.964286,42.1429
261,0.313861,0.0386,0.0221425,0.00634218,0.079886,360,0,0.267278,12.0708,0.964286,42.1429
262,0.370636,0.0386,0.0224313,0.00634218,0.0809277,360,0,0.267278,11.9154,0.964286,42.1429
263,0.161458,0.0386,0.00908524,0.00634218,0.0327778,360,0,0.267278,29.4189,0.964286,42.1429
264,0.0823616,0.0386,0.0196584,0.00634218,0.0709237,360,0,0.267278,13.5961,0.964286,42.1429
265,0.215536,0.0386,0.0543954,0.00634218,0.196248,360,0,0.267278,4.9136,0.964286,42.1429
266,0.36359,0.0386,0.0553584,0.00634218,0.199722,360,0,0.267278,4.82813,0.964286,42.1429
267,0.840594,0.0386,0.0137306,0.00634218,0.0495372,360,0,0.267278,19.4659,0.964286,42.1429
268,0.342928,0.0386,0.00341917,0.00634218,0.0123357,360,0,0.267278,78.1702,0.964286,42.1429
269,0.283048,0.0386,0.0470111,0.00634218,0.169607,360,0,0.267278,5.68542,0.964286,42.1429
270,0.295106,0.0386,0.0729832,0.00634218,0.263309,360,0,0.267278,3.66218,0.964286,42.1429
271,0.0606619,0.0386,0.0119603,0.00634218,0.0431505,360,0,0.267278,22.347,0.964286,42.1429
272,0.14284,0.0386,0.0246045,0.00634218,0.0887681,360,0,0.267278,10.863,0.964286,42.1429
273,0.655225,0.0386,0.0104719,0.00634218,0.0377806,360,0,0.267278,25.5233,0.964286,42.1429
274,0.0446625,0.0386,0.0547424,0.00634218,0.1975,360,0,0.267278,4.88246,0.964286,42.1429
275,0.280995,0.0386,0.0187454,0.00634218,0.0676298,360,0,0.267278,14.2583,0.964286,42.1429
276,0.195279,0.0386,0.0734517,0.00634218,0.264999,360,0,0.267278,3.63882,0.964286,42.1429
277,0.11888,0.0386,0.0569132,0.00634218,0.205332,360,0,0.267278,4.69623,0.964286,42.1429
278,0.173037,0.0386,0.00458835,0.00634218,0.0165539,360,0,0.267278,58.2514,0.964286,42.1429
279,0.305458,0.0386,0.0359294,0.00634218,0.129626,360,0,0.267278,7.43897,0.964286,42.1429
280,0.195704,0.0386,0.0140729,0.00634218,0.0507724,360,0,0.267278,18.9923,0.964286,42.1429
281,0.0795488,0.0386,0.0871822,0.00634218,0.314536,360,0,0.267278,3.06574,0.964286,42.1429
282,0.316113,0.0386,0.0464656,0.00634218,0.167639,360,0,0.267278,5.75216,0.964286,42.1429
283,0.278963,0.0386,0.00584101,0.00634218,0.0210732,360,0,0.267278,45.7588,0.964286,42.1429
284,0.177937,0.0386,0.0233915,0.00634218,0.0843921,360,0,0.267278,11.4263,0.964286,42.1429
285,0.157072,0.0386,0.0485475,0.00634218,0.17515,360,0,0.267278,5.50548,0.964286,42.1429
286,0.0989909,0.0386,0.044018,0.00634218,0.158808,360,0,0.267278,6.07201,0.964286,42.1429
287,0.199973,0.0386,0.0114003,0.00634218,0.04113,360,0,0.267278,23.4448,0.964286,42.1429
288,0.348362,0.0386,0.0166776,0.00634218,0.0601695,360,0,0.267278,16.0262,0.964286,42.1429
289,0.760592,0.0386,0.0340942,0.00634218,0.123005,360,0,0.267278,7.83938,0.964286,42.1429
290,0.29168,0.0386,0.0782808,0.00634218,0.282422,360,0,0.267278,3.41434,0.964286,42.1429
291,0.647087,0.0386,0.00290639,0.00634218,0.0104857,360,0,0.267278,91.9621,0.964286,42.1429
292,0.419238,0.0386,0.0409083,0.00634218,0.147589,360,0,0.267278,6.53358,0.964286,42.1429
293,0.18235,0.0386,0.00221855,0.00634218,0.00800411,360,0,0.267278,120.474,0.964286,42.1429
294,0.401067,0.0386,0.215944,0.00634218,0.779086,360,0,0.267278,1.23771,0.964286,42.1429
295,0.653099,0.0386,0.0388652,0.00634218,0.140218,360,0,0.267278,6.87705,0.964286,42.1429
296,0.154217,0.0386,0.0808606,0.00634218,0.291729,360,0,0.267278,3.30541,0.964286,42.1429
297,0.325532,0.0386,0.0429078,0.00634218,0.154803,360,0,0.267278,6.22912,0.964286,42.1429
298,0.093187,0.0386,0.00791737,0.00634218,0.0285643,360,0,0.267278,33.7584,0.964286,42.1429
299,0.0717964,0.0386,0.00729017,0.00634218,0.0263015,360,0,0.267278,36.6628,0.964286,42.1429
300,0.264849,0.0386,0.12316,0.00634218,0.444338,360,0,0.267278,2.17016,0.964286,42.1429
301,0.191473,0.0386,0.0316178,0.00634218,0.114071,360,0,0.267278,8.4534,0.964286,42.1429
302,0.395404,0.0386,0.0319041,0.00634218,0.115104,360,0,0.267278,8.37753,0.964286,42.1429
303,0.253947,0.0386,0.00753507,0.00634218,0.0271851,360,0,0.267278,35.4711,0.964286,42.1429
304,0.401558,0.0386,0.0208257,0.00634218,0.0751353,360,0,0.267278,12.834,0.964286,42.1429
305,0.0732657,0.0386,0.0116543,0.00634218,0.0420466,360,0,0.267278,22.9338,0.964286,42.1429
306,0.168293,0.0386,0.0805767,0.00634218,0.290705,360,0,0.267278,3.31706,0.964286,42.1429
307,0.319855,0.0386,0.0327952,0.00634218,0.118319,360,0,0.267278,8.1499,0.964286,42.1429
308,0.229759,0.0386,0.0176944,0.00634218,0.0638378,360,0,0.267278,15.1052,0.964286,42.1429
309,0.118224,0.0386,0.00825902,0.00634218,0.0297969,360,0,0.267278,32.3619,0.964286,42.1429
310,0.34248,0.0386,0.0522679,0.00634218,0.188572,360,0,0.267278,5.11361,0.964286,42.1429
311,0.307225,0.0386,0.143406,0.00634218,0.517382,360,0,0.267278,1.86378,0.964286,42.1429
312,0.473239,0.0386,0.174145,0.00634218,0.628282,360,0,0.267278,1.5348,0.964286,42.1429
313,0.203288,0.0386,0.0118697,0.00634218,0.0428234,360,0,0.267278,22.5177,0.964286,42.1429
314,0.338569,0.0386,0.0866413,0.00634218,0.312585,360,0,0.267278,3.08488,0.964286,42.1429
315,0.225509,0.0386,0.0185002,0.00634218,0.0667452,360,0,0.267278,14.4473,0.964286,42.1429
316,0.550436,0.0386,0.01036,0.00634218,0.0373769,360,0,0.267278,25.7989,0.964286,42.1429
317,0.346666,0.0386,0.0877231,0.00634218,0.316488,360,0,0.267278,3.04683,0.964286,42.1429
318,0.252549,0.0386,0.0108497,0.00634218,0.0391438,360,0,0.267278,24.6345,0.964286,42.1429
319,0.492594,0.0386,0.0138355,0.00634218,0.0499158,360,0,0.267278,19.3182,0.964286,42.1429
320,0.1152,0.0386,0.0682662,0.00634218,0.246291,360,0,0.267278,3.91523,0.964286,42.1429
321,0.304393,0.0386,0.0107959,0.00634218,0.0389497,360,0,0.267278,24.7572,0.964286,42.1429
322,0.0857779,0.0386,0.202332,0.00634218,0.729974,360,0,0.267278,1.32099,0.964286,42.1429
323,0.477775,0.0386,0.0287979,0.00634218,0.103897,360,0,0.267278,9.28113,0.964286,42.1429
324,0.529104,0.0386,0.0665085,0.00634218,0.23995,360,0,0.267278,4.0187,0.964286,42.1429
325,0.455368,0.0386,0.100158,0.00634218,0.361351,360,0,0.267278,2.66856,0.964286,42.1429
326,0.24081,0.0386,0.0157126,0.00634218,0.056688,360,0,0.267278,17.0104,0.964286,42.1429
327,0.140297,0.0386,0.0456155,0.00634218,0.164572,360,0,0.267278,5.85935,0.964286,42.1429
328,0.185622,0.0386,0.0208592,0.00634218,0.0752559,360,0,0.267278,12.8134,0.964286,42.1429
329,0.214159,0.0386,0.0852737,0.00634218,0.307651,360,0,0.267278,3.13435,0.964286,42.1429
330,0.257792,0.0386,0.0494437,0.00634218,0.178383,360,0,0.267278,5.4057,0.964286,42.1429
331,0.307526,0.0386,0.139792,0.00634218,0.504341,360,0,0.267278,1.91197,0.964286,42.1429
332,0.394618,0.0386,0.0135458,0.00634218,0.0488706,360,0,0.267278,19.7314,0.964286,42.1429
333,0.178159,0.0386,0.0359807,0.00634218,0.129811,360,0,0.267278,7.42836,0.964286,42.1429
334,0.152235,0.0386,0.118816,0.00634218,0.428666,360,0,0.267278,2.2495,0.964286,42.1429
335,0.334296,0.0386,0.0318813,0.00634218,0.115022,360,0,0.267278,8.38352,0.964286,42.1429
336,0.177926,0.0386,0.0528438,0.00634218,0.19065,360,0,0.267278,5.05788,0.964286,42.1429
337,0.166176,0.0386,0.0463677,0.00634218,0.167286,360,0,0.267278,5.7643,0.964286,42.1429
338,0.336864,0.0386,0.0574959,0.00634218,0.207434,360,0,0.267278,4.64863,0.964286,42.1429
339,0.145836,0.0386,0.015442,0.00634218,0.0557119,360,0,0.267278,17.3084,0.964286,42.1429
340,0.885269,0.0386,0.0419752,0.00634218,0.151439,360,0,0.267278,6.3675,0.964286,42.1429
341,0.2294,0.0386,0.0196138,0.00634218,0.0707628,360,0,0.267278,13.627,0.964286,42.1429
342,0.0783565,0.0386,0.0216846,0.00634218,0.0782337,360,0,0.267278,12.3257,0.964286,42.1429
343,0.426804,0.0386,0.0180561,0.00634218,0.0651428,360,0,0.267278,14.8026,0.964286,42.1429
344,0.375098,0.0386,0.0113018,0.00634218,0.0407746,360,0,0.267278,23.6492,0.964286,42.1429
345,0.065437,0.0386,0.0191497,0.00634218,0.0690885,360,0,0.267278,13.9573,0.964286,42.1429
346,0.473637,0.0386,0.0194419,0.00634218,0.0701427,360,0,0.267278,13.7475,0.964286,42.1429
347,0.145386,0.0386,0.0154848,0.00634218,0.0558662,360,0,0.267278,17.2606,0.964286,42.1429
348,0.310331,0.0386,0.0872086,0.00634218,0.314632,360,0,0.267278,3.06481,0.964286,42.1429
349,0.305733,0.0386,0.0308314,0.00634218,0.111234,360,0,0.267278,8.66901,0.964286,42.1429
350,0.342311,0.0386,0.0133546,0.00634218,0.0481809,360,0,0.267278,20.0139,0.964286,42.1429
351,0.121603,0.0386,0.00962561,0.00634218,0.0347273,360,0,0.267278,27.7673,0.964286,42.1429
352,0.202503,0.0386,0.0245178,0.00634218,0.0884555,360,0,0.267278,10.9014,0.964286,42.1429
353,0.205418,0.0386,0.0297091,0.00634218,0.107185,360,0,0.267278,8.99648,0.964286,42.1429
354,0.255064,0.0386,0.108101,0.00634218,0.390007,360,0,0.267278,2.47248,0.964286,42.1429
355,0.126524,0.0386,0.0205759,0.00634218,0.0742338,360,0,0.267278,12.9898,0.964286,42.1429
356,0.0458564,0.0386,0.0571839,0.00634218,0.206308,360,0,0.267278,4.674,0.964286,42.1429
357,0.314264,0.0386,0.0150082,0.00634218,0.0541465,360,0,0.267278,17.8088,0.964286,42.1429
358,0.257509,0.0386,0.0230281,0.00634218,0.0830809,360,0,0.267278,11.6066,0.964286,42.1429
359,0.455621,0.0386,0.999452,0.00634218,3.60583,360,0,0.267278,0.267424,0.964286,42.1429
360,0.26484,0.0386,0.0252739,0.00634218,0.0911833,360,0,0.267278,10.5752,0.964286,42.1429
361,0.128723,0.0386,0.166564,0.00634218,0.600932,360,0,0.267278,1.60465,0.964286,42.1429
362,0.0588415,0.0386,0.0294529,0.00634218,0.10626,360,0,0.267278,9.07475,0.964286,42.1429
363,0.180693,0.0386,0.0508373,0.00634218,0.183411,360,0,0.267278,5.25751,0.964286,42.1429
364,0.137047,0.0386,0.051881,0.00634218,0.187176,360,0,0.267278,5.15175,0.964286,42.1429
365,0.0706756,0.0386,0.00908212,0.00634218,0.0327665,360,0,0.267278,29.429,0.964286,42.1429
366,0.165617,0.0386,0.174826,0.00634218,0.630739,360,0,0.267278,1.52882,0.964286,42.1429
367,0.313361,0.0386,0.0544232,0.00634218,0.196348,360,0,0.267278,4.9111,0.964286,42.1429
368,0.169721,0.0386,0.0125007,0.00634218,0.0450999,360,0,0.267278,21.3811,0.964286,42.1429
369,0.120314,0.0386,0.00568965,0.00634218,0.0205272,360,0,0.267278,46.9761,0.964286,42.1429
370,0.144375,0.0386,0.028791,0.00634218,0.103872,360,0,0.267278,9.28338,0.964286,42.1429
371,0.178148,0.0386,0.0396334,0.00634218,0.14299,360,0,0.267278,6.74375,0.964286,42.1429
372,0.231509,0.0386,0.014679,0.00634218,0.0529589,360,0,0.267278,18.2082,0.964286,42.1429
373,0.0935288,0.0386,0.0547562,0.00634218,0.19755,360,0,0.267278,4.88123,0.964286,42.1429
374,0.355429,0.0386,0.17529,0.00634218,0.632414,360,0,0.267278,1.52477,0.964286,42.1429
375,0.257819,0.0386,0.0488118,0.00634218,0.176104,360,0,0.267278,5.47567,0.964286,42.1429
376,0.351861,0.0386,0.0539655,0.00634218,0.194697,360,0,0.267278,4.95275,0.964286,42.1429
377,0.351226,0.0386,0.0522516,0.00634218,0.188514,360,0,0.267278,5.1152,0.964286,42.1429
378,0.474899,0.0386,0.0780648,0.00634218,0.281643,360,0,0.267278,3.42379,0.964286,42.1429
379,0.0626734,0.0386,0.0611246,0.00634218,0.220526,360,0,0.267278,4.37266,0.964286,42.1429
380,0.19173,0.0386,0.00351087,0.00634218,0.0126665,360,0,0.267278,76.1286,0.964286,42.1429
381,0.172554,0.0386,0.0247332,0.00634218,0.0892324,360,0,0.267278,10.8064,0.964286,42.1429
382,0.257387,0.0386,0.0316583,0.00634218,0.114217,360,0,0.267278,8.44256,0.964286,42.1429
383,0.422561,0.0386,0.0282454,0.00634218,0.101904,360,0,0.267278,9.46269,0.964286,42.1429
384,0.078878,0.0386,0.00841978,0.00634218,0.0303769,360,0,0.267278,31.744,0.964286,42.1429
385,0.0836771,0.0386,0.029008,0.00634218,0.104655,360,0,0.267278,9.21391,0.964286,42.1429
386,0.212037,0.0386,0.113642,0.00634218,0.409998,360,0,0.267278,2.35193,0.964286,42.1429
387,0.0996885,0.0386,0.0716824,0.00634218,0.258616,360,0,0.267278,3.72864,0.964286,42.1429
388,0.0729151,0.0386,0.113693,0.00634218,0.410181,360,0,0.267278,2.35088,0.964286,42.1429
389,0.278525,0.0386,0.0133221,0.00634218,0.0480636,360,0,0.267278,20.0627,0.964286,42.1429
390,0.282252,0.0386,0.0454364,0.00634218,0.163926,360,0,0.267278,5.88246,0.964286,42.1429
391,0.0149725,0.0386,0.0225021,0.00634218,0.0811831,360,0,0.267278,11.8779,0.964286,42.1429
392,0.121176,0.0386,0.0230193,0.00634218,0.0830491,360,0,0.267278,11.611,0.964286,42.1429
393,0.210395,0.0386,0.0189562,0.00634218,0.0683904,360,0,0.267278,14.0997,0.964286,42.1429
394,0.468645,0.0386,0.0101962,0.00634218,0.0367857,360,0,0.267278,26.2136,0.964286,42.1429
395,0.208444,0.0386,0.031749,0.00634218,0.114544,360,0,0.267278,8.41846,0.964286,42.1429
396,0.340543,0.0386,0.0200264,0.00634218,0.0722514,360,0,0.267278,13.3463,0.964286,42.1429
397,0.762133,0.0386,0.0928642,0.00634218,0.335036,360,0,0.267278,2.87815,0.964286,42.1429
398,0.156393,0.0386,0.0962935,0.00634218,0.347408,360,0,0.267278,2.77565,0.964286,42.1429
399,0.422441,0.0386,0.155504,0.00634218,0.561029,360,0,0.267278,1.71878,0.964286,42.1429
400,0.189089,0.0386,0.0378107,0.00634218,0.136414,360,0,0.267278,7.06883,0.964286,42.1429
401,0.241785,0.0386,0.0254292,0.00634218,0.0917438,360,0,0.267278,10.5106,0.964286,42.1429
402,0.383293,0.0386,0.0158051,0.00634218,0.0570218,360,0,0.267278,16.9108,0.964286,42.1429
403,0.20858,0.0386,0.0122863,0.00634218,0.0443267,360,0,0.267278,21.7541,0.964286,42.1429
404,0.270204,0.0386,0.011327,0.00634218,0.0408656,360,0,0.267278,23.5965,0.964286,42.1429
405,0.0707588,0.0386,0.0344808,0.00634218,0.1244,360,0,0.267278,7.75149,0.964286,42.1429
406,0.260306,0.0386,0.00362543,0.00634218,0.0130799,360,0,0.267278,73.7229,0.964286,42.1429
407,0.285698,0.0386,0.00633205,0.00634218,0.0228448,360,0,0.267278,42.2103,0.964286,42.1429
408,0.138222,0.0386,0.0200655,0.00634218,0.0723926,360,0,0.267278,13.3202,0.964286,42.1429
409,0.392364,0.0386,0.0734615,0.00634218,0.265035,360,0,0.267278,3.63833,0.964286,42.1429
410,0.081389,0.0386,0.02721,0.00634218,0.0981685,360,0,0.267278,9.82276,0.964286,42.1429
411,0.0362324,0.0386,0.10104,0.00634218,0.364534,360,0,0.267278,2.64526,0.964286,42.1429
412,0.178915,0.0386,0.0799156,0.00634218,0.28832,360,0,0.267278,3.3445,0.964286,42.1429
413,0.182314,0.0386,0.145611,0.00634218,0.525336,360,0,0.267278,1.83556,0.964286,42.1429
414,0.404937,0.0386,0.0988162,0.00634218,0.35651,360,0,0.267278,2.70479,0.964286,42.1429
415,0.125201,0.0386,0.072766,0.00634218,0.262526,360,0,0.267278,3.67311,0.964286,42.1429
416,0.258128,0.0386,0.0242653,0.00634218,0.0875445,360,0,0.267278,11.0148,0.964286,42.1429
417,0.626553,0.0386,0.0231978,0.00634218,0.0836932,360,0,0.267278,11.5217,0.964286,42.1429
418,0.156536,0.0386,0.00692666,0.00634218,0.0249901,360,0,0.267278,38.5868,0.964286,42.1429
419,0.282017,0.0386,0.0219604,0.00634218,0.0792288,360,0,0.267278,12.1709,0.964286,42.1429
420,0.402072,0.0386,0.00913925,0.00634218,0.0329727,360,0,0.267278,29.245,0.964286,42.1429
421,0.164696,0.0386,0.0415399,0.00634218,0.149868,360,0,0.267278,6.43423,0.964286,42.1429
422,0.538755,0.0386,0.0048339,0.00634218,0.0174398,360,0,0.267278,55.2923,0.964286,42.1429
423,0.110784,0.0386,0.00541303,0.00634218,0.0195292,360,0,0.267278,49.3767,0.964286,42.1429
424,0.16657,0.0386,0.00648758,0.00634218,0.0234059,360,0,0.267278,41.1984,0.964286,42.1429
425,0.153561,0.0386,0.0119702,0.00634218,0.043186,360,0,0.267278,22.3286,0.964286,42.1429
426,0.467882,0.0386,0.0152118,0.00634218,0.0548811,360,0,0.267278,17.5705,0.964286,42.1429
427,0.042524,0.0386,0.0162522,0.00634218,0.0586347,360,0,0.267278,16.4456,0.964286,42.1429
428,0.268665,0.0386,0.0208284,0.00634218,0.0751449,360,0,0.267278,12.8324,0.964286,42.1429
429,0.264253,0.0386,0.0367755,0.00634218,0.132679,360,0,0.267278,7.26781,0.964286,42.1429
430,0.13138,0.0386,0.287745,0.00634218,1.03813,360,0,0.267278,0.92887,0.964286,42.1429
431,0.168548,0.0386,0.0324654,0.00634218,0.117129,360,0,0.267278,8.23268,0.964286,42.1429
432,0.149483,0.0386,0.0499836,0.00634218,0.180331,360,0,0.267278,5.3473,0.964286,42.1429
433,0.320467,0.0386,0.083776,0.00634218,0.302248,360,0,0.267278,3.19038,0.964286,42.1429
434,0.304826,0.0386,0.101996,0.00634218,0.36798,360,0,0.267278,2.62048,0.964286,42.1429
435,0.228329,0.0386,0.018696,0.00634218,0.0674516,360,0,0.267278,14.296,0.964286,42.1429
436,0.696045,0.0386,0.00794459,0.00634218,0.0286625,360,0,0.267278,33.6427,0.964286,42.1429
437,0.555221,0.0386,0.0746811,0.00634218,0.269435,360,0,0.267278,3.57892,0.964286,42.1429
438,0.149767,0.0386,0.00153834,0.00634218,0.00555004,360,0,0.267278,173.744,0.964286,42.1429
439,0.236377,0.0386,0.0386658,0.00634218,0.139499,360,0,0.267278,6.91251,0.964286,42.1429
440,0.505765,0.0386,0.0126481,0.00634218,0.0456319,360,0,0.267278,21.1318,0.964286,42.1429
441,0.0996899,0.0386,0.085743,0.00634218,0.309344,360,0,0.267278,3.1172,0.964286,42.1429
442,0.0503483,0.0386,0.0122072,0.00634218,0.0440412,360,0,0.267278,21.8951,0.964286,42.1429
443,0.0650345,0.0386,0.0878021,0.00634218,0.316773,360,0,0.267278,3.04409,0.964286,42.1429
444,0.0707344,0.0386,0.106863,0.00634218,0.38554,360,0,0.267278,2.50113,0.964286,42.1429
445,0.0967403,0.0386,0.0176832,0.00634218,0.0637977,360,0,0.267278,15.1148,0.964286,42.1429
446,0.273629,0.0386,0.0290327,0.00634218,0.104745,360,0,0.267278,9.20607,0.964286,42.1429
447,0.226707,0.0386,0.106804,0.00634218,0.38533,360,0,0.267278,2.50249,0.964286,42.1429
448,0.124323,0.0386,0.017822,0.00634218,0.0642982,360,0,0.267278,14.9971,0.964286,42.1429
449,0.398559,0.0386,0.0105611,0.00634218,0.0381025,360,0,0.267278,25.3077,0.964286,42.1429
450,0.197275,0.0386,0.0181364,0.00634218,0.0654325,360,0,0.267278,14.7371,0.964286,42.1429
451,0.298296,0.0386,0.010033,0.00634218,0.0361972,360,0,0.267278,26.6398,0.964286,42.1429
452,0.439791,0.0386,0.151408,0.00634218,0.546252,360,0,0.267278,1.76528,0.964286,42.1429
453,0.505064,0.0386,0.0112309,0.00634218,0.0405188,360,0,0.267278,23.7985,0.964286,42.1429
454,0.20797,0.0386,0.0754724,0.00634218,0.27229,360,0,0.267278,3.54139,0.964286,42.1429
455,0.0520355,0.0386,0.0117874,0.00634218,0.0425267,360,0,0.267278,22.6748,0.964286,42.1429
456,0.331292,0.0386,0.0289634,0.00634218,0.104494,360,0,0.267278,9.22811,0.964286,42.1429
457,0.125541,0.0386,0.0198317,0.00634218,0.0715489,360,0,0.267278,13.4773,0.964286,42.1429
458,0.333175,0.0386,0.0836656,0.00634218,0.301849,360,0,0.267278,3.19459,0.964286,42.1429
459,0.728028,0.0386,0.0172232,0.00634218,0.0621381,360,0,0.267278,15.5184,0.964286,42.1429
460,0.434697,0.0386,0.00436851,0.00634218,0.0157608,360,0,0.267278,61.1827,0.964286,42.1429
461,0.596426,0.0386,0.0387166,0.00634218,0.139682,360,0,0.267278,6.90343,0.964286,42.1429
462,0.150416,0.0386,0.0143421,0.00634218,0.0517435,360,0,0.267278,18.6359,0.964286,42.1429
463,0.400492,0.0386,0.00423373,0.00634218,0.0152745,360,0,0.267278,63.1305,0.964286,42.1429
464,0.274302,0.0386,0.0321992,0.00634218,0.116169,360,0,0.267278,8.30074,0.964286,42.1429
465,0.0911277,0.0386,0.0507301,0.00634218,0.183025,360,0,0.267278,5.26861,0.964286,42.1429
466,0.088176,0.0386,0.116845,0.00634218,0.421556,360,0,0.267278,2.28744,0.964286,42.1429
467,0.181118,0.0386,0.00925181,0.00634218,0.0333787,360,0,0.267278,28.8892,0.964286,42.1429
468,0.265911,0.0386,0.0498495,0.00634218,0.179847,360,0,0.267278,5.36169,0.964286,42.1429
469,0.568217,0.0386,0.0351365,0.00634218,0.126766,360,0,0.267278,7.60682,0.964286,42.1429
470,0.642035,0.0386,0.0225698,0.00634218,0.0814275,360,0,0.267278,11.8423,0.964286,42.1429
471,0.506781,0.0386,0.0229227,0.00634218,0.0827006,360,0,0.267278,11.66,0.964286,42.1429
472,0.354842,0.0386,0.106532,0.00634218,0.384348,360,0,0.267278,2.50889,0.964286,42.1429
473,0.0821188,0.0386,0.451783,0.00634218,1.62994,360,0,0.267278,0.591606,0.964286,42.1429
474,0.231697,0.0386,0.0585808,0.00634218,0.211348,360,0,0.267278,4.56254,0.964286,42.1429
475,0.494843,0.0386,0.1045,0.00634218,0.377016,360,0,0.267278,2.55768,0.964286,42.1429
476,0.198177,0.0386,0.0498226,0.00634218,0.17975,360,0,0.267278,5.36458,0.964286,42.1429
477,0.0896194,0.0386,0.182182,0.00634218,0.657278,360,0,0.267278,1.46709,0.964286,42.1429
478,0.545987,0.0386,0.0269108,0.00634218,0.0970889,360,0,0.267278,9.93199,0.964286,42.1429
479,0.0438369,0.0386,0.0132256,0.00634218,0.0477156,360,0,0.267278,20.209,0.964286,42.1429
480,0.157656,0.0386,0.00861707,0.00634218,0.0310887,360,0,0.267278,31.0172,0.964286,42.1429
481,0.3127,0.0386,0.0105254,0.00634218,0.0379737,360,0,0.267278,25.3935,0.964286,42.1429
482,0.248797,0.0386,0.0126344,0.00634218,0.0455825,360,0,0.267278,21.1547,0.964286,42.1429
483,0.109753,0.0386,0.015345,0.00634218,0.0553617,360,0,0.267278,17.4179,0.964286,42.1429
484,0.0611946,0.0386,0.0112009,0.00634218,0.0404106,360,0,0.267278,23.8622,0.964286,42.1429
485,0.583879,0.0386,0.0170278,0.00634218,0.0614331,360,0,0.267278,15.6965,0.964286,42.1429
486,0.26308,0.0386,0.0912215,0.00634218,0.32911,360,0,0.267278,2.92998,0.964286,42.1429
487,0.279504,0.0386,0.008864,0.00634218,0.0319796,360,0,0.267278,30.1532,0.964286,42.1429
488,0.417691,0.0386,0.0900327,0.00634218,0.32482,360,0,0.267278,2.96867,0.964286,42.1429
489,0.162909,0.0386,0.00790323,0.00634218,0.0285133,360,0,0.267278,33.8188,0.964286,42.1429
490,0.469269,0.0386,0.00371366,0.00634218,0.0133982,360,0,0.267278,71.9715,0.964286,42.1429
491,0.124272,0.0386,0.0572452,0.00634218,0.20653,360,0,0.267278,4.66899,0.964286,42.1429
492,0.399862,0.0386,0.113407,0.00634218,0.40915,360,0,0.267278,2.3568,0.964286,42.1429
493,0.36902,0.0386,0.0135535,0.00634218,0.0488985,360,0,0.267278,19.7202,0.964286,42.1429
494,0.0693222,0.0386,0.0631839,0.00634218,0.227955,360,0,0.267278,4.23015,0.964286,42.1429
495,0.363489,0.0386,0.113707,0.00634218,0.410234,360,0,0.267278,2.35057,0.964286,42.1429
496,0.382615,0.0386,0.0185579,0.00634218,0.0669533,360,0,0.267278,14.4024,0.964286,42.1429
497,0.20735,0.0386,0.143758,0.00634218,0.51865,360,0,0.267278,1.85922,0.964286,42.1429
498,0.314122,0.0386,0.0130215,0.00634218,0.0469789,360,0,0.267278,20.5259,0.964286,42.1429
499,0.462736,0.0386,0.0139192,0.00634218,0.0502178,360,0,0.267278,19.2021,0.964286,42.1429
