PID,i_lum_F1_indiv,i_lum_k12(KA),i_lum_k23(Q/V),i_lum_k32(Q/VP),i_lum_k20(CL/V),total_mg_dose_per_occassion,DS,Q,V,CL,VP
0,0.569895,0.0386,0.0854214,0.00558183,0.350164,480,0,0.392057,4.58968,1.60714,70.2381
1,0.157135,0.0386,0.0352636,0.00558183,0.144555,480,0,0.392057,11.1179,1.60714,70.2381
2,0.286512,0.0386,0.00509475,0.00558183,0.0208847,480,0,0.392057,76.953,1.60714,70.2381
3,0.308358,0.0386,0.0382226,0.00558183,0.156684,480,0,0.392057,10.2572,1.60714,70.2381
4,0.322278,0.0386,0.0125023,0.00558183,0.0512503,480,0,0.392057,31.3587,1.60714,70.2381
5,0.365036,0.0386,0.00588474,0.00558183,0.0241231,480,0,0.392057,66.6226,1.60714,70.2381
6,0.304952,0.0386,0.0271069,0.00558183,0.111118,480,0,0.392057,14.4633,1.60714,70.2381
7,0.124164,0.0386,0.0447391,0.00558183,0.183397,480,0,0.392057,8.76319,1.60714,70.2381
8,0.307761,0.0386,0.0542118,0.00558183,0.222228,480,0,0.392057,7.23194,1.60714,70.2381
9,0.060135,0.0386,0.115484,0.00558183,0.4734,480,0,0.392057,3.39489,1.60714,70.2381
10,0.284323,0.0386,0.0287283,0.00558183,0.117765,480,0,0.392057,13.647,1.60714,70.2381
11,0.0973983,0.0386,0.0582953,0.00558183,0.238967,480,0,0.392057,6.72536,1.60714,70.2381
12,0.182253,0.0386,0.0174302,0.00558183,0.0714508,480,0,0.392057,22.493,1.60714,70.2381
13,0.214902,0.0386,0.0225092,0.00558183,0.0922709,480,0,0.392057,17.4177,1.60714,70.2381
14,0.182134,0.0386,0.00288688,0.00558183,0.0118341,480,0,0.392057,135.806,1.60714,70.2381
15,0.331661,0.0386,0.0275303,0.00558183,0.112854,480,0,0.392057,14.2409,1.60714,70.2381
16,0.16678,0.0386,0.312511,0.00558183,1.28106,480,0,0.392057,1.25454,1.60714,70.2381
17,0.428646,0.0386,0.0379499,0.00558183,0.155566,480,0,0.392057,10.3309,1.60714,70.2381
18,0.209136,0.0386,0.0353418,0.00558183,0.144875,480,0,0.392057,11.0933,1.60714,70.2381
19,0.232455,0.0386,0.107018,0.00558183,0.438696,480,0,0.392057,3.66346,1.60714,70.2381
20,0.384103,0.0386,0.0654186,0.00558183,0.268168,480,0,0.392057,5.99304,1.60714,70.2381
21,0.23377,0.0386,0.215318,0.00558183,0.882646,480,0,0.392057,1.82082,1.60714,70.2381
22,0.57246,0.0386,0.00898849,0.00558183,0.0368462,480,0,0.392057,43.6177,1.60714,70.2381
23,0.122342,0.0386,0.0351871,0.00558183,0.144241,480,0,0.392057,11.1421,1.60714,70.2381
24,0.385449,0.0386,0.0717552,0.00558183,0.294143,480,0,0.392057,5.46381,1.60714,70.2381
25,0.351811,0.0386,0.0128752,0.00558183,0.0527787,480,0,0.392057,30.4506,1.60714,70.2381
26,0.237432,0.0386,0.0411367,0.00558183,0.16863,480,0,0.392057,9.5306,1.60714,70.2381
27,0.241713,0.0386,0.00540369,0.00558183,0.0221511,480,0,0.392057,72.5535,1.60714,70.2381
28,0.318883,0.0386,0.0578758,0.00558183,0.237248,480,0,0.392057,6.7741,1.60714,70.2381
29,0.185679,0.0386,0.0112537,0.00558183,0.0461317,480,0,0.392057,34.8381,1.60714,70.2381
30,0.657575,0.0386,0.0517931,0.00558183,0.212314,480,0,0.392057,7.56966,1.60714,70.2381
31,0.514912,0.0386,0.0136823,0.00558183,0.0560872,480,0,0.392057,28.6544,1.60714,70.2381
32,0.0374597,0.0386,0.0929837,0.00558183,0.381164,480,0,0.392057,4.2164,1.60714,70.2381
33,0.425157,0.0386,0.0467733,0.00558183,0.191736,480,0,0.392057,8.38206,1.60714,70.2381
34,0.461372,0.0386,0.0289565,0.00558183,0.1187,480,0,0.392057,13.5395,1.60714,70.2381
35,0.239994,0.0386,0.442,0.00558183,1.81187,480,0,0.392057,0.887007,1.60714,70.2381
36,0.190617,0.0386,0.0224865,0.00558183,0.0921779,480,0,0.392057,17.4352,1.60714,70.2381
37,0.0782475,0.0386,0.0133296,0.00558183,0.0546416,480,0,0.392057,29.4124,1.60714,70.2381
38,0.3392,0.0386,0.0579653,0.00558183,0.237615,480,0,0.392057,6.76365,1.60714,70.2381
39,0.473715,0.0386,0.0781217,0.00558183,0.320241,480,0,0.392057,5.01854,1.60714,70.2381
40,0.325198,0.0386,0.00378148,0.00558183,0.0155013,480,0,0.392057,103.678,1.60714,70.2381
41,0.171942,0.0386,0.0123073,0.00558183,0.0504509,480,0,0.392057,31.8556,1.60714,70.2381
42,0.261066,0.0386,0.0302098,0.00558183,0.123838,480,0,0.392057,12.9778,1.60714,70.2381
43,0.145669,0.0386,0.0140999,0.00558183,0.057799,480,0,0.392057,27.8057,1.60714,70.2381
44,0.312315,0.0386,0.0137632,0.00558183,0.0564191,480,0,0.392057,28.4858,1.60714,70.2381
45,0.115701,0.0386,0.360849,0.00558183,1.47921,480,0,0.392057,1.08648,1.60714,70.2381
46,0.723603,0.0386,0.403599,0.00558183,1.65446,480,0,0.392057,0.971401,1.60714,70.2381
47,0.285937,0.0386,0.0160828,0.00558183,0.0659275,480,0,0.392057,24.3774,1.60714,70.2381
48,0.341674,0.0386,0.0141456,0.00558183,0.0579864,480,0,0.392057,27.7158,1.60714,70.2381
49,0.576454,0.0386,0.0287399,0.00558183,0.117813,480,0,0.392057,13.6415,1.60714,70.2381
50,0.135152,0.0386,0.175517,0.00558183,0.719489,480,0,0.392057,2.23373,1.60714,70.2381
51,0.0981193,0.0386,0.030107,0.00558183,0.123417,480,0,0.392057,13.0221,1.60714,70.2381
52,0.450802,0.0386,0.0867757,0.00558183,0.355716,480,0,0.392057,4.51805,1.60714,70.2381
53,0.400727,0.0386,0.0372215,0.00558183,0.152581,480,0,0.392057,10.5331,1.60714,70.2381
54,0.158663,0.0386,0.0504522,0.00558183,0.206817,480,0,0.392057,7.77085,1.60714,70.2381
55,0.562234,0.0386,0.0358055,0.00558183,0.146776,480,0,0.392057,10.9496,1.60714,70.2381
56,0.197098,0.0386,0.0110566,0.00558183,0.0453237,480,0,0.392057,35.4592,1.60714,70.2381
57,0.252469,0.0386,0.0152042,0.00558183,0.062326,480,0,0.392057,25.7861,1.60714,70.2381
58,0.43967,0.0386,0.0073839,0.00558183,0.0302685,480,0,0.392057,53.0961,1.60714,70.2381
59,0.210962,0.0386,0.00457184,0.00558183,0.0187412,480,0,0.392057,85.7546,1.60714,70.2381
60,0.636486,0.0386,0.473126,0.00558183,1.93947,480,0,0.392057,0.828652,1.60714,70.2381
61,0.10053,0.0386,0.0125767,0.00558183,0.051555,480,0,0.392057,31.1733,1.60714,70.2381
62,0.315191,0.0386,0.014698,0.00558183,0.060251,480,0,0.392057,26.6741,1.60714,70.2381
63,0.573951,0.0386,0.047403,0.00558183,0.194317,480,0,0.392057,8.27072,1.60714,70.2381
64,0.355923,0.0386,0.0410814,0.00558183,0.168403,480,0,0.392057,9.54342,1.60714,70.2381
65,0.7034,0.0386,0.00877352,0.00558183,0.035965,480,0,0.392057,44.6864,1.60714,70.2381
66,0.0737931,0.0386,0.0686758,0.00558183,0.28152,480,0,0.392057,5.7088,1.60714,70.2381
67,0.527591,0.0386,0.0902906,0.00558183,0.370125,480,0,0.392057,4.34217,1.60714,70.2381
68,0.198247,0.0386,0.0117934,0.00558183,0.0483443,480,0,0.392057,33.2437,1.60714,70.2381
69,0.162083,0.0386,0.0343546,0.00558183,0.140829,480,0,0.392057,11.4121,1.60714,70.2381
70,0.146004,0.0386,0.0150311,0.00558183,0.0616166,480,0,0.392057,26.083,1.60714,70.2381
71,0.167074,0.0386,0.00543099,0.00558183,0.022263,480,0,0.392057,72.1888,1.60714,70.2381
72,0.230055,0.0386,0.0180577,0.00558183,0.0740234,480,0,0.392057,21.7113,1.60714,70.2381
73,0.307658,0.0386,0.0063945,0.00558183,0.0262127,480,0,0.392057,61.3116,1.60714,70.2381
74,0.266887,0.0386,0.0221588,0.00558183,0.0908348,480,0,0.392057,17.693,1.60714,70.2381
75,0.146631,0.0386,0.00577699,0.00558183,0.0236814,480,0,0.392057,67.8653,1.60714,70.2381
76,0.0950037,0.0386,0.0289649,0.00558183,0.118735,480,0,0.392057,13.5356,1.60714,70.2381
77,0.0514104,0.0386,0.103899,0.00558183,0.42591,480,0,0.392057,3.77343,1.60714,70.2381
78,0.486785,0.0386,0.0222028,0.00558183,0.0910152,480,0,0.392057,17.658,1.60714,70.2381
79,0.214574,0.0386,0.0395397,0.00558183,0.162084,480,0,0.392057,9.91552,1.60714,70.2381
80,0.321667,0.0386,0.00726544,0.00558183,0.0297829,480,0,0.392057,53.9619,1.60714,70.2381
81,0.463212,0.0386,0.202533,0.00558183,0.830234,480,0,0.392057,1.93577,1.60714,70.2381
82,0.603562,0.0386,0.0605197,0.00558183,0.248086,480,0,0.392057,6.47817,1.60714,70.2381
83,0.402535,0.0386,0.0177298,0.00558183,0.0726789,480,0,0.392057,22.1129,1.60714,70.2381
84,0.14866,0.0386,0.0469429,0.00558183,0.192431,480,0,0.392057,8.35177,1.60714,70.2381
85,0.288733,0.0386,0.0331544,0.00558183,0.135908,480,0,0.392057,11.8252,1.60714,70.2381
86,0.457159,0.0386,0.0372873,0.00558183,0.15285,480,0,0.392057,10.5145,1.60714,70.2381
87,0.0717314,0.0386,0.0160347,0.00558183,0.0657305,480,0,0.392057,24.4505,1.60714,70.2381
88,0.244707,0.0386,0.00399349,0.00558183,0.0163703,480,0,0.392057,98.174,1.60714,70.2381
89,0.28449,0.0386,0.0447686,0.00558183,0.183518,480,0,0.392057,8.75741,1.60714,70.2381
90,0.142656,0.0386,0.0487776,0.00558183,0.199952,480,0,0.392057,8.03764,1.60714,70.2381
91,0.221393,0.0386,0.0520315,0.00558183,0.213291,480,0,0.392057,7.53499,1.60714,70.2381
92,0.75706,0.0386,0.130913,0.00558183,0.536648,480,0,0.392057,2.99478,1.60714,70.2381
93,0.431914,0.0386,0.00871947,0.00558183,0.0357434,480,0,0.392057,44.9634,1.60714,70.2381
94,0.435837,0.0386,0.023367,0.00558183,0.0957874,480,0,0.392057,16.7782,1.60714,70.2381
95,0.431565,0.0386,0.0838544,0.00558183,0.343741,480,0,0.392057,4.67545,1.60714,70.2381
96,0.471062,0.0386,0.00602764,0.00558183,0.0247088,480,0,0.392057,65.0432,1.60714,70.2381
97,0.501308,0.0386,0.0389638,0.00558183,0.159723,480,0,0.392057,10.0621,1.60714,70.2381
98,0.0799466,0.0386,0.00389661,0.00558183,0.0159732,480,0,0.392057,100.615,1.60714,70.2381
99,0.777595,0.0386,0.0555793,0.00558183,0.227834,480,0,0.392057,7.05401,1.60714,70.2381
100,0.195577,0.0386,0.0173505,0.00558183,0.0711241,480,0,0.392057,22.5963,1.60714,70.2381
101,0.230596,0.0386,0.0226509,0.00558183,0.092852,480,0,0.392057,17.3087,1.60714,70.2381
102,0.353835,0.0386,0.00853485,0.00558183,0.0349866,480,0,0.392057,45.936,1.60714,70.2381
103,0.18347,0.0386,0.0100084,0.00558183,0.041027,480,0,0.392057,39.1728,1.60714,70.2381
104,0.454398,0.0386,0.0911193,0.00558183,0.373522,480,0,0.392057,4.30267,1.60714,70.2381
105,0.401471,0.0386,0.059127,0.00558183,0.242377,480,0,0.392057,6.63075,1.60714,70.2381
106,0.297451,0.0386,0.0993839,0.00558183,0.407401,480,0,0.392057,3.94487,1.60714,70.2381
107,0.180497,0.0386,0.00879769,0.00558183,0.036064,480,0,0.392057,44.5636,1.60714,70.2381
108,0.475833,0.0386,0.000819296,0.00558183,0.00335851,480,0,0.392057,478.529,1.60714,70.2381
109,0.226401,0.0386,0.0262409,0.00558183,0.107568,480,0,0.392057,14.9407,1.60714,70.2381
110,0.3713,0.0386,0.0797538,0.00558183,0.326931,480,0,0.392057,4.91584,1.60714,70.2381
111,0.245982,0.0386,0.0295377,0.00558183,0.121083,480,0,0.392057,13.2731,1.60714,70.2381
112,0.163428,0.0386,0.030152,0.00558183,0.123601,480,0,0.392057,13.0027,1.60714,70.2381
113,0.529724,0.0386,0.0134738,0.00558183,0.0552326,480,0,0.392057,29.0977,1.60714,70.2381
114,0.353863,0.0386,0.0712036,0.00558183,0.291882,480,0,0.392057,5.50614,1.60714,70.2381
115,0.228484,0.0386,0.0368672,0.00558183,0.151128,480,0,0.392057,10.6343,1.60714,70.2381
116,0.359741,0.0386,0.0781421,0.00558183,0.320325,480,0,0.392057,5.01723,1.60714,70.2381
117,0.275856,0.0386,0.0426805,0.00558183,0.174958,480,0,0.392057,9.18586,1.60714,70.2381
118,0.203087,0.0386,0.0863604,0.00558183,0.354014,480,0,0.392057,4.53977,1.60714,70.2381
119,0.252542,0.0386,0.00719083,0.00558183,0.0294771,480,0,0.392057,54.5217,1.60714,70.2381
120,0.0681495,0.0386,0.0287114,0.00558183,0.117696,480,0,0.392057,13.6551,1.60714,70.2381
121,0.473016,0.0386,0.0174258,0.00558183,0.0714327,480,0,0.392057,22.4987,1.60714,70.2381
122,0.516928,0.0386,0.198776,0.00558183,0.814834,480,0,0.392057,1.97235,1.60714,70.2381
123,0.216652,0.0386,0.0106927,0.00558183,0.0438322,480,0,0.392057,36.6658,1.60714,70.2381
124,0.0539278,0.0386,0.0134836,0.00558183,0.0552728,480,0,0.392057,29.0766,1.60714,70.2381
125,0.149196,0.0386,0.116957,0.00558183,0.479435,480,0,0.392057,3.35216,1.60714,70.2381
126,0.504052,0.0386,0.149294,0.00558183,0.611996,480,0,0.392057,2.62607,1.60714,70.2381
127,0.225481,0.0386,0.0108338,0.00558183,0.0444106,480,0,0.392057,36.1883,1.60714,70.2381
128,0.458625,0.0386,0.0788216,0.00558183,0.32311,480,0,0.392057,4.97398,1.60714,70.2381
129,0.224607,0.0386,0.00146405,0.00558183,0.00600153,480,0,0.392057,267.789,1.60714,70.2381
130,0.0529587,0.0386,0.00836801,0.00558183,0.0343026,480,0,0.392057,46.8519,1.60714,70.2381
131,0.181132,0.0386,0.0108351,0.00558183,0.0444159,480,0,0.392057,36.184,1.60714,70.2381
132,0.270414,0.0386,0.0149976,0.00558183,0.0614789,480,0,0.392057,26.1414,1.60714,70.2381
133,0.317391,0.0386,0.0559261,0.00558183,0.229255,480,0,0.392057,7.01027,1.60714,70.2381
134,0.0477924,0.0386,0.0107003,0.00558183,0.0438633,480,0,0.392057,36.6398,1.60714,70.2381
135,0.419217,0.0386,0.0657507,0.00558183,0.269529,480,0,0.392057,5.96278,1.60714,70.2381
136,0.633251,0.0386,0.0206264,0.00558183,0.0845528,480,0,0.392057,19.0076,1.60714,70.2381
137,0.0558337,0.0386,0.0306527,0.00558183,0.125654,480,0,0.392057,12.7903,1.60714,70.2381
138,0.241706,0.0386,0.0225726,0.00558183,0.092531,480,0,0.392057,17.3687,1.60714,70.2381
139,0.374728,0.0386,0.00234164,0.00558183,0.00959899,480,0,0.392057,167.428,1.60714,70.2381
140,0.570893,0.0386,0.0153896,0.00558183,0.0630859,480,0,0.392057,25.4755,1.60714,70.2381
141,0.13126,0.0386,0.0234031,0.00558183,0.0959356,480,0,0.392057,16.7523,1.60714,70.2381
142,0.497657,0.0386,0.0361499,0.00558183,0.148188,480,0,0.392057,10.8453,1.60714,70.2381
143,0.0857714,0.0386,0.0291951,0.00558183,0.119678,480,0,0.392057,13.4289,1.60714,70.2381
144,0.282405,0.0386,0.0203267,0.00558183,0.0833246,480,0,0.392057,19.2877,1.60714,70.2381
145,0.202199,0.0386,0.0270453,0.00558183,0.110866,480,0,0.392057,14.4963,1.60714,70.2381
146,0.289,0.0386,0.373468,0.00558183,1.53094,480,0,0.392057,1.04977,1.60714,70.2381
147,0.181701,0.0386,0.0124325,0.00558183,0.0509642,480,0,0.392057,31.5347,1.60714,70.2381
148,0.407764,0.0386,0.0544696,0.00558183,0.223285,480,0,0.392057,7.19772,1.60714,70.2381
149,0.184222,0.0386,0.0815383,0.00558183,0.334247,480,0,0.392057,4.80825,1.60714,70.2381
150,0.188843,0.0386,0.0598033,0.00558183,0.245149,480,0,0.392057,6.55578,1.60714,70.2381
151,0.374079,0.0386,0.0403241,0.00558183,0.165299,480,0,0.392057,9.72264,1.60714,70.2381
152,0.292653,0.0386,0.137519,0.00558183,0.563724,480,0,0.392057,2.85094,1.60714,70.2381
153,0.387852,0.0386,0.0744073,0.00558183,0.305015,480,0,0.392057,5.26906,1.60714,70.2381
154,0.0888825,0.0386,0.0661644,0.00558183,0.271225,480,0,0.392057,5.9255,1.60714,70.2381
155,0.116468,0.0386,0.125192,0.00558183,0.513196,480,0,0.392057,3.13163,1.60714,70.2381
156,0.143426,0.0386,0.0826276,0.00558183,0.338712,480,0,0.392057,4.74487,1.60714,70.2381
157,0.581033,0.0386,0.0339524,0.00558183,0.13918,480,0,0.392057,11.5472,1.60714,70.2381
158,0.542201,0.0386,0.0116306,0.00558183,0.0476767,480,0,0.392057,33.7092,1.60714,70.2381
159,0.296562,0.0386,0.117463,0.00558183,0.48151,480,0,0.392057,3.33771,1.60714,70.2381
160,0.207767,0.0386,0.0450195,0.00558183,0.184547,480,0,0.392057,8.7086,1.60714,70.2381
161,0.0546863,0.0386,0.00795877,0.00558183,0.0326251,480,0,0.392057,49.261,1.60714,70.2381
162,0.125659,0.0386,0.0141892,0.00558183,0.0581652,480,0,0.392057,27.6307,1.60714,70.2381
163,0.365957,0.0386,0.0436903,0.00558183,0.179098,480,0,0.392057,8.97354,1.60714,70.2381
164,0.380889,0.0386,0.0578189,0.00558183,0.237015,480,0,0.392057,6.78077,1.60714,70.2381
165,0.16742,0.0386,0.0248651,0.00558183,0.101929,480,0,0.392057,15.7673,1.60714,70.2381
166,0.470258,0.0386,0.0306509,0.00558183,0.125646,480,0,0.392057,12.791,1.60714,70.2381
167,0.54589,0.0386,0.0376721,0.00558183,0.154428,480,0,0.392057,10.4071,1.60714,70.2381
168,0.0983457,0.0386,0.270471,0.00558183,1.10873,480,0,0.392057,1.44953,1.60714,70.2381
169,0.28628,0.0386,0.0041946,0.00558183,0.0171947,480,0,0.392057,93.4671,1.60714,70.2381
170,0.0585248,0.0386,0.114548,0.00558183,0.469562,480,0,0.392057,3.42264,1.60714,70.2381
171,0.829298,0.0386,0.0303689,0.00558183,0.12449,480,0,0.392057,12.9098,1.60714,70.2381
172,0.483928,0.0386,0.026087,0.00558183,0.106937,480,0,0.392057,15.0288,1.60714,70.2381
173,0.229893,0.0386,0.00979506,0.00558183,0.0401525,480,0,0.392057,40.026,1.60714,70.2381
174,0.345767,0.0386,0.0156825,0.00558183,0.0642866,480,0,0.392057,24.9997,1.60714,70.2381
175,0.25327,0.0386,0.0225972,0.00558183,0.0926317,480,0,0.392057,17.3498,1.60714,70.2381
176,0.0495906,0.0386,0.00762964,0.00558183,0.0312759,480,0,0.392057,51.386,1.60714,70.2381
177,0.445502,0.0386,0.186981,0.00558183,0.766484,480,0,0.392057,2.09677,1.60714,70.2381
178,0.175287,0.0386,0.166988,0.00558183,0.684527,480,0,0.392057,2.34782,1.60714,70.2381
179,0.392722,0.0386,0.0836181,0.00558183,0.342772,480,0,0.392057,4.68866,1.60714,70.2381
180,0.510294,0.0386,0.0210932,0.00558183,0.0864666,480,0,0.392057,18.5869,1.60714,70.2381
181,0.228774,0.0386,0.0356242,0.00558183,0.146033,480,0,0.392057,11.0054,1.60714,70.2381
182,0.104904,0.0386,0.00642189,0.00558183,0.026325,480,0,0.392057,61.05,1.60714,70.2381
183,0.187976,0.0386,0.0549595,0.00558183,0.225293,480,0,0.392057,7.13356,1.60714,70.2381
184,0.0939518,0.0386,0.0171479,0.00558183,0.0702939,480,0,0.392057,22.8632,1.60714,70.2381
185,0.353785,0.0386,0.0593879,0.00558183,0.243446,480,0,0.392057,6.60163,1.60714,70.2381
186,0.354105,0.0386,0.0647678,0.00558183,0.2655,480,0,0.392057,6.05327,1.60714,70.2381
187,0.504455,0.0386,0.0797982,0.00558183,0.327114,480,0,0.392057,4.9131,1.60714,70.2381
188,0.279394,0.0386,0.0717861,0.00558183,0.29427,480,0,0.392057,5.46146,1.60714,70.2381
189,0.162061,0.0386,0.0260219,0.00558183,0.106671,480,0,0.392057,15.0664,1.60714,70.2381
190,0.978527,0.0386,0.0685311,0.00558183,0.280927,480,0,0.392057,5.72086,1.60714,70.2381
191,0.204497,0.0386,0.0258721,0.00558183,0.106056,480,0,0.392057,15.1537,1.60714,70.2381
192,0.575843,0.0386,0.00597561,0.00558183,0.0244956,480,0,0.392057,65.6095,1.60714,70.2381
193,0.744888,0.0386,0.0321627,0.00558183,0.131843,480,0,0.392057,12.1898,1.60714,70.2381
194,0.238672,0.0386,0.0225229,0.00558183,0.0923272,480,0,0.392057,17.407,1.60714,70.2381
195,0.628962,0.0386,0.0150956,0.00558183,0.0618807,480,0,0.392057,25.9716,1.60714,70.2381
196,0.244144,0.0386,0.0140717,0.00558183,0.0576838,480,0,0.392057,27.8613,1.60714,70.2381
197,0.184779,0.0386,0.109465,0.00558183,0.448724,480,0,0.392057,3.58158,1.60714,70.2381
198,0.124628,0.0386,0.23891,0.00558183,0.979356,480,0,0.392057,1.64102,1.60714,70.2381
199,0.280855,0.0386,0.0785677,0.00558183,0.322069,480,0,0.392057,4.99005,1.60714,70.2381
200,0.338734,0.0386,0.0106361,0.00558183,0.0436003,480,0,0.392057,36.8608,1.60714,70.2381
201,0.332162,0.0386,0.0141813,0.00558183,0.058133,480,0,0.392057,27.646,1.60714,70.2381
202,0.287539,0.0386,0.0145509,0.00558183,0.059648,480,0,0.392057,26.9438,1.60714,70.2381
203,0.019632,0.0386,0.0529365,0.00558183,0.217001,480,0,0.392057,7.40617,1.60714,70.2381
204,0.291059,0.0386,0.0345317,0.00558183,0.141554,480,0,0.392057,11.3535,1.60714,70.2381
205,0.354444,0.0386,0.0382516,0.00558183,0.156803,480,0,0.392057,10.2494,1.60714,70.2381
206,0.187163,0.0386,0.0307406,0.00558183,0.126014,480,0,0.392057,12.7537,1.60714,70.2381
207,0.492064,0.0386,0.00660073,0.00558183,0.0270581,480,0,0.392057,59.396,1.60714,70.2381
208,0.756754,0.0386,0.0115485,0.00558183,0.0473403,480,0,0.392057,33.9487,1.60714,70.2381
209,0.510789,0.0386,0.00988518,0.00558183,0.0405219,480,0,0.392057,39.6611,1.60714,70.2381
210,0.393483,0.0386,0.0163188,0.00558183,0.066895,480,0,0.392057,24.0249,1.60714,70.2381
211,0.103678,0.0386,0.0932648,0.00558183,0.382317,480,0,0.392057,4.2037,1.60714,70.2381
212,0.251849,0.0386,0.0199369,0.00558183,0.0817266,480,0,0.392057,19.6649,1.60714,70.2381
213,0.370045,0.0386,0.051854,0.00558183,0.212563,480,0,0.392057,7.56078,1.60714,70.2381
214,0.354854,0.0386,0.011147,0.00558183,0.0456944,480,0,0.392057,35.1716,1.60714,70.2381
215,0.359393,0.0386,0.0291883,0.00558183,0.11965,480,0,0.392057,13.432,1.60714,70.2381
216,0.439339,0.0386,0.163571,0.00558183,0.670522,480,0,0.392057,2.39685,1.60714,70.2381
217,0.207124,0.0386,0.0574351,0.00558183,0.235441,480,0,0.392057,6.82609,1.60714,70.2381
218,0.212949,0.0386,0.00583468,0.00558183,0.0239179,480,0,0.392057,67.1942,1.60714,70.2381
219,0.192839,0.0386,0.0145372,0.00558183,0.0595917,480,0,0.392057,26.9693,1.60714,70.2381
220,0.425143,0.0386,0.00945912,0.00558183,0.0387754,480,0,0.392057,41.4475,1.60714,70.2381
221,0.314699,0.0386,0.062302,0.00558183,0.255392,480,0,0.392057,6.29285,1.60714,70.2381
222,0.238267,0.0386,0.104245,0.00558183,0.427327,480,0,0.392057,3.76092,1.60714,70.2381
223,0.264538,0.0386,0.0525176,0.00558183,0.215284,480,0,0.392057,7.46524,1.60714,70.2381
224,0.193069,0.0386,0.117731,0.00558183,0.48261,480,0,0.392057,3.3301,1.60714,70.2381
225,0.351811,0.0386,0.0466027,0.00558183,0.191036,480,0,0.392057,8.41276,1.60714,70.2381
226,0.481432,0.0386,0.0115725,0.00558183,0.0474387,480,0,0.392057,33.8783,1.60714,70.2381
227,0.261434,0.0386,0.222776,0.00558183,0.913218,480,0,0.392057,1.75987,1.60714,70.2381
228,0.202891,0.0386,0.0779019,0.00558183,0.31934,480,0,0.392057,5.0327,1.60714,70.2381
229,0.173304,0.0386,0.0997714,0.00558183,0.408989,480,0,0.392057,3.92955,1.60714,70.2381
230,0.267115,0.0386,0.0179626,0.00558183,0.0736334,480,0,0.392057,21.8263,1.60714,70.2381
231,0.116357,0.0386,0.0273149,0.00558183,0.111971,480,0,0.392057,14.3532,1.60714,70.2381
232,0.367745,0.0386,0.0387476,0.00558183,0.158836,480,0,0.392057,10.1182,1.60714,70.2381
233,0.698092,0.0386,0.00577743,0.00558183,0.0236832,480,0,0.392057,67.86,1.60714,70.2381
234,0.215306,0.0386,0.0622474,0.00558183,0.255168,480,0,0.392057,6.29836,1.60714,70.2381
235,0.516715,0.0386,0.0486672,0.00558183,0.199499,480,0,0.392057,8.05587,1.60714,70.2381
236,0.219575,0.0386,0.0679583,0.00558183,0.278579,480,0,0.392057,5.76908,1.60714,70.2381
237,0.348462,0.0386,0.0634325,0.00558183,0.260026,480,0,0.392057,6.18069,1.60714,70.2381
238,0.518101,0.0386,0.00946147,0.00558183,0.038785,480,0,0.392057,41.4372,1.60714,70.2381
239,0.222704,0.0386,0.118753,0.00558183,0.486802,480,0,0.392057,3.30143,1.60714,70.2381
240,0.856343,0.0386,0.101187,0.00558183,0.414793,480,0,0.392057,3.87457,1.60714,70.2381
241,0.419957,0.0386,0.0203627,0.00558183,0.083472,480,0,0.392057,19.2537,1.60714,70.2381
242,0.320013,0.0386,0.0396042,0.00558183,0.162348,480,0,0.392057,9.89937,1.60714,70.2381
243,0.143363,0.0386,0.0106358,0.00558183,0.0435988,480,0,0.392057,36.8621,1.60714,70.2381
244,0.641333,0.0386,0.0161955,0.00558183,0.0663897,480,0,0.392057,24.2077,1.60714,70.2381
245,0.31499,0.0386,0.0274069,0.00558183,0.112348,480,0,0.392057,14.3051,1.60714,70.2381
246,0.281181,0.0386,0.040098,0.00558183,0.164372,480,0,0.392057,9.77746,1.60714,70.2381
247,0.132684,0.0386,0.206049,0.00558183,0.844648,480,0,0.392057,1.90274,1.60714,70.2381
248,0.85854,0.0386,0.0379641,0.00558183,0.155625,480,0,0.392057,10.327,1.60714,70.2381
249,0.685436,0.0386,0.0273586,0.00558183,0.11215,480,0,0.392057,14.3303,1.60714,70.2381
250,0.649756,0.0386,0.020107,0.00558183,0.0824239,480,0,0.392057,19.4985,1.60714,70.2381
251,0.30411,0.0386,0.030713,0.00558183,0.1259,480,0,0.392057,12.7652,1.60714,70.2381
252,0.412915,0.0386,0.0893896,0.00558183,0.366431,480,0,0.392057,4.38593,1.60714,70.2381
253,0.185877,0.0386,0.0311791,0.00558183,0.127811,480,0,0.392057,12.5744,1.60714,70.2381
254,0.444984,0.0386,0.00517446,0.00558183,0.0212115,480,0,0.392057,75.7676,1.60714,70.2381
255,0.244008,0.0386,0.0300048,0.00558183,0.122998,480,0,0.392057,13.0665,1.60714,70.2381
256,0.160161,0.0386,0.0025348,0.00558183,0.0103908,480,0,0.392057,154.67,1.60714,70.2381
257,0.414988,0.0386,0.0462486,0.00558183,0.189585,480,0,0.392057,8.47717,1.60714,70.2381
258,0.0218954,0.0386,0.0261138,0.00558183,0.107047,480,0,0.392057,15.0134,1.60714,70.2381
259,0.240684,0.0386,0.340652,0.00558183,1.39642,480,0,0.392057,1.1509,1.60714,70.2381
260,0.558628,0.0386,0.435467,0.00558183,1.78509,480,0,0.392057,0.900314,1.60714,70.2381
261,0.158216,0.0386,0.183471,0.00558183,0.752094,480,0,0.392057,2.13689,1.60714,70.2381
262,0.0238526,0.0386,0.0358507,0.00558183,0.146961,480,0,0.392057,10.9358,1.60714,70.2381
263,0.279696,0.0386,0.00366302,0.00558183,0.0150157,480,0,0.392057,107.031,1.60714,70.2381
264,0.230447,0.0386,0.00549885,0.00558183,0.0225412,480,0,0.392057,71.298,1.60714,70.2381
265,0.269571,0.0386,0.0149401,0.00558183,0.0612432,480,0,0.392057,26.242,1.60714,70.2381
266,0.356947,0.0386,0.0204138,0.00558183,0.0836814,480,0,0.392057,19.2055,1.60714,70.2381
267,0.319783,0.0386,0.00723801,0.00558183,0.0296705,480,0,0.392057,54.1664,1.60714,70.2381
268,0.492737,0.0386,0.0325607,0.00558183,0.133475,480,0,0.392057,12.0408,1.60714,70.2381
269,0.148499,0.0386,0.0283937,0.00558183,0.116393,480,0,0.392057,13.8079,1.60714,70.2381
270,0.125318,0.0386,0.0310454,0.00558183,0.127263,480,0,0.392057,12.6285,1.60714,70.2381
271,0.226435,0.0386,0.0347466,0.00558183,0.142435,480,0,0.392057,11.2833,1.60714,70.2381
272,0.058139,0.0386,0.0278,0.00558183,0.113959,480,0,0.392057,14.1028,1.60714,70.2381
273,0.111986,0.0386,0.0188638,0.00558183,0.0773275,480,0,0.392057,20.7836,1.60714,70.2381
274,0.255444,0.0386,0.040417,0.00558183,0.16568,480,0,0.392057,9.7003,1.60714,70.2381
275,0.555127,0.0386,0.0539849,0.00558183,0.221298,480,0,0.392057,7.26234,1.60714,70.2381
276,0.548759,0.0386,0.0301818,0.00558183,0.123723,480,0,0.392057,12.9898,1.60714,70.2381
277,0.363011,0.0386,0.0354436,0.00558183,0.145292,480,0,0.392057,11.0614,1.60714,70.2381
278,0.117185,0.0386,0.00599857,0.00558183,0.0245897,480,0,0.392057,65.3584,1.60714,70.2381
279,0.19769,0.0386,0.161755,0.00558183,0.663077,480,0,0.392057,2.42376,1.60714,70.2381
280,0.228383,0.0386,0.00850221,0.00558183,0.0348528,480,0,0.392057,46.1124,1.60714,70.2381
281,0.332207,0.0386,0.00633189,0.00558183,0.0259561,480,0,0.392057,61.9178,1.60714,70.2381
282,0.28508,0.0386,0.00666363,0.00558183,0.027316,480,0,0.392057,58.8353,1.60714,70.2381
283,0.33165,0.0386,0.0151667,0.00558183,0.0621724,480,0,0.392057,25.8498,1.60714,70.2381
284,0.348989,0.0386,0.0638716,0.00558183,0.261826,480,0,0.392057,6.1382,1.60714,70.2381
285,0.364149,0.0386,0.0427806,0.00558183,0.175369,480,0,0.392057,9.16435,1.60714,70.2381
286,0.283596,0.0386,0.0619702,0.00558183,0.254032,480,0,0.392057,6.32654,1.60714,70.2381
287,0.466085,0.0386,0.0507552,0.00558183,0.208059,480,0,0.392057,7.72446,1.60714,70.2381
288,0.318653,0.0386,0.0115842,0.00558183,0.0474866,480,0,0.392057,33.8441,1.60714,70.2381
289,0.235899,0.0386,0.0522786,0.00558183,0.214304,480,0,0.392057,7.49937,1.60714,70.2381
290,0.317853,0.0386,0.0120862,0.00558183,0.0495446,480,0,0.392057,32.4383,1.60714,70.2381
291,0.22521,0.0386,0.0795328,0.00558183,0.326025,480,0,0.392057,4.9295,1.60714,70.2381
292,0.538006,0.0386,0.00417863,0.00558183,0.0171293,480,0,0.392057,93.8242,1.60714,70.2381
293,0.322541,0.0386,0.129324,0.00558183,0.530131,480,0,0.392057,3.0316,1.60714,70.2381
294,0.371367,0.0386,0.00230794,0.00558183,0.00946083,480,0,0.392057,169.873,1.60714,70.2381
295,0.416274,0.0386,0.0769115,0.00558183,0.31528,480,0,0.392057,5.09751,1.60714,70.2381
296,0.676937,0.0386,0.0183656,0.00558183,0.0752855,480,0,0.392057,21.3473,1.60714,70.2381
297,0.208657,0.0386,0.0105887,0.00558183,0.0434056,480,0,0.392057,37.0261,1.60714,70.2381
298,0.484395,0.0386,0.0250539,0.00558183,0.102703,480,0,0.392057,15.6485,1.60714,70.2381
299,0.39983,0.0386,0.0814148,0.00558183,0.333741,480,0,0.392057,4.81555,1.60714,70.2381
300,0.127374,0.0386,0.00985428,0.00558183,0.0403953,480,0,0.392057,39.7854,1.60714,70.2381
301,0.273707,0.0386,0.0204922,0.00558183,0.0840029,480,0,0.392057,19.132,1.60714,70.2381
302,0.577303,0.0386,0.0471935,0.00558183,0.193459,480,0,0.392057,8.30743,1.60714,70.2381
303,0.595519,0.0386,0.00894204,0.00558183,0.0366557,480,0,0.392057,43.8442,1.60714,70.2381
304,0.429048,0.0386,0.0298443,0.00558183,0.12234,480,0,0.392057,13.1367,1.60714,70.2381
305,0.170797,0.0386,0.038596,0.00558183,0.158215,480,0,0.392057,10.158,1.60714,70.2381
306,0.370441,0.0386,0.0369636,0.00558183,0.151524,480,0,0.392057,10.6066,1.60714,70.2381
307,0.308027,0.0386,0.040606,0.00558183,0.166455,480,0,0.392057,9.65514,1.60714,70.2381
308,0.795439,0.0386,0.0429257,0.00558183,0.175963,480,0,0.392057,9.13339,1.60714,70.2381
309,0.338261,0.0386,0.024489,0.00558183,0.100387,480,0,0.392057,16.0095,1.60714,70.2381
310,0.347464,0.0386,0.0251267,0.00558183,0.103001,480,0,0.392057,15.6032,1.60714,70.2381
311,0.415207,0.0386,0.0101583,0.00558183,0.0416414,480,0,0.392057,38.5948,1.60714,70.2381
312,0.326273,0.0386,0.0456228,0.00558183,0.18702,480,0,0.392057,8.59345,1.60714,70.2381
313,0.374398,0.0386,0.00938178,0.00558183,0.0384584,480,0,0.392057,41.7892,1.60714,70.2381
314,0.175851,0.0386,0.0139364,0.00558183,0.0571291,480,0,0.392057,28.1318,1.60714,70.2381
315,0.119683,0.0386,0.131621,0.00558183,0.539549,480,0,0.392057,2.97868,1.60714,70.2381
316,0.198521,0.0386,0.0032133,0.00558183,0.0131722,480,0,0.392057,122.011,1.60714,70.2381
317,0.23244,0.0386,0.0363208,0.00558183,0.148888,480,0,0.392057,10.7943,1.60714,70.2381
318,0.238254,0.0386,0.0341186,0.00558183,0.139861,480,0,0.392057,11.491,1.60714,70.2381
319,0.269069,0.0386,0.0168432,0.00558183,0.0690445,480,0,0.392057,23.2769,1.60714,70.2381
320,0.0661056,0.0386,0.0518737,0.00558183,0.212644,480,0,0.392057,7.55791,1.60714,70.2381
321,0.548404,0.0386,0.229056,0.00558183,0.93896,480,0,0.392057,1.71162,1.60714,70.2381
322,0.205948,0.0386,0.0370898,0.00558183,0.152041,480,0,0.392057,10.5705,1.60714,70.2381
323,0.689498,0.0386,0.137981,0.00558183,0.565621,480,0,0.392057,2.84138,1.60714,70.2381
324,0.358973,0.0386,0.0089921,0.00558183,0.0368609,480,0,0.392057,43.6002,1.60714,70.2381
325,0.517557,0.0386,0.0772827,0.00558183,0.316802,480,0,0.392057,5.07302,1.60714,70.2381
326,0.16606,0.0386,0.0226349,0.00558183,0.0927862,480,0,0.392057,17.3209,1.60714,70.2381
327,0.0823444,0.0386,0.116755,0.00558183,0.478608,480,0,0.392057,3.35795,1.60714,70.2381
328,0.368245,0.0386,0.0405994,0.00558183,0.166428,480,0,0.392057,9.65671,1.60714,70.2381
329,0.0595738,0.0386,0.0112983,0.00558183,0.0463146,480,0,0.392057,34.7005,1.60714,70.2381
330,0.284275,0.0386,0.0361392,0.00558183,0.148144,480,0,0.392057,10.8485,1.60714,70.2381
331,0.436979,0.0386,0.0760806,0.00558183,0.311874,480,0,0.392057,5.15317,1.60714,70.2381
332,0.0766038,0.0386,0.0174428,0.00558183,0.0715026,480,0,0.392057,22.4767,1.60714,70.2381
333,0.183335,0.0386,0.130814,0.00558183,0.536242,480,0,0.392057,2.99705,1.60714,70.2381
334,0.383195,0.0386,0.0214348,0.00558183,0.0878667,480,0,0.392057,18.2907,1.60714,70.2381
335,0.056425,0.0386,0.0428272,0.00558183,0.17556,480,0,0.392057,9.15439,1.60714,70.2381
336,0.459214,0.0386,0.0508739,0.00558183,0.208545,480,0,0.392057,7.70645,1.60714,70.2381
337,0.306789,0.0386,0.0506302,0.00558183,0.207546,480,0,0.392057,7.74353,1.60714,70.2381
338,0.269675,0.0386,0.0391307,0.00558183,0.160407,480,0,0.392057,10.0192,1.60714,70.2381
339,0.879005,0.0386,0.0228611,0.00558183,0.0937137,480,0,0.392057,17.1495,1.60714,70.2381
340,0.289437,0.0386,0.0591784,0.00558183,0.242588,480,0,0.392057,6.62499,1.60714,70.2381
341,0.423809,0.0386,0.0153313,0.00558183,0.062847,480,0,0.392057,25.5723,1.60714,70.2381
342,0.262234,0.0386,0.0418541,0.00558183,0.171571,480,0,0.392057,9.36722,1.60714,70.2381
343,0.685995,0.0386,0.0213071,0.00558183,0.0873432,480,0,0.392057,18.4003,1.60714,70.2381
344,0.694177,0.0386,0.0438809,0.00558183,0.179879,480,0,0.392057,8.93456,1.60714,70.2381
345,0.756429,0.0386,0.0323444,0.00558183,0.132588,480,0,0.392057,12.1213,1.60714,70.2381
346,0.339648,0.0386,0.0537863,0.00558183,0.220484,480,0,0.392057,7.28915,1.60714,70.2381
347,0.447549,0.0386,0.00968717,0.00558183,0.0397102,480,0,0.392057,40.4717,1.60714,70.2381
348,0.192866,0.0386,1.05326,0.00558183,4.3176,480,0,0.392057,0.372231,1.60714,70.2381
349,0.296096,0.0386,0.179595,0.00558183,0.736207,480,0,0.392057,2.183,1.60714,70.2381
350,0.426664,0.0386,0.053223,0.00558183,0.218175,480,0,0.392057,7.3663,1.60714,70.2381
351,0.223326,0.0386,0.0076979,0.00558183,0.0315557,480,0,0.392057,50.9304,1.60714,70.2381
352,0.149518,0.0386,0.0109619,0.00558183,0.0449358,480,0,0.392057,35.7653,1.60714,70.2381
353,0.323178,0.0386,0.0931387,0.00558183,0.3818,480,0,0.392057,4.20938,1.60714,70.2381
354,0.22924,0.0386,0.0321335,0.00558183,0.131724,480,0,0.392057,12.2009,1.60714,70.2381
355,0.32156,0.0386,0.0341742,0.00558183,0.140089,480,0,0.392057,11.4723,1.60714,70.2381
356,0.521341,0.0386,0.0378201,0.00558183,0.155034,480,0,0.392057,10.3664,1.60714,70.2381
357,0.54321,0.0386,0.0108999,0.00558183,0.0446813,480,0,0.392057,35.969,1.60714,70.2381
358,0.511383,0.0386,0.0254146,0.00558183,0.104181,480,0,0.392057,15.4264,1.60714,70.2381
359,0.21389,0.0386,0.0156984,0.00558183,0.0643517,480,0,0.392057,24.9744,1.60714,70.2381
360,0.435357,0.0386,0.0505784,0.00558183,0.207334,480,0,0.392057,7.75146,1.60714,70.2381
361,0.310827,0.0386,0.0484215,0.00558183,0.198492,480,0,0.392057,8.09676,1.60714,70.2381
362,0.150557,0.0386,0.0795503,0.00558183,0.326097,480,0,0.392057,4.92841,1.60714,70.2381
363,0.308614,0.0386,0.0432789,0.00558183,0.177412,480,0,0.392057,9.05883,1.60714,70.2381
364,0.403429,0.0386,0.00924565,0.00558183,0.0379003,480,0,0.392057,42.4045,1.60714,70.2381
365,0.156047,0.0386,0.00912712,0.00558183,0.0374144,480,0,0.392057,42.9552,1.60714,70.2381
366,0.195377,0.0386,0.126847,0.00558183,0.519978,480,0,0.392057,3.09079,1.60714,70.2381
367,0.131566,0.0386,0.0187757,0.00558183,0.0769666,480,0,0.392057,20.881,1.60714,70.2381
368,0.258582,0.0386,0.0237132,0.00558183,0.0972068,480,0,0.392057,16.5332,1.60714,70.2381
369,0.196084,0.0386,0.506585,0.00558183,2.07662,480,0,0.392057,0.773921,1.60714,70.2381
370,0.240627,0.0386,0.0228421,0.00558183,0.0936356,480,0,0.392057,17.1638,1.60714,70.2381
371,0.520543,0.0386,0.00610214,0.00558183,0.0250143,480,0,0.392057,64.249,1.60714,70.2381
372,0.166581,0.0386,0.0453307,0.00558183,0.185822,480,0,0.392057,8.64881,1.60714,70.2381
373,0.549196,0.0386,0.158147,0.00558183,0.648285,480,0,0.392057,2.47907,1.60714,70.2381
374,0.37582,0.0386,0.0408408,0.00558183,0.167417,480,0,0.392057,9.59963,1.60714,70.2381
375,0.183866,0.0386,0.0707402,0.00558183,0.289983,480,0,0.392057,5.5422,1.60714,70.2381
376,1.07237,0.0386,0.113995,0.00558183,0.467297,480,0,0.392057,3.43923,1.60714,70.2381
377,0.197712,0.0386,0.00973653,0.00558183,0.0399126,480,0,0.392057,40.2666,1.60714,70.2381
378,0.232111,0.0386,0.00350085,0.00558183,0.0143509,480,0,0.392057,111.989,1.60714,70.2381
379,0.200667,0.0386,0.0115877,0.00558183,0.0475012,480,0,0.392057,33.8338,1.60714,70.2381
380,0.0713363,0.0386,0.0284679,0.00558183,0.116697,480,0,0.392057,13.7719,1.60714,70.2381
381,0.197422,0.0386,0.0211795,0.00558183,0.0868205,480,0,0.392057,18.5111,1.60714,70.2381
382,0.252708,0.0386,0.0327138,0.00558183,0.134103,480,0,0.392057,11.9844,1.60714,70.2381
383,0.333175,0.0386,0.0837176,0.00558183,0.34318,480,0,0.392057,4.68309,1.60714,70.2381
384,0.248309,0.0386,0.0181006,0.00558183,0.0741991,480,0,0.392057,21.6599,1.60714,70.2381
385,0.255882,0.0386,0.00701465,0.00558183,0.0287549,480,0,0.392057,55.8911,1.60714,70.2381
386,0.273848,0.0386,0.0329001,0.00558183,0.134866,480,0,0.392057,11.9166,1.60714,70.2381
387,0.319027,0.0386,0.0103949,0.00558183,0.0426115,480,0,0.392057,37.7162,1.60714,70.2381
388,0.305606,0.0386,0.145287,0.00558183,0.595568,480,0,0.392057,2.6985,1.60714,70.2381
389,0.307243,0.0386,0.0132206,0.00558183,0.0541945,480,0,0.392057,29.6551,1.60714,70.2381
390,0.236482,0.0386,0.0107843,0.00558183,0.0442075,480,0,0.392057,36.3545,1.60714,70.2381
391,0.369075,0.0386,0.00682848,0.00558183,0.0279917,480,0,0.392057,57.415,1.60714,70.2381
392,0.859081,0.0386,0.0121746,0.00558183,0.0499068,480,0,0.392057,32.2029,1.60714,70.2381
393,0.542111,0.0386,0.0147173,0.00558183,0.06033,480,0,0.392057,26.6392,1.60714,70.2381
394,0.179275,0.0386,0.0146242,0.00558183,0.0599485,480,0,0.392057,26.8087,1.60714,70.2381
395,0.516112,0.0386,0.0674273,0.00558183,0.276402,480,0,0.392057,5.81451,1.60714,70.2381
396,0.411632,0.0386,0.0466422,0.00558183,0.191199,480,0,0.392057,8.40562,1.60714,70.2381
397,0.335604,0.0386,0.235422,0.00558183,0.965055,480,0,0.392057,1.66534,1.60714,70.2381
398,0.355804,0.0386,0.201437,0.00558183,0.825742,480,0,0.392057,1.9463,1.60714,70.2381
399,0.14172,0.0386,0.0342176,0.00558183,0.140267,480,0,0.392057,11.4578,1.60714,70.2381
400,0.0184362,0.0386,0.0771378,0.00558183,0.316208,480,0,0.392057,5.08255,1.60714,70.2381
401,0.337119,0.0386,0.059521,0.00558183,0.243992,480,0,0.392057,6.58686,1.60714,70.2381
402,0.518805,0.0386,0.0689263,0.00558183,0.282547,480,0,0.392057,5.68806,1.60714,70.2381
403,0.165059,0.0386,0.010054,0.00558183,0.0412141,480,0,0.392057,38.995,1.60714,70.2381
404,0.700978,0.0386,0.0791379,0.00558183,0.324407,480,0,0.392057,4.9541,1.60714,70.2381
405,0.385602,0.0386,0.0784281,0.00558183,0.321497,480,0,0.392057,4.99894,1.60714,70.2381
406,0.546151,0.0386,0.297809,0.00558183,1.2208,480,0,0.392057,1.31647,1.60714,70.2381
407,0.265548,0.0386,0.0207946,0.00558183,0.0852423,480,0,0.392057,18.8538,1.60714,70.2381
408,0.315082,0.0386,0.0808726,0.00558183,0.331518,480,0,0.392057,4.84783,1.60714,70.2381
409,0.329869,0.0386,0.0588633,0.00558183,0.241296,480,0,0.392057,6.66046,1.60714,70.2381
410,0.802588,0.0386,0.0253853,0.00558183,0.104061,480,0,0.392057,15.4443,1.60714,70.2381
411,0.101632,0.0386,0.00464274,0.00558183,0.0190318,480,0,0.392057,84.4452,1.60714,70.2381
412,0.287703,0.0386,0.0375463,0.00558183,0.153912,480,0,0.392057,10.442,1.60714,70.2381
413,0.310395,0.0386,0.063063,0.00558183,0.258512,480,0,0.392057,6.2169,1.60714,70.2381
414,0.0982074,0.0386,0.00374728,0.00558183,0.0153611,480,0,0.392057,104.624,1.60714,70.2381
415,0.223679,0.0386,0.00803044,0.00558183,0.0329188,480,0,0.392057,48.8214,1.60714,70.2381
416,0.669929,0.0386,0.0903362,0.00558183,0.370312,480,0,0.392057,4.33997,1.60714,70.2381
417,0.348663,0.0386,0.0194188,0.00558183,0.0796028,480,0,0.392057,20.1895,1.60714,70.2381
418,0.0660886,0.0386,0.0476707,0.00558183,0.195415,480,0,0.392057,8.22427,1.60714,70.2381
419,0.194611,0.0386,0.0270476,0.00558183,0.110875,480,0,0.392057,14.4951,1.60714,70.2381
420,0.510858,0.0386,0.0821667,0.00558183,0.336823,480,0,0.392057,4.77148,1.60714,70.2381
421,0.298132,0.0386,0.0550945,0.00558183,0.225847,480,0,0.392057,7.11608,1.60714,70.2381
422,0.445339,0.0386,0.0104412,0.00558183,0.0428014,480,0,0.392057,37.5489,1.60714,70.2381
423,0.557696,0.0386,0.0532067,0.00558183,0.218108,480,0,0.392057,7.36856,1.60714,70.2381
424,0.379316,0.0386,0.0283378,0.00558183,0.116164,480,0,0.392057,13.8351,1.60714,70.2381
425,0.802187,0.0386,0.00639659,0.00558183,0.0262213,480,0,0.392057,61.2916,1.60714,70.2381
426,0.529263,0.0386,0.0358241,0.00558183,0.146852,480,0,0.392057,10.9439,1.60714,70.2381
427,0.312892,0.0386,0.024957,0.00558183,0.102305,480,0,0.392057,15.7093,1.60714,70.2381
428,0.189846,0.0386,0.0388136,0.00558183,0.159107,480,0,0.392057,10.101,1.60714,70.2381
429,0.212354,0.0386,0.0490856,0.00558183,0.201215,480,0,0.392057,7.98721,1.60714,70.2381
430,0.206719,0.0386,0.0433381,0.00558183,0.177654,480,0,0.392057,9.04646,1.60714,70.2381
431,0.328316,0.0386,0.01075,0.00558183,0.0440672,480,0,0.392057,36.4703,1.60714,70.2381
432,0.0585672,0.0386,0.0130583,0.00558183,0.0535295,480,0,0.392057,30.0235,1.60714,70.2381
433,0.233424,0.0386,0.0319373,0.00558183,0.130919,480,0,0.392057,12.2758,1.60714,70.2381
434,0.115374,0.0386,0.0733943,0.00558183,0.300863,480,0,0.392057,5.34178,1.60714,70.2381
435,0.263777,0.0386,0.0341843,0.00558183,0.14013,480,0,0.392057,11.4689,1.60714,70.2381
436,0.403531,0.0386,0.0356369,0.00558183,0.146085,480,0,0.392057,11.0014,1.60714,70.2381
437,0.562762,0.0386,0.0154237,0.00558183,0.0632258,480,0,0.392057,25.4191,1.60714,70.2381
438,0.28596,0.0386,0.0329511,0.00558183,0.135075,480,0,0.392057,11.8981,1.60714,70.2381
439,0.299404,0.0386,0.0229154,0.00558183,0.093936,480,0,0.392057,17.1089,1.60714,70.2381
440,0.148398,0.0386,0.0428859,0.00558183,0.175801,480,0,0.392057,9.14185,1.60714,70.2381
441,0.643678,0.0386,0.0183679,0.00558183,0.0752949,480,0,0.392057,21.3446,1.60714,70.2381
442,0.590672,0.0386,0.0206226,0.00558183,0.0845373,480,0,0.392057,19.0111,1.60714,70.2381
443,0.0525448,0.0386,0.0525186,0.00558183,0.215287,480,0,0.392057,7.4651,1.60714,70.2381
444,0.329895,0.0386,0.0358167,0.00558183,0.146822,480,0,0.392057,10.9462,1.60714,70.2381
445,0.320496,0.0386,0.0242402,0.00558183,0.0993667,480,0,0.392057,16.1739,1.60714,70.2381
446,0.187026,0.0386,0.00635716,0.00558183,0.0260596,480,0,0.392057,61.6717,1.60714,70.2381
447,0.137172,0.0386,0.0623218,0.00558183,0.255473,480,0,0.392057,6.29085,1.60714,70.2381
448,0.0230022,0.0386,0.113754,0.00558183,0.466309,480,0,0.392057,3.44652,1.60714,70.2381
449,0.303303,0.0386,0.00759818,0.00558183,0.0311469,480,0,0.392057,51.5987,1.60714,70.2381
450,0.263695,0.0386,0.0273796,0.00558183,0.112236,480,0,0.392057,14.3193,1.60714,70.2381
451,0.243598,0.0386,0.140692,0.00558183,0.576735,480,0,0.392057,2.78662,1.60714,70.2381
452,0.756497,0.0386,0.0139525,0.00558183,0.057195,480,0,0.392057,28.0994,1.60714,70.2381
453,0.226674,0.0386,0.00816226,0.00558183,0.0334592,480,0,0.392057,48.0329,1.60714,70.2381
454,0.352462,0.0386,0.0309313,0.00558183,0.126796,480,0,0.392057,12.6751,1.60714,70.2381
455,0.158135,0.0386,0.0448703,0.00558183,0.183935,480,0,0.392057,8.73756,1.60714,70.2381
456,0.510005,0.0386,0.0125624,0.00558183,0.0514965,480,0,0.392057,31.2088,1.60714,70.2381
457,0.215207,0.0386,0.0458663,0.00558183,0.188018,480,0,0.392057,8.54782,1.60714,70.2381
458,0.315155,0.0386,0.0457611,0.00558183,0.187587,480,0,0.392057,8.56748,1.60714,70.2381
459,0.387121,0.0386,0.123971,0.00558183,0.508187,480,0,0.392057,3.1625,1.60714,70.2381
460,0.499657,0.0386,0.0125267,0.00558183,0.0513502,480,0,0.392057,31.2977,1.60714,70.2381
461,0.329649,0.0386,0.0214465,0.00558183,0.0879149,480,0,0.392057,18.2807,1.60714,70.2381
462,0.567344,0.0386,0.0283033,0.00558183,0.116022,480,0,0.392057,13.852,1.60714,70.2381
463,0.371383,0.0386,0.0116205,0.00558183,0.0476353,480,0,0.392057,33.7385,1.60714,70.2381
464,0.566495,0.0386,0.0821986,0.00558183,0.336953,480,0,0.392057,4.76963,1.60714,70.2381
465,0.670136,0.0386,0.0362538,0.00558183,0.148614,480,0,0.392057,10.8142,1.60714,70.2381
466,0.323508,0.0386,0.0336133,0.00558183,0.13779,480,0,0.392057,11.6638,1.60714,70.2381
467,0.550884,0.0386,0.0158762,0.00558183,0.0650806,480,0,0.392057,24.6947,1.60714,70.2381
468,0.639005,0.0386,0.00772088,0.00558183,0.0316499,480,0,0.392057,50.7788,1.60714,70.2381
469,0.220018,0.0386,0.0195381,0.00558183,0.0800916,480,0,0.392057,20.0663,1.60714,70.2381
470,0.274096,0.0386,0.0487056,0.00558183,0.199657,480,0,0.392057,8.04952,1.60714,70.2381
471,0.296268,0.0386,0.0307106,0.00558183,0.125891,480,0,0.392057,12.7662,1.60714,70.2381
472,0.535014,0.0386,0.0420091,0.00558183,0.172206,480,0,0.392057,9.33267,1.60714,70.2381
473,0.252934,0.0386,0.0194763,0.00558183,0.0798385,480,0,0.392057,20.1299,1.60714,70.2381
474,0.609925,0.0386,0.0142678,0.00558183,0.0584875,480,0,0.392057,27.4784,1.60714,70.2381
475,0.293419,0.0386,0.0156476,0.00558183,0.0641434,480,0,0.392057,25.0555,1.60714,70.2381
476,0.435005,0.0386,0.0582588,0.00558183,0.238818,480,0,0.392057,6.72957,1.60714,70.2381
477,0.252579,0.0386,0.0580478,0.00558183,0.237953,480,0,0.392057,6.75403,1.60714,70.2381
478,0.488595,0.0386,0.107531,0.00558183,0.440799,480,0,0.392057,3.64598,1.60714,70.2381
479,0.224125,0.0386,0.0088854,0.00558183,0.0364236,480,0,0.392057,44.1237,1.60714,70.2381
480,0.286288,0.0386,0.0241263,0.00558183,0.0989002,480,0,0.392057,16.2502,1.60714,70.2381
481,0.525693,0.0386,0.0333864,0.00558183,0.13686,480,0,0.392057,11.743,1.60714,70.2381
482,0.259295,0.0386,0.147698,0.00558183,0.605451,480,0,0.392057,2.65446,1.60714,70.2381
483,0.106738,0.0386,0.168688,0.00558183,0.691495,480,0,0.392057,2.32416,1.60714,70.2381
484,0.363714,0.0386,0.026733,0.00558183,0.109586,480,0,0.392057,14.6656,1.60714,70.2381
485,0.265069,0.0386,0.0132826,0.00558183,0.054449,480,0,0.392057,29.5165,1.60714,70.2381
486,0.357342,0.0386,0.131912,0.00558183,0.54074,480,0,0.392057,2.97212,1.60714,70.2381
487,0.22063,0.0386,0.0394217,0.00558183,0.1616,480,0,0.392057,9.9452,1.60714,70.2381
488,0.367219,0.0386,0.0149786,0.00558183,0.061401,480,0,0.392057,26.1745,1.60714,70.2381
489,0.10643,0.0386,0.0365759,0.00558183,0.149934,480,0,0.392057,10.719,1.60714,70.2381
490,0.167593,0.0386,0.00300382,0.00558183,0.0123134,480,0,0.392057,130.52,1.60714,70.2381
491,0.572191,0.0386,0.00839927,0.00558183,0.0344308,480,0,0.392057,46.6775,1.60714,70.2381
492,0.539699,0.0386,0.00327175,0.00558183,0.0134118,480,0,0.392057,119.831,1.60714,70.2381
493,0.157805,0.0386,0.0741575,0.00558183,0.303991,480,0,0.392057,5.28681,1.60714,70.2381
494,0.479359,0.0386,0.222346,0.00558183,0.911454,480,0,0.392057,1.76327,1.60714,70.2381
495,0.217462,0.0386,0.012764,0.00558183,0.0523229,480,0,0.392057,30.7158,1.60714,70.2381
496,0.379415,0.0386,0.00526529,0.00558183,0.0215838,480,0,0.392057,74.4607,1.60714,70.2381
497,0.110484,0.0386,0.0293367,0.00558183,0.120259,480,0,0.392057,13.364,1.60714,70.2381
498,0.716097,0.0386,0.0585,0.00558183,0.239807,480,0,0.392057,6.70182,1.60714,70.2381
499,0.39221,0.0386,0.857822,0.00558183,3.51644,480,0,0.392057,0.457037,1.60714,70.2381
