PID,i_lum_F1_indiv,i_lum_k12(KA),i_lum_k23(Q/V),i_lum_k32(Q/VP),i_lum_k20(CL/V),total_mg_dose_per_occassion,DS,Q,V,CL,VP
0,0.393795,0.0386,0.0079461,0.00834678,0.021783,120,0,0.117252,14.756,0.321429,14.0476
1,0.0806298,0.0386,0.0205599,0.00834678,0.0563616,120,0,0.117252,5.70297,0.321429,14.0476
2,0.31521,0.0386,0.0564898,0.00834678,0.154858,120,0,0.117252,2.07564,0.321429,14.0476
3,0.214007,0.0386,0.164471,0.00834678,0.450871,120,0,0.117252,0.712905,0.321429,14.0476
4,0.26522,0.0386,0.171861,0.00834678,0.47113,120,0,0.117252,0.68225,0.321429,14.0476
5,0.234789,0.0386,0.0556539,0.00834678,0.152566,120,0,0.117252,2.10681,0.321429,14.0476
6,0.351539,0.0386,0.0317096,0.00834678,0.0869267,120,0,0.117252,3.69769,0.321429,14.0476
7,0.284772,0.0386,0.0241114,0.00834678,0.0660976,120,0,0.117252,4.86294,0.321429,14.0476
8,0.325627,0.0386,0.0404723,0.00834678,0.110948,120,0,0.117252,2.8971,0.321429,14.0476
9,0.0707542,0.0386,0.0375236,0.00834678,0.102865,120,0,0.117252,3.12476,0.321429,14.0476
10,0.296276,0.0386,0.0453962,0.00834678,0.124446,120,0,0.117252,2.58287,0.321429,14.0476
11,0.0892634,0.0386,0.106669,0.00834678,0.292416,120,0,0.117252,1.09922,0.321429,14.0476
12,0.741677,0.0386,0.0665068,0.00834678,0.182318,120,0,0.117252,1.76301,0.321429,14.0476
13,0.549426,0.0386,0.0843782,0.00834678,0.231309,120,0,0.117252,1.3896,0.321429,14.0476
14,0.0775855,0.0386,0.164475,0.00834678,0.450883,120,0,0.117252,0.712887,0.321429,14.0476
15,0.0383261,0.0386,0.0932529,0.00834678,0.255638,120,0,0.117252,1.25736,0.321429,14.0476
16,0.111079,0.0386,0.0203302,0.00834678,0.0557319,120,0,0.117252,5.76741,0.321429,14.0476
17,0.190037,0.0386,0.0294268,0.00834678,0.080669,120,0,0.117252,3.98454,0.321429,14.0476
18,0.380162,0.0386,0.254638,0.00834678,0.69805,120,0,0.117252,0.460466,0.321429,14.0476
19,0.170168,0.0386,0.0803645,0.00834678,0.220306,120,0,0.117252,1.45901,0.321429,14.0476
20,0.373713,0.0386,0.0294768,0.00834678,0.0808059,120,0,0.117252,3.97779,0.321429,14.0476
21,0.0651021,0.0386,0.0940585,0.00834678,0.257846,120,0,0.117252,1.24659,0.321429,14.0476
22,0.32167,0.0386,0.0889757,0.00834678,0.243913,120,0,0.117252,1.3178,0.321429,14.0476
23,0.0676441,0.0386,0.0314667,0.00834678,0.086261,120,0,0.117252,3.72623,0.321429,14.0476
24,0.430843,0.0386,0.0120493,0.00834678,0.0330312,120,0,0.117252,9.73106,0.321429,14.0476
25,0.371239,0.0386,0.0421586,0.00834678,0.115571,120,0,0.117252,2.78122,0.321429,14.0476
26,0.188052,0.0386,0.104743,0.00834678,0.287137,120,0,0.117252,1.11942,0.321429,14.0476
27,0.21412,0.0386,0.0131202,0.00834678,0.0359669,120,0,0.117252,8.93678,0.321429,14.0476
28,0.216751,0.0386,0.0471567,0.00834678,0.129273,120,0,0.117252,2.48644,0.321429,14.0476
29,0.324216,0.0386,0.0151739,0.00834678,0.0415969,120,0,0.117252,7.72722,0.321429,14.0476
30,0.375699,0.0386,0.0277684,0.00834678,0.0761226,120,0,0.117252,4.22251,0.321429,14.0476
31,0.405732,0.0386,0.340542,0.00834678,0.933541,120,0,0.117252,0.344311,0.321429,14.0476
32,0.252129,0.0386,0.0635504,0.00834678,0.174213,120,0,0.117252,1.84503,0.321429,14.0476
33,0.264869,0.0386,0.0237278,0.00834678,0.0650459,120,0,0.117252,4.94157,0.321429,14.0476
34,0.452711,0.0386,0.146097,0.00834678,0.400502,120,0,0.117252,0.802565,0.321429,14.0476
35,0.45632,0.0386,0.0495513,0.00834678,0.135837,120,0,0.117252,2.36628,0.321429,14.0476
36,0.246579,0.0386,0.177609,0.00834678,0.486888,120,0,0.117252,0.66017,0.321429,14.0476
37,0.12395,0.0386,0.031084,0.00834678,0.0852119,120,0,0.117252,3.77211,0.321429,14.0476
38,0.488873,0.0386,0.0324862,0.00834678,0.0890557,120,0,0.117252,3.6093,0.321429,14.0476
39,0.0655984,0.0386,0.162857,0.00834678,0.446447,120,0,0.117252,0.71997,0.321429,14.0476
40,0.141906,0.0386,0.0485904,0.00834678,0.133203,120,0,0.117252,2.41308,0.321429,14.0476
41,0.585719,0.0386,0.0911614,0.00834678,0.249905,120,0,0.117252,1.28621,0.321429,14.0476
42,0.140888,0.0386,0.0210348,0.00834678,0.0576634,120,0,0.117252,5.57422,0.321429,14.0476
43,0.289128,0.0386,0.0836523,0.00834678,0.229319,120,0,0.117252,1.40166,0.321429,14.0476
44,0.0927497,0.0386,0.0364649,0.00834678,0.0999628,120,0,0.117252,3.21548,0.321429,14.0476
45,0.0333497,0.0386,0.0340494,0.00834678,0.0933409,120,0,0.117252,3.4436,0.321429,14.0476
46,0.122619,0.0386,0.081281,0.00834678,0.222819,120,0,0.117252,1.44256,0.321429,14.0476
47,0.136446,0.0386,0.0168864,0.00834678,0.0462913,120,0,0.117252,6.94361,0.321429,14.0476
48,0.36588,0.0386,0.0635902,0.00834678,0.174322,120,0,0.117252,1.84387,0.321429,14.0476
49,0.133506,0.0386,0.00752603,0.00834678,0.0206314,120,0,0.117252,15.5796,0.321429,14.0476
50,0.258195,0.0386,0.0704472,0.00834678,0.19312,120,0,0.117252,1.6644,0.321429,14.0476
51,0.290479,0.0386,0.070375,0.00834678,0.192922,120,0,0.117252,1.66611,0.321429,14.0476
52,0.0437669,0.0386,0.0317877,0.00834678,0.0871409,120,0,0.117252,3.68861,0.321429,14.0476
53,0.206251,0.0386,0.0239744,0.00834678,0.0657219,120,0,0.117252,4.89074,0.321429,14.0476
54,0.943701,0.0386,0.058763,0.00834678,0.16109,120,0,0.117252,1.99534,0.321429,14.0476
55,0.195502,0.0386,0.0475973,0.00834678,0.13048,120,0,0.117252,2.46343,0.321429,14.0476
56,0.2029,0.0386,0.0856506,0.00834678,0.234797,120,0,0.117252,1.36896,0.321429,14.0476
57,0.562538,0.0386,0.0134436,0.00834678,0.0368534,120,0,0.117252,8.72183,0.321429,14.0476
58,0.166328,0.0386,0.119655,0.00834678,0.328015,120,0,0.117252,0.979921,0.321429,14.0476
59,0.0957728,0.0386,0.538808,0.00834678,1.47706,120,0,0.117252,0.217614,0.321429,14.0476
60,0.438898,0.0386,0.157512,0.00834678,0.431793,120,0,0.117252,0.744404,0.321429,14.0476
61,0.198699,0.0386,0.114484,0.00834678,0.313838,120,0,0.117252,1.02418,0.321429,14.0476
62,0.253556,0.0386,0.0121772,0.00834678,0.0333819,120,0,0.117252,9.62884,0.321429,14.0476
63,0.0426069,0.0386,0.0204517,0.00834678,0.056065,120,0,0.117252,5.73314,0.321429,14.0476
64,0.11496,0.0386,0.0227654,0.00834678,0.0624077,120,0,0.117252,5.15046,0.321429,14.0476
65,0.311927,0.0386,0.00775981,0.00834678,0.0212723,120,0,0.117252,15.1102,0.321429,14.0476
66,0.277044,0.0386,0.0634567,0.00834678,0.173957,120,0,0.117252,1.84775,0.321429,14.0476
67,0.195829,0.0386,0.0918714,0.00834678,0.251851,120,0,0.117252,1.27627,0.321429,14.0476
68,0.997736,0.0386,0.0251013,0.00834678,0.0688112,120,0,0.117252,4.67116,0.321429,14.0476
69,0.158684,0.0386,0.112329,0.00834678,0.307933,120,0,0.117252,1.04383,0.321429,14.0476
70,0.321023,0.0386,0.0244646,0.00834678,0.0670659,120,0,0.117252,4.79272,0.321429,14.0476
71,0.456105,0.0386,0.0706129,0.00834678,0.193574,120,0,0.117252,1.66049,0.321429,14.0476
72,0.514508,0.0386,0.120134,0.00834678,0.329328,120,0,0.117252,0.976012,0.321429,14.0476
73,0.14076,0.0386,0.0706953,0.00834678,0.1938,120,0,0.117252,1.65856,0.321429,14.0476
74,0.0996768,0.0386,0.0377769,0.00834678,0.103559,120,0,0.117252,3.10381,0.321429,14.0476
75,0.0921124,0.0386,0.288908,0.00834678,0.791996,120,0,0.117252,0.405846,0.321429,14.0476
76,0.179378,0.0386,0.0273018,0.00834678,0.0748434,120,0,0.117252,4.29468,0.321429,14.0476
77,0.258156,0.0386,0.0221113,0.00834678,0.0606145,120,0,0.117252,5.30283,0.321429,14.0476
78,0.120501,0.0386,0.0974175,0.00834678,0.267054,120,0,0.117252,1.20361,0.321429,14.0476
79,0.147556,0.0386,0.0083517,0.00834678,0.0228948,120,0,0.117252,14.0393,0.321429,14.0476
80,0.39605,0.0386,0.171966,0.00834678,0.471417,120,0,0.117252,0.681835,0.321429,14.0476
81,0.174029,0.0386,0.0363584,0.00834678,0.0996709,120,0,0.117252,3.2249,0.321429,14.0476
82,0.592939,0.0386,0.0867433,0.00834678,0.237793,120,0,0.117252,1.35172,0.321429,14.0476
83,0.308998,0.0386,0.0289422,0.00834678,0.0793404,120,0,0.117252,4.05126,0.321429,14.0476
84,0.399707,0.0386,0.17344,0.00834678,0.475458,120,0,0.117252,0.67604,0.321429,14.0476
85,0.194976,0.0386,0.0216068,0.00834678,0.0592317,120,0,0.117252,5.42663,0.321429,14.0476
86,0.33328,0.0386,0.0335135,0.00834678,0.0918718,120,0,0.117252,3.49866,0.321429,14.0476
87,0.357995,0.0386,0.0283632,0.00834678,0.0777533,120,0,0.117252,4.13396,0.321429,14.0476
88,0.177047,0.0386,0.00686318,0.00834678,0.0188143,120,0,0.117252,17.0843,0.321429,14.0476
89,0.178378,0.0386,0.040638,0.00834678,0.111402,120,0,0.117252,2.88529,0.321429,14.0476
90,0.421331,0.0386,0.11146,0.00834678,0.305551,120,0,0.117252,1.05196,0.321429,14.0476
91,0.216066,0.0386,0.0902891,0.00834678,0.247513,120,0,0.117252,1.29863,0.321429,14.0476
92,0.227515,0.0386,0.0999617,0.00834678,0.274029,120,0,0.117252,1.17297,0.321429,14.0476
93,0.117131,0.0386,0.0908332,0.00834678,0.249005,120,0,0.117252,1.29085,0.321429,14.0476
94,0.236408,0.0386,0.0267499,0.00834678,0.0733305,120,0,0.117252,4.38329,0.321429,14.0476
95,0.276532,0.0386,0.308889,0.00834678,0.84677,120,0,0.117252,0.379594,0.321429,14.0476
96,0.401341,0.0386,0.0347103,0.00834678,0.0951527,120,0,0.117252,3.37803,0.321429,14.0476
97,0.560253,0.0386,0.106546,0.00834678,0.292078,120,0,0.117252,1.10049,0.321429,14.0476
98,0.753968,0.0386,0.075722,0.00834678,0.20758,120,0,0.117252,1.54846,0.321429,14.0476
99,0.256039,0.0386,0.220918,0.00834678,0.605613,120,0,0.117252,0.530749,0.321429,14.0476
100,0.325731,0.0386,0.0174725,0.00834678,0.047898,120,0,0.117252,6.71069,0.321429,14.0476
101,0.216032,0.0386,0.0235735,0.00834678,0.0646229,120,0,0.117252,4.97391,0.321429,14.0476
102,0.349217,0.0386,0.0509817,0.00834678,0.139758,120,0,0.117252,2.29989,0.321429,14.0476
103,0.160266,0.0386,0.00721933,0.00834678,0.0197906,120,0,0.117252,16.2414,0.321429,14.0476
104,0.275905,0.0386,0.0218288,0.00834678,0.0598402,120,0,0.117252,5.37144,0.321429,14.0476
105,0.530518,0.0386,0.0300065,0.00834678,0.0822581,120,0,0.117252,3.90756,0.321429,14.0476
106,0.3371,0.0386,0.0244524,0.00834678,0.0670324,120,0,0.117252,4.79512,0.321429,14.0476
107,0.176354,0.0386,0.053765,0.00834678,0.147388,120,0,0.117252,2.18083,0.321429,14.0476
108,0.214382,0.0386,0.0419031,0.00834678,0.114871,120,0,0.117252,2.79818,0.321429,14.0476
109,0.856384,0.0386,0.103003,0.00834678,0.282365,120,0,0.117252,1.13834,0.321429,14.0476
110,0.308238,0.0386,0.0554748,0.00834678,0.152075,120,0,0.117252,2.11361,0.321429,14.0476
111,0.187772,0.0386,0.013689,0.00834678,0.0375261,120,0,0.117252,8.56547,0.321429,14.0476
112,0.366451,0.0386,0.0117778,0.00834678,0.0322871,120,0,0.117252,9.95533,0.321429,14.0476
113,0.445052,0.0386,0.0734664,0.00834678,0.201396,120,0,0.117252,1.596,0.321429,14.0476
114,0.122962,0.0386,0.0301725,0.00834678,0.0827131,120,0,0.117252,3.88607,0.321429,14.0476
115,0.178146,0.0386,0.0255771,0.00834678,0.0701157,120,0,0.117252,4.58426,0.321429,14.0476
116,0.220504,0.0386,0.0630896,0.00834678,0.17295,120,0,0.117252,1.8585,0.321429,14.0476
117,0.375459,0.0386,0.0222836,0.00834678,0.061087,120,0,0.117252,5.26182,0.321429,14.0476
118,0.487607,0.0386,0.228929,0.00834678,0.627574,120,0,0.117252,0.512177,0.321429,14.0476
119,0.44508,0.0386,0.119225,0.00834678,0.326836,120,0,0.117252,0.983456,0.321429,14.0476
120,0.196457,0.0386,0.00590215,0.00834678,0.0161798,120,0,0.117252,19.866,0.321429,14.0476
121,0.14749,0.0386,0.00691465,0.00834678,0.0189554,120,0,0.117252,16.9571,0.321429,14.0476
122,0.0979479,0.0386,0.0113587,0.00834678,0.0311381,120,0,0.117252,10.3227,0.321429,14.0476
123,0.245501,0.0386,0.0398259,0.00834678,0.109176,120,0,0.117252,2.94413,0.321429,14.0476
124,0.0258025,0.0386,0.323288,0.00834678,0.886244,120,0,0.117252,0.362686,0.321429,14.0476
125,0.392671,0.0386,0.0626541,0.00834678,0.171756,120,0,0.117252,1.87142,0.321429,14.0476
126,0.210863,0.0386,0.326815,0.00834678,0.895912,120,0,0.117252,0.358772,0.321429,14.0476
127,0.160364,0.0386,0.0188974,0.00834678,0.0518041,120,0,0.117252,6.20469,0.321429,14.0476
128,0.3191,0.0386,0.0496594,0.00834678,0.136133,120,0,0.117252,2.36113,0.321429,14.0476
129,0.290402,0.0386,0.0120815,0.00834678,0.0331196,120,0,0.117252,9.70509,0.321429,14.0476
130,0.117362,0.0386,0.105045,0.00834678,0.287963,120,0,0.117252,1.11621,0.321429,14.0476
131,0.495837,0.0386,0.0809752,0.00834678,0.221981,120,0,0.117252,1.448,0.321429,14.0476
132,0.0911786,0.0386,0.0898643,0.00834678,0.246349,120,0,0.117252,1.30477,0.321429,14.0476
133,0.192645,0.0386,0.0872958,0.00834678,0.239307,120,0,0.117252,1.34316,0.321429,14.0476
134,0.338143,0.0386,0.100262,0.00834678,0.274852,120,0,0.117252,1.16946,0.321429,14.0476
135,0.676029,0.0386,0.00754421,0.00834678,0.0206812,120,0,0.117252,15.542,0.321429,14.0476
136,0.1286,0.0386,0.115919,0.00834678,0.317773,120,0,0.117252,1.0115,0.321429,14.0476
137,0.264959,0.0386,0.141495,0.00834678,0.387887,120,0,0.117252,0.828666,0.321429,14.0476
138,0.33053,0.0386,0.0155364,0.00834678,0.0425905,120,0,0.117252,7.54696,0.321429,14.0476
139,0.416225,0.0386,0.0130914,0.00834678,0.035888,120,0,0.117252,8.95643,0.321429,14.0476
140,0.106004,0.0386,0.0194807,0.00834678,0.0534034,120,0,0.117252,6.01888,0.321429,14.0476
141,0.607842,0.0386,0.111311,0.00834678,0.305142,120,0,0.117252,1.05337,0.321429,14.0476
142,0.0564502,0.0386,0.0534895,0.00834678,0.146633,120,0,0.117252,2.19206,0.321429,14.0476
143,0.21609,0.0386,0.0577638,0.00834678,0.15835,120,0,0.117252,2.02986,0.321429,14.0476
144,0.119957,0.0386,0.0622441,0.00834678,0.170632,120,0,0.117252,1.88375,0.321429,14.0476
145,0.276252,0.0386,0.0244112,0.00834678,0.0669195,120,0,0.117252,4.80321,0.321429,14.0476
146,0.362195,0.0386,0.0199371,0.00834678,0.0546543,120,0,0.117252,5.88112,0.321429,14.0476
147,0.28383,0.0386,0.0708232,0.00834678,0.194151,120,0,0.117252,1.65556,0.321429,14.0476
148,0.756808,0.0386,0.0666926,0.00834678,0.182827,120,0,0.117252,1.7581,0.321429,14.0476
149,0.156872,0.0386,0.0200531,0.00834678,0.0549724,120,0,0.117252,5.84709,0.321429,14.0476
150,0.118209,0.0386,0.0101813,0.00834678,0.0279105,120,0,0.117252,11.5164,0.321429,14.0476
151,0.308716,0.0386,0.0201237,0.00834678,0.0551658,120,0,0.117252,5.82659,0.321429,14.0476
152,0.431433,0.0386,0.0621175,0.00834678,0.170285,120,0,0.117252,1.88759,0.321429,14.0476
153,0.353572,0.0386,0.0771736,0.00834678,0.211559,120,0,0.117252,1.51933,0.321429,14.0476
154,0.170981,0.0386,0.0143685,0.00834678,0.0393889,120,0,0.117252,8.16038,0.321429,14.0476
155,0.378547,0.0386,0.00967401,0.00834678,0.0265197,120,0,0.117252,12.1203,0.321429,14.0476
156,0.447011,0.0386,0.0311656,0.00834678,0.0854355,120,0,0.117252,3.76224,0.321429,14.0476
157,0.457915,0.0386,0.033065,0.00834678,0.0906424,120,0,0.117252,3.54612,0.321429,14.0476
158,0.0906923,0.0386,0.0546012,0.00834678,0.14968,120,0,0.117252,2.14743,0.321429,14.0476
159,0.190786,0.0386,0.0290677,0.00834678,0.0796846,120,0,0.117252,4.03376,0.321429,14.0476
160,0.0959326,0.0386,0.0644408,0.00834678,0.176654,120,0,0.117252,1.81954,0.321429,14.0476
161,0.534769,0.0386,0.0175307,0.00834678,0.0480576,120,0,0.117252,6.6884,0.321429,14.0476
162,0.683693,0.0386,0.120309,0.00834678,0.329809,120,0,0.117252,0.974589,0.321429,14.0476
163,0.326864,0.0386,0.0332888,0.00834678,0.0912559,120,0,0.117252,3.52228,0.321429,14.0476
164,0.132933,0.0386,0.00818456,0.00834678,0.0224367,120,0,0.117252,14.326,0.321429,14.0476
165,0.576748,0.0386,0.0430937,0.00834678,0.118135,120,0,0.117252,2.72087,0.321429,14.0476
166,0.549645,0.0386,0.094515,0.00834678,0.259098,120,0,0.117252,1.24057,0.321429,14.0476
167,0.404265,0.0386,0.015927,0.00834678,0.0436613,120,0,0.117252,7.36186,0.321429,14.0476
168,0.0876951,0.0386,0.260948,0.00834678,0.715348,120,0,0.117252,0.449332,0.321429,14.0476
169,0.113062,0.0386,0.0493679,0.00834678,0.135334,120,0,0.117252,2.37507,0.321429,14.0476
170,0.25883,0.0386,0.0341718,0.00834678,0.0936764,120,0,0.117252,3.43126,0.321429,14.0476
171,0.200879,0.0386,0.0441369,0.00834678,0.120994,120,0,0.117252,2.65656,0.321429,14.0476
172,0.606053,0.0386,0.0187486,0.00834678,0.0513962,120,0,0.117252,6.25393,0.321429,14.0476
173,0.115968,0.0386,0.047305,0.00834678,0.129679,120,0,0.117252,2.47865,0.321429,14.0476
174,0.236597,0.0386,0.0195451,0.00834678,0.0535796,120,0,0.117252,5.99908,0.321429,14.0476
175,0.383971,0.0386,0.0178955,0.00834678,0.0490576,120,0,0.117252,6.55207,0.321429,14.0476
176,0.108297,0.0386,0.098206,0.00834678,0.269216,120,0,0.117252,1.19394,0.321429,14.0476
177,0.311814,0.0386,0.00224646,0.00834678,0.00615832,120,0,0.117252,52.1942,0.321429,14.0476
178,0.541951,0.0386,0.0855375,0.00834678,0.234488,120,0,0.117252,1.37077,0.321429,14.0476
179,0.306938,0.0386,0.0152432,0.00834678,0.0417867,120,0,0.117252,7.69212,0.321429,14.0476
180,0.514284,0.0386,0.0613871,0.00834678,0.168283,120,0,0.117252,1.91005,0.321429,14.0476
181,0.254326,0.0386,0.066491,0.00834678,0.182274,120,0,0.117252,1.76343,0.321429,14.0476
182,0.367607,0.0386,0.0163753,0.00834678,0.0448903,120,0,0.117252,7.16031,0.321429,14.0476
183,0.412293,0.0386,0.027349,0.00834678,0.074973,120,0,0.117252,4.28726,0.321429,14.0476
184,0.761597,0.0386,0.0331475,0.00834678,0.0908685,120,0,0.117252,3.53729,0.321429,14.0476
185,0.143103,0.0386,0.0144067,0.00834678,0.0394936,120,0,0.117252,8.13874,0.321429,14.0476
186,0.402953,0.0386,0.0087053,0.00834678,0.0238642,120,0,0.117252,13.4691,0.321429,14.0476
187,0.245349,0.0386,0.0061048,0.00834678,0.0167353,120,0,0.117252,19.2066,0.321429,14.0476
188,0.299368,0.0386,0.00519614,0.00834678,0.0142444,120,0,0.117252,22.5653,0.321429,14.0476
189,0.239319,0.0386,0.024401,0.00834678,0.0668915,120,0,0.117252,4.80522,0.321429,14.0476
190,0.138337,0.0386,0.0578493,0.00834678,0.158585,120,0,0.117252,2.02686,0.321429,14.0476
191,0.578893,0.0386,0.0273536,0.00834678,0.0749856,120,0,0.117252,4.28654,0.321429,14.0476
192,0.448648,0.0386,0.0129243,0.00834678,0.0354299,120,0,0.117252,9.07224,0.321429,14.0476
193,0.236617,0.0386,0.0268259,0.00834678,0.0735389,120,0,0.117252,4.37086,0.321429,14.0476
194,0.49159,0.0386,0.32974,0.00834678,0.903929,120,0,0.117252,0.35559,0.321429,14.0476
195,0.0967788,0.0386,0.0121638,0.00834678,0.0333451,120,0,0.117252,9.63946,0.321429,14.0476
196,0.349961,0.0386,0.0115744,0.00834678,0.0317293,120,0,0.117252,10.1303,0.321429,14.0476
197,0.215252,0.0386,0.0630436,0.00834678,0.172824,120,0,0.117252,1.85986,0.321429,14.0476
198,0.252311,0.0386,1.37512,0.00834678,3.76967,120,0,0.117252,0.0852669,0.321429,14.0476
199,0.271866,0.0386,0.0896904,0.00834678,0.245872,120,0,0.117252,1.3073,0.321429,14.0476
200,0.221006,0.0386,0.0216585,0.00834678,0.0593733,120,0,0.117252,5.41369,0.321429,14.0476
201,0.0136235,0.0386,0.0117708,0.00834678,0.0322677,120,0,0.117252,9.9613,0.321429,14.0476
202,0.371374,0.0386,0.0180059,0.00834678,0.0493603,120,0,0.117252,6.51189,0.321429,14.0476
203,0.0809059,0.0386,0.0406883,0.00834678,0.111541,120,0,0.117252,2.88172,0.321429,14.0476
204,0.150603,0.0386,0.0542757,0.00834678,0.148788,120,0,0.117252,2.16031,0.321429,14.0476
205,0.526296,0.0386,0.034855,0.00834678,0.0955493,120,0,0.117252,3.36401,0.321429,14.0476
206,0.212841,0.0386,0.0531711,0.00834678,0.14576,120,0,0.117252,2.20519,0.321429,14.0476
207,1.07152,0.0386,0.206072,0.00834678,0.564913,120,0,0.117252,0.568988,0.321429,14.0476
208,0.331858,0.0386,0.0267955,0.00834678,0.0734555,120,0,0.117252,4.37583,0.321429,14.0476
209,0.290559,0.0386,0.14426,0.00834678,0.395466,120,0,0.117252,0.812784,0.321429,14.0476
210,0.127532,0.0386,0.0852581,0.00834678,0.233721,120,0,0.117252,1.37526,0.321429,14.0476
211,0.154335,0.0386,0.0569792,0.00834678,0.156199,120,0,0.117252,2.05781,0.321429,14.0476
212,0.0841111,0.0386,0.0212721,0.00834678,0.0583141,120,0,0.117252,5.51202,0.321429,14.0476
213,0.177062,0.0386,0.279435,0.00834678,0.766027,120,0,0.117252,0.419605,0.321429,14.0476
214,0.290139,0.0386,0.0248644,0.00834678,0.0681619,120,0,0.117252,4.71567,0.321429,14.0476
215,0.111052,0.0386,0.122374,0.00834678,0.335469,120,0,0.117252,0.958147,0.321429,14.0476
216,0.112593,0.0386,0.111193,0.00834678,0.304818,120,0,0.117252,1.05449,0.321429,14.0476
217,0.193078,0.0386,0.0602643,0.00834678,0.165205,120,0,0.117252,1.94563,0.321429,14.0476
218,0.219927,0.0386,0.0240223,0.00834678,0.0658533,120,0,0.117252,4.88098,0.321429,14.0476
219,0.0864623,0.0386,0.0314102,0.00834678,0.0861061,120,0,0.117252,3.73294,0.321429,14.0476
220,0.688382,0.0386,0.124448,0.00834678,0.341155,120,0,0.117252,0.942179,0.321429,14.0476
221,0.173848,0.0386,0.00734626,0.00834678,0.0201386,120,0,0.117252,15.9608,0.321429,14.0476
222,0.188422,0.0386,0.0973994,0.00834678,0.267005,120,0,0.117252,1.20383,0.321429,14.0476
223,0.186476,0.0386,0.201525,0.00834678,0.552449,120,0,0.117252,0.581825,0.321429,14.0476
224,0.291019,0.0386,0.658512,0.00834678,1.8052,120,0,0.117252,0.178057,0.321429,14.0476
225,0.280657,0.0386,0.0165442,0.00834678,0.0453533,120,0,0.117252,7.08722,0.321429,14.0476
226,0.0993305,0.0386,0.0187286,0.00834678,0.0513416,120,0,0.117252,6.26059,0.321429,14.0476
227,0.112008,0.0386,0.128446,0.00834678,0.352115,120,0,0.117252,0.91285,0.321429,14.0476
228,0.133098,0.0386,0.0234272,0.00834678,0.0642221,120,0,0.117252,5.00496,0.321429,14.0476
229,0.328708,0.0386,0.107276,0.00834678,0.294081,120,0,0.117252,1.09299,0.321429,14.0476
230,0.381861,0.0386,0.123788,0.00834678,0.339345,120,0,0.117252,0.947202,0.321429,14.0476
231,0.180362,0.0386,0.0583532,0.00834678,0.159966,120,0,0.117252,2.00935,0.321429,14.0476
232,0.552383,0.0386,0.0148912,0.00834678,0.0408217,120,0,0.117252,7.87395,0.321429,14.0476
233,0.0523194,0.0386,0.526885,0.00834678,1.44437,120,0,0.117252,0.222539,0.321429,14.0476
234,0.0978297,0.0386,0.0546627,0.00834678,0.149849,120,0,0.117252,2.14501,0.321429,14.0476
235,0.224181,0.0386,0.0103005,0.00834678,0.0282372,120,0,0.117252,11.3831,0.321429,14.0476
236,0.158731,0.0386,0.00640124,0.00834678,0.017548,120,0,0.117252,18.3171,0.321429,14.0476
237,0.180582,0.0386,0.110571,0.00834678,0.303112,120,0,0.117252,1.06043,0.321429,14.0476
238,0.108018,0.0386,0.262683,0.00834678,0.720104,120,0,0.117252,0.446364,0.321429,14.0476
239,0.275178,0.0386,0.114598,0.00834678,0.314151,120,0,0.117252,1.02317,0.321429,14.0476
240,0.267205,0.0386,0.0229353,0.00834678,0.0628734,120,0,0.117252,5.11232,0.321429,14.0476
241,0.0985019,0.0386,0.025452,0.00834678,0.0697727,120,0,0.117252,4.6068,0.321429,14.0476
242,0.0798358,0.0386,0.0930427,0.00834678,0.255062,120,0,0.117252,1.2602,0.321429,14.0476
243,0.207116,0.0386,0.116817,0.00834678,0.320234,120,0,0.117252,1.00373,0.321429,14.0476
244,0.219236,0.0386,0.06784,0.00834678,0.185972,120,0,0.117252,1.72837,0.321429,14.0476
245,0.314824,0.0386,0.0945539,0.00834678,0.259204,120,0,0.117252,1.24006,0.321429,14.0476
246,0.312289,0.0386,0.128612,0.00834678,0.35257,120,0,0.117252,0.911673,0.321429,14.0476
247,0.0592831,0.0386,0.0571732,0.00834678,0.156731,120,0,0.117252,2.05083,0.321429,14.0476
248,0.177909,0.0386,0.0292698,0.00834678,0.0802384,120,0,0.117252,4.00592,0.321429,14.0476
249,0.19172,0.0386,0.0362981,0.00834678,0.0995055,120,0,0.117252,3.23026,0.321429,14.0476
250,0.355794,0.0386,0.0308855,0.00834678,0.0846676,120,0,0.117252,3.79636,0.321429,14.0476
251,0.0986155,0.0386,0.0191019,0.00834678,0.0523647,120,0,0.117252,6.13826,0.321429,14.0476
252,0.285525,0.0386,0.113979,0.00834678,0.312454,120,0,0.117252,1.02872,0.321429,14.0476
253,0.0551991,0.0386,0.016988,0.00834678,0.0465699,120,0,0.117252,6.90206,0.321429,14.0476
254,0.101279,0.0386,0.0674104,0.00834678,0.184795,120,0,0.117252,1.73938,0.321429,14.0476
255,0.206413,0.0386,0.108345,0.00834678,0.29701,120,0,0.117252,1.08221,0.321429,14.0476
256,0.460343,0.0386,0.0305822,0.00834678,0.0838363,120,0,0.117252,3.834,0.321429,14.0476
257,0.0511234,0.0386,0.118302,0.00834678,0.324306,120,0,0.117252,0.991129,0.321429,14.0476
258,0.816755,0.0386,0.0214889,0.00834678,0.0589084,120,0,0.117252,5.45641,0.321429,14.0476
259,0.201404,0.0386,0.0619807,0.00834678,0.16991,120,0,0.117252,1.89175,0.321429,14.0476
260,0.221344,0.0386,0.0145106,0.00834678,0.0397786,120,0,0.117252,8.08045,0.321429,14.0476
261,0.290565,0.0386,0.0679613,0.00834678,0.186305,120,0,0.117252,1.72528,0.321429,14.0476
262,0.113282,0.0386,0.0122615,0.00834678,0.0336129,120,0,0.117252,9.56265,0.321429,14.0476
263,0.420037,0.0386,0.0105443,0.00834678,0.0289055,120,0,0.117252,11.12,0.321429,14.0476
264,1.14422,0.0386,0.0101629,0.00834678,0.02786,120,0,0.117252,11.5373,0.321429,14.0476
265,0.473051,0.0386,0.00813448,0.00834678,0.0222994,120,0,0.117252,14.4142,0.321429,14.0476
266,0.150179,0.0386,0.0274271,0.00834678,0.0751871,120,0,0.117252,4.27505,0.321429,14.0476
267,0.266828,0.0386,0.0332672,0.00834678,0.0911968,120,0,0.117252,3.52456,0.321429,14.0476
268,0.27066,0.0386,0.0802018,0.00834678,0.219861,120,0,0.117252,1.46197,0.321429,14.0476
269,0.460929,0.0386,0.04148,0.00834678,0.113711,120,0,0.117252,2.82672,0.321429,14.0476
270,0.123723,0.0386,0.00594289,0.00834678,0.0162915,120,0,0.117252,19.7299,0.321429,14.0476
271,0.185864,0.0386,0.0257948,0.00834678,0.0707122,120,0,0.117252,4.54559,0.321429,14.0476
272,0.212889,0.0386,0.00527089,0.00834678,0.0144493,120,0,0.117252,22.2452,0.321429,14.0476
273,0.368595,0.0386,0.0499138,0.00834678,0.136831,120,0,0.117252,2.3491,0.321429,14.0476
274,0.153692,0.0386,0.00854532,0.00834678,0.0234256,120,0,0.117252,13.7212,0.321429,14.0476
275,0.332275,0.0386,0.0277023,0.00834678,0.0759415,120,0,0.117252,4.23258,0.321429,14.0476
276,0.135435,0.0386,0.0767108,0.00834678,0.210291,120,0,0.117252,1.5285,0.321429,14.0476
277,0.175622,0.0386,0.192801,0.00834678,0.528533,120,0,0.117252,0.608152,0.321429,14.0476
278,0.328347,0.0386,0.0262557,0.00834678,0.071976,120,0,0.117252,4.46578,0.321429,14.0476
279,0.186883,0.0386,0.215444,0.00834678,0.590605,120,0,0.117252,0.544236,0.321429,14.0476
280,0.583381,0.0386,0.17399,0.00834678,0.476967,120,0,0.117252,0.673901,0.321429,14.0476
281,0.139399,0.0386,0.077594,0.00834678,0.212712,120,0,0.117252,1.5111,0.321429,14.0476
282,0.371656,0.0386,0.0197013,0.00834678,0.0540079,120,0,0.117252,5.95151,0.321429,14.0476
283,0.224109,0.0386,0.0486026,0.00834678,0.133236,120,0,0.117252,2.41247,0.321429,14.0476
284,0.239067,0.0386,0.0383349,0.00834678,0.105089,120,0,0.117252,3.05863,0.321429,14.0476
285,0.106008,0.0386,0.0202754,0.00834678,0.0555819,120,0,0.117252,5.78297,0.321429,14.0476
286,0.256073,0.0386,0.0552375,0.00834678,0.151425,120,0,0.117252,2.1227,0.321429,14.0476
287,0.395125,0.0386,0.0617462,0.00834678,0.169267,120,0,0.117252,1.89894,0.321429,14.0476
288,0.160947,0.0386,0.0142464,0.00834678,0.0390543,120,0,0.117252,8.2303,0.321429,14.0476
289,0.335494,0.0386,0.0492594,0.00834678,0.135037,120,0,0.117252,2.3803,0.321429,14.0476
290,0.11845,0.0386,0.0529734,0.00834678,0.145218,120,0,0.117252,2.21342,0.321429,14.0476
291,0.194594,0.0386,0.101696,0.00834678,0.278784,120,0,0.117252,1.15297,0.321429,14.0476
292,0.227866,0.0386,0.0468573,0.00834678,0.128452,120,0,0.117252,2.50233,0.321429,14.0476
293,0.140539,0.0386,0.0403855,0.00834678,0.11071,120,0,0.117252,2.90333,0.321429,14.0476
294,0.325859,0.0386,0.102184,0.00834678,0.28012,120,0,0.117252,1.14747,0.321429,14.0476
295,0.153577,0.0386,0.187143,0.00834678,0.513022,120,0,0.117252,0.626539,0.321429,14.0476
296,0.390305,0.0386,0.0324744,0.00834678,0.0890235,120,0,0.117252,3.61061,0.321429,14.0476
297,0.260723,0.0386,0.0471159,0.00834678,0.129161,120,0,0.117252,2.4886,0.321429,14.0476
298,0.758708,0.0386,0.0188298,0.00834678,0.0516188,120,0,0.117252,6.22697,0.321429,14.0476
299,0.245415,0.0386,0.0229339,0.00834678,0.0628698,120,0,0.117252,5.11261,0.321429,14.0476
300,0.786714,0.0386,0.0490003,0.00834678,0.134327,120,0,0.117252,2.39289,0.321429,14.0476
301,0.381308,0.0386,0.0415622,0.00834678,0.113936,120,0,0.117252,2.82113,0.321429,14.0476
302,0.104572,0.0386,0.118468,0.00834678,0.324761,120,0,0.117252,0.989739,0.321429,14.0476
303,0.178744,0.0386,0.0412619,0.00834678,0.113113,120,0,0.117252,2.84166,0.321429,14.0476
304,0.583196,0.0386,0.0897898,0.00834678,0.246145,120,0,0.117252,1.30585,0.321429,14.0476
305,0.240597,0.0386,0.166223,0.00834678,0.455674,120,0,0.117252,0.705391,0.321429,14.0476
306,0.085819,0.0386,0.0115274,0.00834678,0.0316005,120,0,0.117252,10.1716,0.321429,14.0476
307,0.0633111,0.0386,0.0557579,0.00834678,0.152851,120,0,0.117252,2.10288,0.321429,14.0476
308,0.505984,0.0386,0.03434,0.00834678,0.0941375,120,0,0.117252,3.41446,0.321429,14.0476
309,0.108016,0.0386,0.0327944,0.00834678,0.0899007,120,0,0.117252,3.57537,0.321429,14.0476
310,0.10339,0.0386,0.0747604,0.00834678,0.204944,120,0,0.117252,1.56838,0.321429,14.0476
311,0.179013,0.0386,0.151886,0.00834678,0.416372,120,0,0.117252,0.771975,0.321429,14.0476
312,0.340758,0.0386,0.0538993,0.00834678,0.147756,120,0,0.117252,2.1754,0.321429,14.0476
313,0.393143,0.0386,0.0771839,0.00834678,0.211587,120,0,0.117252,1.51913,0.321429,14.0476
314,0.268928,0.0386,0.223922,0.00834678,0.613845,120,0,0.117252,0.523631,0.321429,14.0476
315,0.348647,0.0386,0.00837809,0.00834678,0.0229672,120,0,0.117252,13.9951,0.321429,14.0476
316,0.346961,0.0386,0.0260447,0.00834678,0.0713973,120,0,0.117252,4.50197,0.321429,14.0476
317,0.16455,0.0386,0.0127039,0.00834678,0.0348258,120,0,0.117252,9.22962,0.321429,14.0476
318,0.197403,0.0386,0.057672,0.00834678,0.158099,120,0,0.117252,2.03309,0.321429,14.0476
319,0.438279,0.0386,0.126991,0.00834678,0.348125,120,0,0.117252,0.923314,0.321429,14.0476
320,0.332116,0.0386,0.0139106,0.00834678,0.0381337,120,0,0.117252,8.429,0.321429,14.0476
321,0.0856355,0.0386,0.0351858,0.00834678,0.0964562,120,0,0.117252,3.33238,0.321429,14.0476
322,0.093413,0.0386,0.0239728,0.00834678,0.0657176,120,0,0.117252,4.89105,0.321429,14.0476
323,0.0637475,0.0386,0.0801455,0.00834678,0.219706,120,0,0.117252,1.46299,0.321429,14.0476
324,0.0714564,0.0386,0.00581669,0.00834678,0.0159455,120,0,0.117252,20.1579,0.321429,14.0476
325,0.349198,0.0386,0.0370688,0.00834678,0.101618,120,0,0.117252,3.1631,0.321429,14.0476
326,0.122392,0.0386,0.0788021,0.00834678,0.216023,120,0,0.117252,1.48793,0.321429,14.0476
327,0.475647,0.0386,0.0534611,0.00834678,0.146555,120,0,0.117252,2.19323,0.321429,14.0476
328,0.0653564,0.0386,0.00984519,0.00834678,0.026989,120,0,0.117252,11.9096,0.321429,14.0476
329,0.346303,0.0386,0.0516928,0.00834678,0.141708,120,0,0.117252,2.26825,0.321429,14.0476
330,0.351635,0.0386,0.0290647,0.00834678,0.0796763,120,0,0.117252,4.03418,0.321429,14.0476
331,0.205731,0.0386,0.355273,0.00834678,0.973923,120,0,0.117252,0.330035,0.321429,14.0476
332,0.207714,0.0386,0.0525421,0.00834678,0.144036,120,0,0.117252,2.23159,0.321429,14.0476
333,0.445528,0.0386,0.0676394,0.00834678,0.185423,120,0,0.117252,1.73349,0.321429,14.0476
334,0.124202,0.0386,0.147174,0.00834678,0.403455,120,0,0.117252,0.796689,0.321429,14.0476
335,0.162442,0.0386,0.0165893,0.00834678,0.0454769,120,0,0.117252,7.06796,0.321429,14.0476
336,0.0644625,0.0386,0.108738,0.00834678,0.298087,120,0,0.117252,1.0783,0.321429,14.0476
337,0.121248,0.0386,0.0282484,0.00834678,0.0774385,120,0,0.117252,4.15076,0.321429,14.0476
338,0.164566,0.0386,0.0608366,0.00834678,0.166774,120,0,0.117252,1.92733,0.321429,14.0476
339,0.54754,0.0386,0.0540983,0.00834678,0.148302,120,0,0.117252,2.16739,0.321429,14.0476
340,0.129359,0.0386,0.0427402,0.00834678,0.117165,120,0,0.117252,2.74337,0.321429,14.0476
341,0.13785,0.0386,0.0827386,0.00834678,0.226815,120,0,0.117252,1.41714,0.321429,14.0476
342,0.302732,0.0386,0.159932,0.00834678,0.438427,120,0,0.117252,0.73314,0.321429,14.0476
343,0.293929,0.0386,0.0360184,0.00834678,0.0987388,120,0,0.117252,3.25534,0.321429,14.0476
344,0.552978,0.0386,0.124799,0.00834678,0.342117,120,0,0.117252,0.939528,0.321429,14.0476
345,0.563129,0.0386,0.00999849,0.00834678,0.0274093,120,0,0.117252,11.727,0.321429,14.0476
346,0.386374,0.0386,0.0834698,0.00834678,0.228819,120,0,0.117252,1.40473,0.321429,14.0476
347,0.839001,0.0386,0.0251052,0.00834678,0.0688218,120,0,0.117252,4.67045,0.321429,14.0476
348,0.145528,0.0386,0.0163513,0.00834678,0.0448245,120,0,0.117252,7.17082,0.321429,14.0476
349,0.0746651,0.0386,0.141593,0.00834678,0.388155,120,0,0.117252,0.828094,0.321429,14.0476
350,0.140017,0.0386,0.0613647,0.00834678,0.168221,120,0,0.117252,1.91075,0.321429,14.0476
351,0.309624,0.0386,0.0152037,0.00834678,0.0416787,120,0,0.117252,7.71207,0.321429,14.0476
352,0.302236,0.0386,0.0165265,0.00834678,0.0453048,120,0,0.117252,7.0948,0.321429,14.0476
353,0.666744,0.0386,0.0469797,0.00834678,0.128787,120,0,0.117252,2.49581,0.321429,14.0476
354,0.283592,0.0386,0.0113135,0.00834678,0.0310141,120,0,0.117252,10.3639,0.321429,14.0476
355,0.121503,0.0386,0.102706,0.00834678,0.281552,120,0,0.117252,1.14163,0.321429,14.0476
356,0.332087,0.0386,0.227195,0.00834678,0.622819,120,0,0.117252,0.516087,0.321429,14.0476
357,0.439104,0.0386,0.25035,0.00834678,0.686295,120,0,0.117252,0.468353,0.321429,14.0476
358,0.236469,0.0386,0.0271553,0.00834678,0.0744419,120,0,0.117252,4.31784,0.321429,14.0476
359,0.287251,0.0386,0.0310163,0.00834678,0.0850263,120,0,0.117252,3.78035,0.321429,14.0476
360,0.229232,0.0386,0.0215494,0.00834678,0.0590743,120,0,0.117252,5.44109,0.321429,14.0476
361,0.294642,0.0386,0.0360827,0.00834678,0.0989149,120,0,0.117252,3.24955,0.321429,14.0476
362,0.142295,0.0386,0.0503341,0.00834678,0.137983,120,0,0.117252,2.32948,0.321429,14.0476
363,0.198185,0.0386,0.0188993,0.00834678,0.0518095,120,0,0.117252,6.20405,0.321429,14.0476
364,0.0116668,0.0386,0.0108164,0.00834678,0.0296514,120,0,0.117252,10.8403,0.321429,14.0476
365,0.0975214,0.0386,0.224988,0.00834678,0.616769,120,0,0.117252,0.521149,0.321429,14.0476
366,0.424879,0.0386,0.0880587,0.00834678,0.241399,120,0,0.117252,1.33152,0.321429,14.0476
367,0.290068,0.0386,0.0560291,0.00834678,0.153595,120,0,0.117252,2.09271,0.321429,14.0476
368,0.220959,0.0386,0.00911969,0.00834678,0.0250002,120,0,0.117252,12.8571,0.321429,14.0476
369,0.0878526,0.0386,0.106261,0.00834678,0.291299,120,0,0.117252,1.10343,0.321429,14.0476
370,0.277292,0.0386,0.0104093,0.00834678,0.0285355,120,0,0.117252,11.2642,0.321429,14.0476
371,0.238034,0.0386,0.00524043,0.00834678,0.0143658,120,0,0.117252,22.3746,0.321429,14.0476
372,0.373234,0.0386,0.220353,0.00834678,0.604062,120,0,0.117252,0.532112,0.321429,14.0476
373,0.393176,0.0386,0.0131815,0.00834678,0.0361351,120,0,0.117252,8.89519,0.321429,14.0476
374,0.112432,0.0386,0.307048,0.00834678,0.841722,120,0,0.117252,0.38187,0.321429,14.0476
375,0.514458,0.0386,0.0534117,0.00834678,0.14642,120,0,0.117252,2.19525,0.321429,14.0476
376,0.0852319,0.0386,0.0132043,0.00834678,0.0361976,120,0,0.117252,8.87983,0.321429,14.0476
377,0.191706,0.0386,0.397945,0.00834678,1.0909,120,0,0.117252,0.294645,0.321429,14.0476
378,0.329541,0.0386,0.0121295,0.00834678,0.033251,120,0,0.117252,9.66673,0.321429,14.0476
379,0.197965,0.0386,0.0411478,0.00834678,0.1128,120,0,0.117252,2.84954,0.321429,14.0476
380,0.215333,0.0386,0.0361428,0.00834678,0.0990798,120,0,0.117252,3.24414,0.321429,14.0476
381,0.0251044,0.0386,0.0350384,0.00834678,0.0960523,120,0,0.117252,3.34639,0.321429,14.0476
382,0.239622,0.0386,0.0430462,0.00834678,0.118004,120,0,0.117252,2.72387,0.321429,14.0476
383,0.363317,0.0386,0.0132711,0.00834678,0.0363807,120,0,0.117252,8.83514,0.321429,14.0476
384,0.199525,0.0386,0.0363281,0.00834678,0.0995876,120,0,0.117252,3.2276,0.321429,14.0476
385,0.314652,0.0386,0.0308536,0.00834678,0.0845804,120,0,0.117252,3.80027,0.321429,14.0476
386,0.13198,0.0386,0.162659,0.00834678,0.445903,120,0,0.117252,0.720849,0.321429,14.0476
387,0.183547,0.0386,0.0288724,0.00834678,0.079149,120,0,0.117252,4.06106,0.321429,14.0476
388,0.295887,0.0386,0.0391441,0.00834678,0.107307,120,0,0.117252,2.9954,0.321429,14.0476
389,0.443599,0.0386,0.0677862,0.00834678,0.185825,120,0,0.117252,1.72974,0.321429,14.0476
390,0.911082,0.0386,0.0135352,0.00834678,0.0371047,120,0,0.117252,8.66274,0.321429,14.0476
391,0.217101,0.0386,0.0976038,0.00834678,0.267565,120,0,0.117252,1.20131,0.321429,14.0476
392,0.0501834,0.0386,0.0120327,0.00834678,0.0329857,120,0,0.117252,9.74447,0.321429,14.0476
393,0.659903,0.0386,0.0416334,0.00834678,0.114131,120,0,0.117252,2.81631,0.321429,14.0476
394,0.415341,0.0386,0.0349758,0.00834678,0.0958807,120,0,0.117252,3.35238,0.321429,14.0476
395,0.264936,0.0386,0.0182199,0.00834678,0.049947,120,0,0.117252,6.4354,0.321429,14.0476
396,0.1433,0.0386,0.0200189,0.00834678,0.0548786,120,0,0.117252,5.85709,0.321429,14.0476
397,0.32389,0.0386,0.0386365,0.00834678,0.105916,120,0,0.117252,3.03475,0.321429,14.0476
398,0.360638,0.0386,0.0457086,0.00834678,0.125303,120,0,0.117252,2.56521,0.321429,14.0476
399,0.262469,0.0386,0.22659,0.00834678,0.62116,120,0,0.117252,0.517465,0.321429,14.0476
400,0.869836,0.0386,0.020634,0.00834678,0.0565649,120,0,0.117252,5.68248,0.321429,14.0476
401,0.487881,0.0386,0.0409459,0.00834678,0.112247,120,0,0.117252,2.86359,0.321429,14.0476
402,0.319977,0.0386,0.00925605,0.00834678,0.025374,120,0,0.117252,12.6676,0.321429,14.0476
403,0.484738,0.0386,0.0805807,0.00834678,0.220899,120,0,0.117252,1.45509,0.321429,14.0476
404,0.559243,0.0386,0.0173538,0.00834678,0.0475726,120,0,0.117252,6.75659,0.321429,14.0476
405,0.305575,0.0386,0.0103332,0.00834678,0.0283268,120,0,0.117252,11.3471,0.321429,14.0476
406,0.244397,0.0386,0.0122513,0.00834678,0.033585,120,0,0.117252,9.57061,0.321429,14.0476
407,0.0481669,0.0386,0.0636472,0.00834678,0.174479,120,0,0.117252,1.84222,0.321429,14.0476
408,0.197853,0.0386,0.00940623,0.00834678,0.0257857,120,0,0.117252,12.4654,0.321429,14.0476
409,0.261636,0.0386,0.0167335,0.00834678,0.0458722,120,0,0.117252,7.00704,0.321429,14.0476
410,0.0839844,0.0386,0.0433883,0.00834678,0.118942,120,0,0.117252,2.70239,0.321429,14.0476
411,0.236071,0.0386,0.208775,0.00834678,0.572323,120,0,0.117252,0.561621,0.321429,14.0476
412,0.300018,0.0386,0.0960578,0.00834678,0.263327,120,0,0.117252,1.22064,0.321429,14.0476
413,0.331059,0.0386,0.056618,0.00834678,0.155209,120,0,0.117252,2.07094,0.321429,14.0476
414,0.46758,0.0386,0.0276675,0.00834678,0.075846,120,0,0.117252,4.23791,0.321429,14.0476
415,0.0852308,0.0386,0.045871,0.00834678,0.125748,120,0,0.117252,2.55613,0.321429,14.0476
416,0.555671,0.0386,0.020525,0.00834678,0.0562661,120,0,0.117252,5.71265,0.321429,14.0476
417,0.177695,0.0386,0.103659,0.00834678,0.284164,120,0,0.117252,1.13114,0.321429,14.0476
418,0.419918,0.0386,0.0785611,0.00834678,0.215363,120,0,0.117252,1.4925,0.321429,14.0476
419,0.324294,0.0386,0.134573,0.00834678,0.368911,120,0,0.117252,0.871289,0.321429,14.0476
420,0.19841,0.0386,0.00627735,0.00834678,0.0172083,120,0,0.117252,18.6786,0.321429,14.0476
421,0.12844,0.0386,0.0198021,0.00834678,0.0542843,120,0,0.117252,5.92121,0.321429,14.0476
422,0.261528,0.0386,0.00436322,0.00834678,0.0119611,120,0,0.117252,26.8729,0.321429,14.0476
423,0.163598,0.0386,0.00777805,0.00834678,0.0213223,120,0,0.117252,15.0748,0.321429,14.0476
424,0.136222,0.0386,0.0140217,0.00834678,0.0384382,120,0,0.117252,8.36221,0.321429,14.0476
425,0.183622,0.0386,0.367705,0.00834678,1.00801,120,0,0.117252,0.318876,0.321429,14.0476
426,0.204259,0.0386,0.103698,0.00834678,0.284272,120,0,0.117252,1.13071,0.321429,14.0476
427,0.05903,0.0386,0.0408118,0.00834678,0.111879,120,0,0.117252,2.873,0.321429,14.0476
428,0.2454,0.0386,0.105139,0.00834678,0.288221,120,0,0.117252,1.11522,0.321429,14.0476
429,0.130275,0.0386,0.123888,0.00834678,0.339619,120,0,0.117252,0.946438,0.321429,14.0476
430,0.0468046,0.0386,0.0134862,0.00834678,0.0369703,120,0,0.117252,8.69424,0.321429,14.0476
431,0.251947,0.0386,0.0542993,0.00834678,0.148853,120,0,0.117252,2.15937,0.321429,14.0476
432,0.119807,0.0386,0.0216204,0.00834678,0.0592689,120,0,0.117252,5.42322,0.321429,14.0476
433,0.201467,0.0386,0.103341,0.00834678,0.283292,120,0,0.117252,1.13462,0.321429,14.0476
434,0.340131,0.0386,0.0497787,0.00834678,0.13646,120,0,0.117252,2.35547,0.321429,14.0476
435,0.156711,0.0386,0.0599693,0.00834678,0.164396,120,0,0.117252,1.95521,0.321429,14.0476
436,0.602983,0.0386,0.00894941,0.00834678,0.0245334,120,0,0.117252,13.1017,0.321429,14.0476
437,0.324057,0.0386,0.0229443,0.00834678,0.0628982,120,0,0.117252,5.11029,0.321429,14.0476
438,0.15842,0.0386,0.0139697,0.00834678,0.0382956,120,0,0.117252,8.39334,0.321429,14.0476
439,0.460756,0.0386,0.00388158,0.00834678,0.0106407,120,0,0.117252,30.2074,0.321429,14.0476
440,0.478228,0.0386,0.0990163,0.00834678,0.271438,120,0,0.117252,1.18417,0.321429,14.0476
441,0.257472,0.0386,0.0569188,0.00834678,0.156034,120,0,0.117252,2.05999,0.321429,14.0476
442,0.341066,0.0386,0.014049,0.00834678,0.0385131,120,0,0.117252,8.34596,0.321429,14.0476
443,0.216761,0.0386,0.0188696,0.00834678,0.0517281,120,0,0.117252,6.21381,0.321429,14.0476
444,0.209582,0.0386,0.0425338,0.00834678,0.1166,120,0,0.117252,2.75668,0.321429,14.0476
445,0.0433639,0.0386,0.0523465,0.00834678,0.1435,120,0,0.117252,2.23993,0.321429,14.0476
446,0.2556,0.0386,0.0800208,0.00834678,0.219364,120,0,0.117252,1.46527,0.321429,14.0476
447,0.191005,0.0386,0.019954,0.00834678,0.0547008,120,0,0.117252,5.87612,0.321429,14.0476
448,0.312415,0.0386,0.0337882,0.00834678,0.092625,120,0,0.117252,3.47021,0.321429,14.0476
449,0.216091,0.0386,0.147126,0.00834678,0.403322,120,0,0.117252,0.796952,0.321429,14.0476
450,0.189163,0.0386,0.044503,0.00834678,0.121998,120,0,0.117252,2.63471,0.321429,14.0476
451,0.215797,0.0386,0.0121901,0.00834678,0.0334171,120,0,0.117252,9.61869,0.321429,14.0476
452,0.164298,0.0386,0.0391806,0.00834678,0.107407,120,0,0.117252,2.99261,0.321429,14.0476
453,0.151345,0.0386,0.0713383,0.00834678,0.195563,120,0,0.117252,1.64361,0.321429,14.0476
454,0.193803,0.0386,0.0843688,0.00834678,0.231284,120,0,0.117252,1.38976,0.321429,14.0476
455,0.433899,0.0386,0.0903547,0.00834678,0.247693,120,0,0.117252,1.29769,0.321429,14.0476
456,0.409617,0.0386,0.0637504,0.00834678,0.174761,120,0,0.117252,1.83924,0.321429,14.0476
457,0.289955,0.0386,0.0295585,0.00834678,0.0810299,120,0,0.117252,3.96679,0.321429,14.0476
458,0.512889,0.0386,0.276368,0.00834678,0.757618,120,0,0.117252,0.424262,0.321429,14.0476
459,0.27993,0.0386,0.00851661,0.00834678,0.0233469,120,0,0.117252,13.7675,0.321429,14.0476
460,0.233114,0.0386,0.0256153,0.00834678,0.0702204,120,0,0.117252,4.57743,0.321429,14.0476
461,0.0653188,0.0386,0.0470311,0.00834678,0.128928,120,0,0.117252,2.49308,0.321429,14.0476
462,0.160797,0.0386,0.0961658,0.00834678,0.263623,120,0,0.117252,1.21927,0.321429,14.0476
463,0.29551,0.0386,0.0451766,0.00834678,0.123844,120,0,0.117252,2.59542,0.321429,14.0476
464,0.376767,0.0386,0.18876,0.00834678,0.517455,120,0,0.117252,0.621172,0.321429,14.0476
465,0.216853,0.0386,0.140671,0.00834678,0.385627,120,0,0.117252,0.833522,0.321429,14.0476
466,0.251603,0.0386,0.0418812,0.00834678,0.114811,120,0,0.117252,2.79964,0.321429,14.0476
467,0.393095,0.0386,0.372502,0.00834678,1.02116,120,0,0.117252,0.31477,0.321429,14.0476
468,0.249175,0.0386,0.0438461,0.00834678,0.120197,120,0,0.117252,2.67418,0.321429,14.0476
469,0.272526,0.0386,0.0415922,0.00834678,0.114018,120,0,0.117252,2.81909,0.321429,14.0476
470,0.143589,0.0386,0.540857,0.00834678,1.48267,120,0,0.117252,0.21679,0.321429,14.0476
471,0.100163,0.0386,0.0379076,0.00834678,0.103918,120,0,0.117252,3.09311,0.321429,14.0476
472,0.462903,0.0386,0.231435,0.00834678,0.634443,120,0,0.117252,0.506631,0.321429,14.0476
473,0.130791,0.0386,0.0274979,0.00834678,0.075381,120,0,0.117252,4.26405,0.321429,14.0476
474,0.473163,0.0386,0.0336954,0.00834678,0.0923705,120,0,0.117252,3.47978,0.321429,14.0476
475,0.256651,0.0386,0.0735238,0.00834678,0.201554,120,0,0.117252,1.59475,0.321429,14.0476
476,0.126686,0.0386,0.0151974,0.00834678,0.0416612,120,0,0.117252,7.71529,0.321429,14.0476
477,0.211332,0.0386,0.0516657,0.00834678,0.141633,120,0,0.117252,2.26944,0.321429,14.0476
478,0.333345,0.0386,0.019479,0.00834678,0.0533987,120,0,0.117252,6.01941,0.321429,14.0476
479,0.298538,0.0386,0.193939,0.00834678,0.531654,120,0,0.117252,0.604582,0.321429,14.0476
480,0.0736783,0.0386,0.0693071,0.00834678,0.189994,120,0,0.117252,1.69178,0.321429,14.0476
481,0.0909521,0.0386,0.0521792,0.00834678,0.143041,120,0,0.117252,2.24711,0.321429,14.0476
482,0.649898,0.0386,0.0296587,0.00834678,0.0813046,120,0,0.117252,3.95339,0.321429,14.0476
483,0.346307,0.0386,0.0385267,0.00834678,0.105615,120,0,0.117252,3.04341,0.321429,14.0476
484,0.167519,0.0386,0.113457,0.00834678,0.311023,120,0,0.117252,1.03346,0.321429,14.0476
485,0.177334,0.0386,0.00474631,0.00834678,0.0130112,120,0,0.117252,24.7039,0.321429,14.0476
486,0.702055,0.0386,0.0215951,0.00834678,0.0591996,120,0,0.117252,5.42957,0.321429,14.0476
487,0.0643687,0.0386,0.0175833,0.00834678,0.048202,120,0,0.117252,6.66837,0.321429,14.0476
488,0.190026,0.0386,0.0146674,0.00834678,0.0402083,120,0,0.117252,7.99409,0.321429,14.0476
489,0.312853,0.0386,0.390164,0.00834678,1.06957,120,0,0.117252,0.300521,0.321429,14.0476
490,0.408917,0.0386,0.166176,0.00834678,0.455545,120,0,0.117252,0.705591,0.321429,14.0476
491,0.136515,0.0386,0.0255236,0.00834678,0.0699689,120,0,0.117252,4.59388,0.321429,14.0476
492,0.154312,0.0386,0.0547277,0.00834678,0.150027,120,0,0.117252,2.14247,0.321429,14.0476
493,0.249366,0.0386,0.0308835,0.00834678,0.0846622,120,0,0.117252,3.7966,0.321429,14.0476
494,0.212522,0.0386,0.101781,0.00834678,0.279017,120,0,0.117252,1.152,0.321429,14.0476
495,0.124249,0.0386,0.0139342,0.00834678,0.0381985,120,0,0.117252,8.41469,0.321429,14.0476
496,0.191422,0.0386,0.107624,0.00834678,0.295034,120,0,0.117252,1.08946,0.321429,14.0476
497,0.0438528,0.0386,0.0281437,0.00834678,0.0771514,120,0,0.117252,4.1662,0.321429,14.0476
498,0.0632665,0.0386,0.0149775,0.00834678,0.0410585,120,0,0.117252,7.82855,0.321429,14.0476
499,0.238754,0.0386,0.0355728,0.00834678,0.0975172,120,0,0.117252,3.29612,0.321429,14.0476
