PID,i_lum_F1_indiv,i_lum_k12(KA),i_lum_k23(Q/V),i_lum_k32(Q/VP),i_lum_k20(CL/V),total_mg_dose_per_occassion,DS,Q,V,CL,VP
0,0.196759,0.0386,0.0928971,0.00701877,0.302846,240,0,0.197194,2.12272,0.642857,28.0952
1,0.322388,0.0386,0.0101778,0.00701877,0.03318,240,0,0.197194,19.3749,0.642857,28.0952
2,0.234769,0.0386,0.0282841,0.00701877,0.0922069,240,0,0.197194,6.9719,0.642857,28.0952
3,0.281356,0.0386,0.0639564,0.00701877,0.208499,240,0,0.197194,3.08326,0.642857,28.0952
4,0.600523,0.0386,0.0793363,0.00701877,0.258638,240,0,0.197194,2.48555,0.642857,28.0952
5,0.183934,0.0386,0.00237964,0.00701877,0.00775766,240,0,0.197194,82.8674,0.642857,28.0952
6,0.124008,0.0386,0.00550223,0.00701877,0.0179374,240,0,0.197194,35.839,0.642857,28.0952
7,0.521732,0.0386,0.0903245,0.00701877,0.29446,240,0,0.197194,2.18318,0.642857,28.0952
8,0.417913,0.0386,0.0378734,0.00701877,0.123468,240,0,0.197194,5.20666,0.642857,28.0952
9,0.345334,0.0386,0.0196686,0.00701877,0.0641199,240,0,0.197194,10.0259,0.642857,28.0952
10,0.0541822,0.0386,0.0153039,0.00701877,0.0498909,240,0,0.197194,12.8852,0.642857,28.0952
11,0.443201,0.0386,0.013946,0.00701877,0.0454643,240,0,0.197194,14.1398,0.642857,28.0952
12,0.443372,0.0386,0.103372,0.00701877,0.336995,240,0,0.197194,1.90762,0.642857,28.0952
13,0.29037,0.0386,0.112799,0.00701877,0.367728,240,0,0.197194,1.74819,0.642857,28.0952
14,0.115975,0.0386,0.377257,0.00701877,1.22987,240,0,0.197194,0.522705,0.642857,28.0952
15,0.441784,0.0386,0.0262414,0.00701877,0.0855475,240,0,0.197194,7.51462,0.642857,28.0952
16,0.0958354,0.0386,0.146941,0.00701877,0.47903,240,0,0.197194,1.342,0.642857,28.0952
17,0.160916,0.0386,0.0215934,0.00701877,0.070395,240,0,0.197194,9.13214,0.642857,28.0952
18,0.0218155,0.0386,0.018149,0.00701877,0.059166,240,0,0.197194,10.8653,0.642857,28.0952
19,0.155373,0.0386,0.129894,0.00701877,0.423457,240,0,0.197194,1.51812,0.642857,28.0952
20,0.319213,0.0386,0.00421012,0.00701877,0.0137251,240,0,0.197194,46.8381,0.642857,28.0952
21,0.263593,0.0386,0.0212727,0.00701877,0.0693494,240,0,0.197194,9.26983,0.642857,28.0952
22,0.173107,0.0386,0.0113462,0.00701877,0.0369888,240,0,0.197194,17.3798,0.642857,28.0952
23,0.306729,0.0386,0.144945,0.00701877,0.472524,240,0,0.197194,1.36048,0.642857,28.0952
24,0.222921,0.0386,0.072746,0.00701877,0.237154,240,0,0.197194,2.71072,0.642857,28.0952
25,0.329677,0.0386,0.0080558,0.00701877,0.0262621,240,0,0.197194,24.4785,0.642857,28.0952
26,0.175078,0.0386,0.0451717,0.00701877,0.147261,240,0,0.197194,4.36544,0.642857,28.0952
27,0.384904,0.0386,0.00512699,0.00701877,0.0167141,240,0,0.197194,38.4619,0.642857,28.0952
28,0.100627,0.0386,0.0903401,0.00701877,0.294511,240,0,0.197194,2.1828,0.642857,28.0952
29,0.460602,0.0386,0.0431437,0.00701877,0.140649,240,0,0.197194,4.57064,0.642857,28.0952
30,0.0881863,0.0386,0.0208929,0.00701877,0.0681112,240,0,0.197194,9.43835,0.642857,28.0952
31,0.312481,0.0386,0.325928,0.00701877,1.06253,240,0,0.197194,0.605023,0.642857,28.0952
32,0.394249,0.0386,0.182483,0.00701877,0.5949,240,0,0.197194,1.08061,0.642857,28.0952
33,0.0829601,0.0386,0.00792137,0.00701877,0.0258238,240,0,0.197194,24.8939,0.642857,28.0952
34,0.26451,0.0386,0.0069926,0.00701877,0.022796,240,0,0.197194,28.2004,0.642857,28.0952
35,0.631595,0.0386,0.0411757,0.00701877,0.134234,240,0,0.197194,4.78909,0.642857,28.0952
36,0.163691,0.0386,0.0212927,0.00701877,0.0694148,240,0,0.197194,9.2611,0.642857,28.0952
37,0.213621,0.0386,0.0029516,0.00701877,0.00962228,240,0,0.197194,66.8092,0.642857,28.0952
38,0.13842,0.0386,0.0155079,0.00701877,0.0505561,240,0,0.197194,12.7157,0.642857,28.0952
39,0.269674,0.0386,0.0257289,0.00701877,0.0838767,240,0,0.197194,7.66432,0.642857,28.0952
40,0.14582,0.0386,0.231378,0.00701877,0.754296,240,0,0.197194,0.852261,0.642857,28.0952
41,0.106997,0.0386,0.161577,0.00701877,0.526746,240,0,0.197194,1.22043,0.642857,28.0952
42,0.387563,0.0386,0.374056,0.00701877,1.21943,240,0,0.197194,0.527178,0.642857,28.0952
43,0.226626,0.0386,0.0139141,0.00701877,0.0453604,240,0,0.197194,14.1722,0.642857,28.0952
44,0.296417,0.0386,0.0400052,0.00701877,0.130418,240,0,0.197194,4.92921,0.642857,28.0952
45,0.233076,0.0386,0.0316697,0.00701877,0.103244,240,0,0.197194,6.22658,0.642857,28.0952
46,0.100711,0.0386,0.0126086,0.00701877,0.0411043,240,0,0.197194,15.6397,0.642857,28.0952
47,0.0330192,0.0386,0.0788473,0.00701877,0.257044,240,0,0.197194,2.50096,0.642857,28.0952
48,0.0693608,0.0386,0.0468149,0.00701877,0.152618,240,0,0.197194,4.2122,0.642857,28.0952
49,0.505058,0.0386,0.0620748,0.00701877,0.202365,240,0,0.197194,3.17672,0.642857,28.0952
50,0.202185,0.0386,0.114894,0.00701877,0.374556,240,0,0.197194,1.71632,0.642857,28.0952
51,0.116675,0.0386,0.164912,0.00701877,0.537617,240,0,0.197194,1.19575,0.642857,28.0952
52,0.151292,0.0386,0.0118633,0.00701877,0.0386745,240,0,0.197194,16.6222,0.642857,28.0952
53,0.438292,0.0386,0.0757749,0.00701877,0.247028,240,0,0.197194,2.60237,0.642857,28.0952
54,0.109194,0.0386,0.00982057,0.00701877,0.0320153,240,0,0.197194,20.0797,0.642857,28.0952
55,0.391809,0.0386,0.0943683,0.00701877,0.307643,240,0,0.197194,2.08962,0.642857,28.0952
56,0.144538,0.0386,0.0958637,0.00701877,0.312518,240,0,0.197194,2.05703,0.642857,28.0952
57,0.224457,0.0386,0.004538,0.00701877,0.014794,240,0,0.197194,43.454,0.642857,28.0952
58,0.210383,0.0386,0.104427,0.00701877,0.340434,240,0,0.197194,1.88835,0.642857,28.0952
59,0.363683,0.0386,0.0249104,0.00701877,0.0812084,240,0,0.197194,7.91615,0.642857,28.0952
60,0.325637,0.0386,0.0363195,0.00701877,0.118402,240,0,0.197194,5.42944,0.642857,28.0952
61,0.121051,0.0386,0.0175772,0.00701877,0.057302,240,0,0.197194,11.2188,0.642857,28.0952
62,0.195427,0.0386,0.0154683,0.00701877,0.0504271,240,0,0.197194,12.7482,0.642857,28.0952
63,0.608617,0.0386,0.0119675,0.00701877,0.0390142,240,0,0.197194,16.4775,0.642857,28.0952
64,0.0735339,0.0386,0.0147672,0.00701877,0.0481413,240,0,0.197194,13.3536,0.642857,28.0952
65,0.116583,0.0386,0.00475292,0.00701877,0.0154946,240,0,0.197194,41.4891,0.642857,28.0952
66,0.229944,0.0386,0.0966204,0.00701877,0.314985,240,0,0.197194,2.04092,0.642857,28.0952
67,0.120961,0.0386,0.0271294,0.00701877,0.0884424,240,0,0.197194,7.26865,0.642857,28.0952
68,0.143646,0.0386,0.0041225,0.00701877,0.0134394,240,0,0.197194,47.8337,0.642857,28.0952
69,0.262092,0.0386,0.0238294,0.00701877,0.0776843,240,0,0.197194,8.27525,0.642857,28.0952
70,0.168167,0.0386,0.0476723,0.00701877,0.155413,240,0,0.197194,4.13645,0.642857,28.0952
71,0.406161,0.0386,0.0127528,0.00701877,0.0415746,240,0,0.197194,15.4628,0.642857,28.0952
72,0.0802366,0.0386,0.0117966,0.00701877,0.0384572,240,0,0.197194,16.7162,0.642857,28.0952
73,0.162455,0.0386,0.0740625,0.00701877,0.241445,240,0,0.197194,2.66254,0.642857,28.0952
74,0.235813,0.0386,0.00457359,0.00701877,0.01491,240,0,0.197194,43.1158,0.642857,28.0952
75,0.462196,0.0386,0.0105326,0.00701877,0.0343366,240,0,0.197194,18.7222,0.642857,28.0952
76,0.569673,0.0386,0.0606888,0.00701877,0.197847,240,0,0.197194,3.24927,0.642857,28.0952
77,0.23727,0.0386,0.326158,0.00701877,1.06328,240,0,0.197194,0.604597,0.642857,28.0952
78,0.227586,0.0386,0.0256641,0.00701877,0.0836656,240,0,0.197194,7.68365,0.642857,28.0952
79,0.343649,0.0386,0.0236219,0.00701877,0.0770079,240,0,0.197194,8.34794,0.642857,28.0952
80,0.118262,0.0386,0.0624861,0.00701877,0.203706,240,0,0.197194,3.15581,0.642857,28.0952
81,0.294248,0.0386,0.0470517,0.00701877,0.15339,240,0,0.197194,4.19101,0.642857,28.0952
82,0.117409,0.0386,0.0227936,0.00701877,0.0743076,240,0,0.197194,8.6513,0.642857,28.0952
83,0.401526,0.0386,0.0185535,0.00701877,0.0604849,240,0,0.197194,10.6284,0.642857,28.0952
84,0.250217,0.0386,0.111886,0.00701877,0.364751,240,0,0.197194,1.76246,0.642857,28.0952
85,0.159635,0.0386,0.132758,0.00701877,0.432795,240,0,0.197194,1.48536,0.642857,28.0952
86,0.168654,0.0386,0.00670005,0.00701877,0.0218423,240,0,0.197194,29.4317,0.642857,28.0952
87,0.242365,0.0386,0.0423811,0.00701877,0.138163,240,0,0.197194,4.65287,0.642857,28.0952
88,0.204076,0.0386,0.0598943,0.00701877,0.195257,240,0,0.197194,3.29237,0.642857,28.0952
89,0.155002,0.0386,0.00919212,0.00701877,0.0299665,240,0,0.197194,21.4525,0.642857,28.0952
90,0.0884748,0.0386,0.0160716,0.00701877,0.0523936,240,0,0.197194,12.2698,0.642857,28.0952
91,0.266369,0.0386,0.0652346,0.00701877,0.212666,240,0,0.197194,3.02285,0.642857,28.0952
92,0.359498,0.0386,0.0313507,0.00701877,0.102204,240,0,0.197194,6.28994,0.642857,28.0952
93,0.0828228,0.0386,0.110481,0.00701877,0.360171,240,0,0.197194,1.78486,0.642857,28.0952
94,0.356968,0.0386,0.0044279,0.00701877,0.0144351,240,0,0.197194,44.5345,0.642857,28.0952
95,0.0642434,0.0386,0.0379057,0.00701877,0.123573,240,0,0.197194,5.20223,0.642857,28.0952
96,0.110685,0.0386,0.0221611,0.00701877,0.0722457,240,0,0.197194,8.89821,0.642857,28.0952
97,0.210761,0.0386,0.0410111,0.00701877,0.133697,240,0,0.197194,4.80831,0.642857,28.0952
98,0.216959,0.0386,0.037094,0.00701877,0.120927,240,0,0.197194,5.31607,0.642857,28.0952
99,0.102447,0.0386,0.097091,0.00701877,0.316519,240,0,0.197194,2.03102,0.642857,28.0952
100,0.530194,0.0386,0.136732,0.00701877,0.44575,240,0,0.197194,1.44219,0.642857,28.0952
101,0.150489,0.0386,0.0145266,0.00701877,0.0473569,240,0,0.197194,13.5747,0.642857,28.0952
102,0.58659,0.0386,0.0581747,0.00701877,0.189651,240,0,0.197194,3.38969,0.642857,28.0952
103,0.305965,0.0386,0.0517574,0.00701877,0.16873,240,0,0.197194,3.80997,0.642857,28.0952
104,0.492072,0.0386,0.0103035,0.00701877,0.0335897,240,0,0.197194,19.1385,0.642857,28.0952
105,0.0712655,0.0386,0.0765408,0.00701877,0.249525,240,0,0.197194,2.57633,0.642857,28.0952
106,0.236924,0.0386,0.0307246,0.00701877,0.100163,240,0,0.197194,6.41812,0.642857,28.0952
107,0.321338,0.0386,0.0214743,0.00701877,0.0700067,240,0,0.197194,9.1828,0.642857,28.0952
108,0.123066,0.0386,0.0661938,0.00701877,0.215793,240,0,0.197194,2.97904,0.642857,28.0952
109,0.254345,0.0386,0.167315,0.00701877,0.545451,240,0,0.197194,1.17858,0.642857,28.0952
110,0.36424,0.0386,0.0239571,0.00701877,0.0781007,240,0,0.197194,8.23113,0.642857,28.0952
111,0.29556,0.0386,0.00581233,0.00701877,0.0189483,240,0,0.197194,33.9268,0.642857,28.0952
112,0.23646,0.0386,0.0172922,0.00701877,0.0563728,240,0,0.197194,11.4037,0.642857,28.0952
113,0.103839,0.0386,0.0171256,0.00701877,0.0558299,240,0,0.197194,11.5146,0.642857,28.0952
114,0.381708,0.0386,0.0169671,0.00701877,0.0553132,240,0,0.197194,11.6221,0.642857,28.0952
115,0.230446,0.0386,0.0243204,0.00701877,0.0792851,240,0,0.197194,8.10817,0.642857,28.0952
116,0.225322,0.0386,0.045444,0.00701877,0.148148,240,0,0.197194,4.33928,0.642857,28.0952
117,0.172384,0.0386,0.0131729,0.00701877,0.0429439,240,0,0.197194,14.9697,0.642857,28.0952
118,0.233073,0.0386,0.0657275,0.00701877,0.214273,240,0,0.197194,3.00018,0.642857,28.0952
119,0.231937,0.0386,0.242072,0.00701877,0.789162,240,0,0.197194,0.814608,0.642857,28.0952
120,0.0118419,0.0386,0.0403003,0.00701877,0.13138,240,0,0.197194,4.89312,0.642857,28.0952
121,0.130105,0.0386,0.017786,0.00701877,0.0579827,240,0,0.197194,11.0871,0.642857,28.0952
122,0.284863,0.0386,0.0110473,0.00701877,0.0360143,240,0,0.197194,17.85,0.642857,28.0952
123,0.432573,0.0386,0.133309,0.00701877,0.434592,240,0,0.197194,1.47922,0.642857,28.0952
124,0.169761,0.0386,0.0304039,0.00701877,0.0991173,240,0,0.197194,6.48582,0.642857,28.0952
125,0.315682,0.0386,0.0322375,0.00701877,0.105095,240,0,0.197194,6.11692,0.642857,28.0952
126,0.41268,0.0386,0.0417806,0.00701877,0.136206,240,0,0.197194,4.71976,0.642857,28.0952
127,0.335992,0.0386,0.0126285,0.00701877,0.0411692,240,0,0.197194,15.615,0.642857,28.0952
128,0.253316,0.0386,0.0476504,0.00701877,0.155341,240,0,0.197194,4.13835,0.642857,28.0952
129,0.277582,0.0386,0.100252,0.00701877,0.326824,240,0,0.197194,1.96698,0.642857,28.0952
130,0.268049,0.0386,0.0120635,0.00701877,0.0393274,240,0,0.197194,16.3463,0.642857,28.0952
131,0.635612,0.0386,0.31241,0.00701877,1.01846,240,0,0.197194,0.631203,0.642857,28.0952
132,0.367638,0.0386,0.0218346,0.00701877,0.0711811,240,0,0.197194,9.03129,0.642857,28.0952
133,0.30971,0.0386,0.173709,0.00701877,0.566294,240,0,0.197194,1.1352,0.642857,28.0952
134,0.193004,0.0386,0.298415,0.00701877,0.972839,240,0,0.197194,0.660805,0.642857,28.0952
135,0.587927,0.0386,0.0887632,0.00701877,0.28937,240,0,0.197194,2.22158,0.642857,28.0952
136,0.240644,0.0386,0.144685,0.00701877,0.471675,240,0,0.197194,1.36292,0.642857,28.0952
137,0.0723109,0.0386,0.0167153,0.00701877,0.0544922,240,0,0.197194,11.7972,0.642857,28.0952
138,0.0556001,0.0386,0.390848,0.00701877,1.27417,240,0,0.197194,0.504529,0.642857,28.0952
139,0.217101,0.0386,0.0686682,0.00701877,0.22386,240,0,0.197194,2.8717,0.642857,28.0952
140,0.240511,0.0386,0.0850453,0.00701877,0.27725,240,0,0.197194,2.31869,0.642857,28.0952
141,0.0969125,0.0386,0.0365175,0.00701877,0.119048,240,0,0.197194,5.39999,0.642857,28.0952
142,0.662137,0.0386,0.0161501,0.00701877,0.0526496,240,0,0.197194,12.2101,0.642857,28.0952
143,0.127033,0.0386,0.124836,0.00701877,0.406968,240,0,0.197194,1.57963,0.642857,28.0952
144,0.268088,0.0386,0.0133468,0.00701877,0.0435109,240,0,0.197194,14.7746,0.642857,28.0952
145,0.311167,0.0386,0.106067,0.00701877,0.345779,240,0,0.197194,1.85915,0.642857,28.0952
146,0.268189,0.0386,0.0260101,0.00701877,0.0847934,240,0,0.197194,7.58146,0.642857,28.0952
147,0.278505,0.0386,0.0213356,0.00701877,0.0695545,240,0,0.197194,9.24249,0.642857,28.0952
148,0.290442,0.0386,0.0606748,0.00701877,0.197801,240,0,0.197194,3.25002,0.642857,28.0952
149,0.203528,0.0386,0.00721368,0.00701877,0.0235168,240,0,0.197194,27.3361,0.642857,28.0952
150,0.426329,0.0386,0.0670254,0.00701877,0.218504,240,0,0.197194,2.94208,0.642857,28.0952
151,0.181993,0.0386,0.0100812,0.00701877,0.032865,240,0,0.197194,19.5606,0.642857,28.0952
152,0.0792136,0.0386,0.0370366,0.00701877,0.12074,240,0,0.197194,5.32431,0.642857,28.0952
153,0.195562,0.0386,0.066263,0.00701877,0.216019,240,0,0.197194,2.97593,0.642857,28.0952
154,0.307402,0.0386,0.0551103,0.00701877,0.179661,240,0,0.197194,3.57817,0.642857,28.0952
155,0.162032,0.0386,0.137402,0.00701877,0.447933,240,0,0.197194,1.43516,0.642857,28.0952
156,0.275836,0.0386,0.0343119,0.00701877,0.111857,240,0,0.197194,5.74711,0.642857,28.0952
157,0.271738,0.0386,0.129253,0.00701877,0.421369,240,0,0.197194,1.52564,0.642857,28.0952
158,0.454739,0.0386,0.00855134,0.00701877,0.0278775,240,0,0.197194,23.06,0.642857,28.0952
159,0.0948017,0.0386,0.0497,0.00701877,0.162023,240,0,0.197194,3.96769,0.642857,28.0952
160,0.174598,0.0386,0.0715305,0.00701877,0.233191,240,0,0.197194,2.75678,0.642857,28.0952
161,0.195944,0.0386,0.0733976,0.00701877,0.239278,240,0,0.197194,2.68666,0.642857,28.0952
162,0.19006,0.0386,0.0149969,0.00701877,0.0488903,240,0,0.197194,13.149,0.642857,28.0952
163,0.230875,0.0386,0.179528,0.00701877,0.585266,240,0,0.197194,1.0984,0.642857,28.0952
164,0.418305,0.0386,0.0145314,0.00701877,0.0473727,240,0,0.197194,13.5702,0.642857,28.0952
165,0.147507,0.0386,0.0984325,0.00701877,0.320892,240,0,0.197194,2.00334,0.642857,28.0952
166,0.117391,0.0386,0.0154964,0.00701877,0.0505188,240,0,0.197194,12.7251,0.642857,28.0952
167,0.295453,0.0386,0.0779989,0.00701877,0.254278,240,0,0.197194,2.52816,0.642857,28.0952
168,0.193738,0.0386,0.00399384,0.00701877,0.01302,240,0,0.197194,49.3745,0.642857,28.0952
169,0.228293,0.0386,0.181097,0.00701877,0.590382,240,0,0.197194,1.08888,0.642857,28.0952
170,0.0655968,0.0386,0.0375042,0.00701877,0.122264,240,0,0.197194,5.25793,0.642857,28.0952
171,0.48336,0.0386,0.0642532,0.00701877,0.209467,240,0,0.197194,3.06902,0.642857,28.0952
172,0.225573,0.0386,0.022401,0.00701877,0.0730276,240,0,0.197194,8.80293,0.642857,28.0952
173,0.180323,0.0386,0.0365885,0.00701877,0.119279,240,0,0.197194,5.3895,0.642857,28.0952
174,0.260287,0.0386,0.010152,0.00701877,0.0330957,240,0,0.197194,19.4242,0.642857,28.0952
175,0.345711,0.0386,0.0334326,0.00701877,0.108991,240,0,0.197194,5.89825,0.642857,28.0952
176,0.376015,0.0386,0.0526993,0.00701877,0.171801,240,0,0.197194,3.74187,0.642857,28.0952
177,0.596137,0.0386,0.106868,0.00701877,0.348393,240,0,0.197194,1.84521,0.642857,28.0952
178,0.114382,0.0386,0.00981812,0.00701877,0.0320073,240,0,0.197194,20.0847,0.642857,28.0952
179,0.0507613,0.0386,0.0680104,0.00701877,0.221715,240,0,0.197194,2.89947,0.642857,28.0952
180,0.234404,0.0386,0.014029,0.00701877,0.0457347,240,0,0.197194,14.0562,0.642857,28.0952
181,0.21402,0.0386,0.0867299,0.00701877,0.282742,240,0,0.197194,2.27366,0.642857,28.0952
182,0.102824,0.0386,0.0426972,0.00701877,0.139194,240,0,0.197194,4.61844,0.642857,28.0952
183,0.166325,0.0386,0.0748319,0.00701877,0.243954,240,0,0.197194,2.63516,0.642857,28.0952
184,0.128667,0.0386,0.098471,0.00701877,0.321017,240,0,0.197194,2.00256,0.642857,28.0952
185,0.255902,0.0386,0.0576559,0.00701877,0.18796,240,0,0.197194,3.42019,0.642857,28.0952
186,0.64958,0.0386,0.0957709,0.00701877,0.312215,240,0,0.197194,2.05902,0.642857,28.0952
187,0.325303,0.0386,0.0196064,0.00701877,0.0639173,240,0,0.197194,10.0576,0.642857,28.0952
188,0.565601,0.0386,0.174793,0.00701877,0.56983,240,0,0.197194,1.12816,0.642857,28.0952
189,0.519628,0.0386,0.0958826,0.00701877,0.312579,240,0,0.197194,2.05662,0.642857,28.0952
190,0.223535,0.0386,0.0226331,0.00701877,0.0737845,240,0,0.197194,8.71263,0.642857,28.0952
191,0.0871625,0.0386,0.0232949,0.00701877,0.0759418,240,0,0.197194,8.46513,0.642857,28.0952
192,0.216112,0.0386,0.0188228,0.00701877,0.0613627,240,0,0.197194,10.4763,0.642857,28.0952
193,0.376002,0.0386,0.0440249,0.00701877,0.143522,240,0,0.197194,4.47915,0.642857,28.0952
194,0.215954,0.0386,0.0233508,0.00701877,0.0761241,240,0,0.197194,8.44485,0.642857,28.0952
195,0.520086,0.0386,0.0246554,0.00701877,0.080377,240,0,0.197194,7.99802,0.642857,28.0952
196,0.264933,0.0386,0.0104163,0.00701877,0.0339573,240,0,0.197194,18.9314,0.642857,28.0952
197,0.314473,0.0386,0.0592739,0.00701877,0.193234,240,0,0.197194,3.32683,0.642857,28.0952
198,0.0643178,0.0386,0.0321884,0.00701877,0.104935,240,0,0.197194,6.12624,0.642857,28.0952
199,0.0737119,0.0386,0.0456341,0.00701877,0.148768,240,0,0.197194,4.3212,0.642857,28.0952
200,0.16598,0.0386,0.0218439,0.00701877,0.0712117,240,0,0.197194,9.02741,0.642857,28.0952
201,0.298129,0.0386,0.019165,0.00701877,0.0624784,240,0,0.197194,10.2893,0.642857,28.0952
202,0.455841,0.0386,0.0193843,0.00701877,0.0631933,240,0,0.197194,10.1729,0.642857,28.0952
203,0.144007,0.0386,0.0223859,0.00701877,0.0729784,240,0,0.197194,8.80887,0.642857,28.0952
204,0.711198,0.0386,0.0293583,0.00701877,0.0957088,240,0,0.197194,6.7168,0.642857,28.0952
205,0.238165,0.0386,0.402751,0.00701877,1.31298,240,0,0.197194,0.489618,0.642857,28.0952
206,0.303747,0.0386,0.016378,0.00701877,0.0533926,240,0,0.197194,12.0402,0.642857,28.0952
207,0.226203,0.0386,0.0205322,0.00701877,0.0669354,240,0,0.197194,9.60415,0.642857,28.0952
208,0.17071,0.0386,0.00578223,0.00701877,0.0188502,240,0,0.197194,34.1035,0.642857,28.0952
209,0.33378,0.0386,0.0707903,0.00701877,0.230778,240,0,0.197194,2.78561,0.642857,28.0952
210,0.388059,0.0386,0.0420054,0.00701877,0.136938,240,0,0.197194,4.6945,0.642857,28.0952
211,0.158618,0.0386,0.157381,0.00701877,0.513066,240,0,0.197194,1.25297,0.642857,28.0952
212,0.581492,0.0386,0.0224813,0.00701877,0.0732894,240,0,0.197194,8.77149,0.642857,28.0952
213,0.0773414,0.0386,0.0233857,0.00701877,0.0762379,240,0,0.197194,8.43225,0.642857,28.0952
214,0.0751616,0.0386,0.0383133,0.00701877,0.124902,240,0,0.197194,5.14688,0.642857,28.0952
215,0.416504,0.0386,0.0515652,0.00701877,0.168104,240,0,0.197194,3.82417,0.642857,28.0952
216,0.353661,0.0386,0.0100025,0.00701877,0.0326084,240,0,0.197194,19.7145,0.642857,28.0952
217,0.35466,0.0386,0.0486263,0.00701877,0.158523,240,0,0.197194,4.0553,0.642857,28.0952
218,0.223215,0.0386,0.0315901,0.00701877,0.102984,240,0,0.197194,6.24228,0.642857,28.0952
219,0.101363,0.0386,0.0677511,0.00701877,0.22087,240,0,0.197194,2.91057,0.642857,28.0952
220,0.273236,0.0386,0.0438049,0.00701877,0.142805,240,0,0.197194,4.50164,0.642857,28.0952
221,0.366677,0.0386,0.0405196,0.00701877,0.132095,240,0,0.197194,4.86664,0.642857,28.0952
222,0.0925651,0.0386,0.286948,0.00701877,0.935456,240,0,0.197194,0.687213,0.642857,28.0952
223,0.0603146,0.0386,0.00351285,0.00701877,0.011452,240,0,0.197194,56.1351,0.642857,28.0952
224,0.100719,0.0386,0.0162483,0.00701877,0.0529697,240,0,0.197194,12.1363,0.642857,28.0952
225,0.142475,0.0386,0.0415179,0.00701877,0.135349,240,0,0.197194,4.74961,0.642857,28.0952
226,0.114846,0.0386,0.0556141,0.00701877,0.181303,240,0,0.197194,3.54576,0.642857,28.0952
227,0.0657392,0.0386,0.0195073,0.00701877,0.0635944,240,0,0.197194,10.1087,0.642857,28.0952
228,0.384052,0.0386,0.0442486,0.00701877,0.144251,240,0,0.197194,4.4565,0.642857,28.0952
229,0.26734,0.0386,0.0496042,0.00701877,0.161711,240,0,0.197194,3.97535,0.642857,28.0952
230,0.169714,0.0386,0.0162447,0.00701877,0.0529581,240,0,0.197194,12.139,0.642857,28.0952
231,0.238526,0.0386,0.0127744,0.00701877,0.0416449,240,0,0.197194,15.4366,0.642857,28.0952
232,0.0838289,0.0386,0.0215938,0.00701877,0.0703964,240,0,0.197194,9.13197,0.642857,28.0952
233,0.161952,0.0386,0.00833982,0.00701877,0.027188,240,0,0.197194,23.6449,0.642857,28.0952
234,0.0730102,0.0386,0.0760658,0.00701877,0.247976,240,0,0.197194,2.59241,0.642857,28.0952
235,0.148959,0.0386,0.0298514,0.00701877,0.0973162,240,0,0.197194,6.60586,0.642857,28.0952
236,0.0956678,0.0386,0.0212764,0.00701877,0.0693614,240,0,0.197194,9.26823,0.642857,28.0952
237,0.714689,0.0386,0.00768275,0.00701877,0.0250459,240,0,0.197194,25.6671,0.642857,28.0952
238,0.722688,0.0386,0.0273601,0.00701877,0.0891946,240,0,0.197194,7.20736,0.642857,28.0952
239,0.239279,0.0386,0.0304628,0.00701877,0.0993095,240,0,0.197194,6.47327,0.642857,28.0952
240,0.428301,0.0386,0.00663295,0.00701877,0.0216236,240,0,0.197194,29.7295,0.642857,28.0952
241,0.0786935,0.0386,0.0537521,0.00701877,0.175233,240,0,0.197194,3.66858,0.642857,28.0952
242,0.458247,0.0386,0.0676622,0.00701877,0.22058,240,0,0.197194,2.91439,0.642857,28.0952
243,0.581683,0.0386,0.0167431,0.00701877,0.0545828,240,0,0.197194,11.7776,0.642857,28.0952
244,0.227135,0.0386,0.0727466,0.00701877,0.237155,240,0,0.197194,2.7107,0.642857,28.0952
245,0.119045,0.0386,0.0319589,0.00701877,0.104187,240,0,0.197194,6.17025,0.642857,28.0952
246,0.606021,0.0386,0.022655,0.00701877,0.0738559,240,0,0.197194,8.70421,0.642857,28.0952
247,0.130544,0.0386,0.0537623,0.00701877,0.175266,240,0,0.197194,3.66789,0.642857,28.0952
248,0.054019,0.0386,0.00781421,0.00701877,0.0254745,240,0,0.197194,25.2353,0.642857,28.0952
249,0.588834,0.0386,0.0192781,0.00701877,0.0628469,240,0,0.197194,10.2289,0.642857,28.0952
250,0.117955,0.0386,0.0861922,0.00701877,0.280989,240,0,0.197194,2.28784,0.642857,28.0952
251,0.291656,0.0386,0.0390776,0.00701877,0.127394,240,0,0.197194,5.04622,0.642857,28.0952
252,0.205944,0.0386,0.0272291,0.00701877,0.0887674,240,0,0.197194,7.24204,0.642857,28.0952
253,0.138423,0.0386,0.042292,0.00701877,0.137873,240,0,0.197194,4.66268,0.642857,28.0952
254,0.254628,0.0386,0.0416767,0.00701877,0.135867,240,0,0.197194,4.73152,0.642857,28.0952
255,0.0635085,0.0386,0.120827,0.00701877,0.393897,240,0,0.197194,1.63204,0.642857,28.0952
256,0.365181,0.0386,0.0662753,0.00701877,0.216059,240,0,0.197194,2.97538,0.642857,28.0952
257,0.1157,0.0386,0.0238745,0.00701877,0.0778313,240,0,0.197194,8.25962,0.642857,28.0952
258,0.027213,0.0386,0.151648,0.00701877,0.494375,240,0,0.197194,1.30034,0.642857,28.0952
259,0.432699,0.0386,0.968818,0.00701877,3.15837,240,0,0.197194,0.203541,0.642857,28.0952
260,0.101888,0.0386,0.0758041,0.00701877,0.247123,240,0,0.197194,2.60136,0.642857,28.0952
261,0.679724,0.0386,0.0411955,0.00701877,0.134298,240,0,0.197194,4.78678,0.642857,28.0952
262,0.181448,0.0386,0.0336662,0.00701877,0.109753,240,0,0.197194,5.85733,0.642857,28.0952
263,0.222461,0.0386,0.0893764,0.00701877,0.291369,240,0,0.197194,2.20633,0.642857,28.0952
264,0.220998,0.0386,0.0919834,0.00701877,0.299868,240,0,0.197194,2.1438,0.642857,28.0952
265,0.220408,0.0386,0.0117579,0.00701877,0.038331,240,0,0.197194,16.7712,0.642857,28.0952
266,0.382756,0.0386,0.391401,0.00701877,1.27598,240,0,0.197194,0.503816,0.642857,28.0952
267,0.102645,0.0386,0.00590559,0.00701877,0.0192523,240,0,0.197194,33.3911,0.642857,28.0952
268,0.158184,0.0386,0.0235923,0.00701877,0.0769115,240,0,0.197194,8.3584,0.642857,28.0952
269,0.299119,0.0386,0.0115674,0.00701877,0.0377099,240,0,0.197194,17.0474,0.642857,28.0952
270,0.263859,0.0386,0.0184864,0.00701877,0.0602661,240,0,0.197194,10.667,0.642857,28.0952
271,0.441663,0.0386,0.0064094,0.00701877,0.0208948,240,0,0.197194,30.7664,0.642857,28.0952
272,0.117113,0.0386,0.0568379,0.00701877,0.185293,240,0,0.197194,3.46941,0.642857,28.0952
273,0.324902,0.0386,0.040359,0.00701877,0.131571,240,0,0.197194,4.886,0.642857,28.0952
274,0.67608,0.0386,0.0222052,0.00701877,0.0723894,240,0,0.197194,8.88054,0.642857,28.0952
275,0.100077,0.0386,0.0235318,0.00701877,0.0767141,240,0,0.197194,8.37991,0.642857,28.0952
276,0.162989,0.0386,0.0994675,0.00701877,0.324266,240,0,0.197194,1.9825,0.642857,28.0952
277,0.124441,0.0386,0.019435,0.00701877,0.0633587,240,0,0.197194,10.1463,0.642857,28.0952
278,0.412888,0.0386,0.0570333,0.00701877,0.18593,240,0,0.197194,3.45753,0.642857,28.0952
279,0.0798793,0.0386,0.0407483,0.00701877,0.13284,240,0,0.197194,4.83932,0.642857,28.0952
280,0.323835,0.0386,0.107694,0.00701877,0.351086,240,0,0.197194,1.83105,0.642857,28.0952
281,0.111453,0.0386,0.0545879,0.00701877,0.177958,240,0,0.197194,3.61242,0.642857,28.0952
282,0.475868,0.0386,0.00677677,0.00701877,0.0220924,240,0,0.197194,29.0985,0.642857,28.0952
283,0.168202,0.0386,0.0921419,0.00701877,0.300385,240,0,0.197194,2.14011,0.642857,28.0952
284,0.140435,0.0386,0.0222719,0.00701877,0.0726068,240,0,0.197194,8.85395,0.642857,28.0952
285,0.0589363,0.0386,0.0894717,0.00701877,0.29168,240,0,0.197194,2.20398,0.642857,28.0952
286,0.187134,0.0386,0.0345318,0.00701877,0.112574,240,0,0.197194,5.71051,0.642857,28.0952
287,0.247633,0.0386,0.0808854,0.00701877,0.263688,240,0,0.197194,2.43794,0.642857,28.0952
288,0.300346,0.0386,0.0895864,0.00701877,0.292054,240,0,0.197194,2.20116,0.642857,28.0952
289,0.628265,0.0386,0.0381326,0.00701877,0.124313,240,0,0.197194,5.17127,0.642857,28.0952
290,0.225592,0.0386,0.120111,0.00701877,0.391563,240,0,0.197194,1.64177,0.642857,28.0952
291,0.382203,0.0386,0.00205098,0.00701877,0.00668623,240,0,0.197194,96.1464,0.642857,28.0952
292,0.287261,0.0386,0.0421893,0.00701877,0.137538,240,0,0.197194,4.67403,0.642857,28.0952
293,0.207243,0.0386,0.146873,0.00701877,0.478811,240,0,0.197194,1.34261,0.642857,28.0952
294,0.283408,0.0386,0.0202383,0.00701877,0.0659772,240,0,0.197194,9.74363,0.642857,28.0952
295,0.562068,0.0386,0.00855133,0.00701877,0.0278775,240,0,0.197194,23.0601,0.642857,28.0952
296,0.154599,0.0386,0.083296,0.00701877,0.271547,240,0,0.197194,2.36739,0.642857,28.0952
297,0.430295,0.0386,0.0246488,0.00701877,0.0803557,240,0,0.197194,8.00015,0.642857,28.0952
298,0.229315,0.0386,0.19051,0.00701877,0.621066,240,0,0.197194,1.03509,0.642857,28.0952
299,0.551608,0.0386,0.0172949,0.00701877,0.0563818,240,0,0.197194,11.4019,0.642857,28.0952
300,0.154369,0.0386,0.0219044,0.00701877,0.0714087,240,0,0.197194,9.0025,0.642857,28.0952
301,0.11199,0.0386,0.229291,0.00701877,0.747494,240,0,0.197194,0.860016,0.642857,28.0952
302,0.2086,0.0386,0.0408186,0.00701877,0.133069,240,0,0.197194,4.83099,0.642857,28.0952
303,0.19572,0.0386,0.104771,0.00701877,0.341556,240,0,0.197194,1.88214,0.642857,28.0952
304,0.114368,0.0386,0.0595287,0.00701877,0.194065,240,0,0.197194,3.31259,0.642857,28.0952
305,0.120053,0.0386,0.0571041,0.00701877,0.186161,240,0,0.197194,3.45324,0.642857,28.0952
306,0.258437,0.0386,0.163969,0.00701877,0.534542,240,0,0.197194,1.20263,0.642857,28.0952
307,0.427925,0.0386,0.0582279,0.00701877,0.189824,240,0,0.197194,3.38659,0.642857,28.0952
308,0.171324,0.0386,0.0980567,0.00701877,0.319667,240,0,0.197194,2.01102,0.642857,28.0952
309,0.1742,0.0386,0.0281294,0.00701877,0.0917026,240,0,0.197194,7.01024,0.642857,28.0952
310,0.544005,0.0386,0.0726381,0.00701877,0.236802,240,0,0.197194,2.71475,0.642857,28.0952
311,0.310828,0.0386,0.0257008,0.00701877,0.083785,240,0,0.197194,7.6727,0.642857,28.0952
312,0.626922,0.0386,0.0378189,0.00701877,0.12329,240,0,0.197194,5.21417,0.642857,28.0952
313,0.322839,0.0386,0.0243989,0.00701877,0.0795411,240,0,0.197194,8.08208,0.642857,28.0952
314,0.286079,0.0386,0.0071745,0.00701877,0.023389,240,0,0.197194,27.4854,0.642857,28.0952
315,0.137786,0.0386,0.0140721,0.00701877,0.0458752,240,0,0.197194,14.0132,0.642857,28.0952
316,0.177179,0.0386,0.112175,0.00701877,0.365693,240,0,0.197194,1.75792,0.642857,28.0952
317,0.775135,0.0386,0.00788702,0.00701877,0.0257119,240,0,0.197194,25.0024,0.642857,28.0952
318,0.144946,0.0386,0.0523498,0.00701877,0.170662,240,0,0.197194,3.76686,0.642857,28.0952
319,0.157248,0.0386,0.0877899,0.00701877,0.286197,240,0,0.197194,2.24621,0.642857,28.0952
320,0.153326,0.0386,0.0419715,0.00701877,0.136828,240,0,0.197194,4.69828,0.642857,28.0952
321,0.306566,0.0386,0.0505367,0.00701877,0.164751,240,0,0.197194,3.902,0.642857,28.0952
322,0.290602,0.0386,0.140698,0.00701877,0.458678,240,0,0.197194,1.40154,0.642857,28.0952
323,0.277483,0.0386,0.0556038,0.00701877,0.18127,240,0,0.197194,3.54641,0.642857,28.0952
324,0.306152,0.0386,0.0882089,0.00701877,0.287563,240,0,0.197194,2.23554,0.642857,28.0952
325,0.164626,0.0386,0.00717952,0.00701877,0.0234054,240,0,0.197194,27.4662,0.642857,28.0952
326,0.109386,0.0386,0.0127681,0.00701877,0.0416243,240,0,0.197194,15.4443,0.642857,28.0952
327,0.0560983,0.0386,0.0215576,0.00701877,0.0702781,240,0,0.197194,9.14733,0.642857,28.0952
328,0.184867,0.0386,0.0389597,0.00701877,0.127009,240,0,0.197194,5.06149,0.642857,28.0952
329,0.121951,0.0386,0.0824904,0.00701877,0.26892,240,0,0.197194,2.39051,0.642857,28.0952
330,0.320454,0.0386,0.0702152,0.00701877,0.228903,240,0,0.197194,2.80842,0.642857,28.0952
331,0.331175,0.0386,0.00801094,0.00701877,0.0261158,240,0,0.197194,24.6156,0.642857,28.0952
332,0.336737,0.0386,0.223702,0.00701877,0.729273,240,0,0.197194,0.881505,0.642857,28.0952
333,0.176629,0.0386,0.0206263,0.00701877,0.0672422,240,0,0.197194,9.56033,0.642857,28.0952
334,0.551208,0.0386,0.0142605,0.00701877,0.0464897,240,0,0.197194,13.828,0.642857,28.0952
335,0.458202,0.0386,0.0100177,0.00701877,0.0326578,240,0,0.197194,19.6846,0.642857,28.0952
336,0.365297,0.0386,0.0293008,0.00701877,0.0955211,240,0,0.197194,6.73,0.642857,28.0952
337,0.343835,0.0386,0.0436683,0.00701877,0.14236,240,0,0.197194,4.51572,0.642857,28.0952
338,0.380522,0.0386,0.0147243,0.00701877,0.0480015,240,0,0.197194,13.3924,0.642857,28.0952
339,0.156772,0.0386,0.0160362,0.00701877,0.0522783,240,0,0.197194,12.2968,0.642857,28.0952
340,0.0968532,0.0386,0.0178739,0.00701877,0.0582692,240,0,0.197194,11.0325,0.642857,28.0952
341,0.442091,0.0386,0.0124783,0.00701877,0.0406795,240,0,0.197194,15.803,0.642857,28.0952
342,0.273272,0.0386,0.0133826,0.00701877,0.0436276,240,0,0.197194,14.7351,0.642857,28.0952
343,0.169868,0.0386,0.0452059,0.00701877,0.147372,240,0,0.197194,4.36213,0.642857,28.0952
344,0.133538,0.0386,0.0817911,0.00701877,0.266641,240,0,0.197194,2.41095,0.642857,28.0952
345,0.330067,0.0386,0.0791207,0.00701877,0.257935,240,0,0.197194,2.49232,0.642857,28.0952
346,0.673519,0.0386,0.0563225,0.00701877,0.183613,240,0,0.197194,3.50116,0.642857,28.0952
347,0.422793,0.0386,0.219846,0.00701877,0.716703,240,0,0.197194,0.896964,0.642857,28.0952
348,0.731435,0.0386,0.0645235,0.00701877,0.210348,240,0,0.197194,3.05616,0.642857,28.0952
349,0.118465,0.0386,0.274463,0.00701877,0.894755,240,0,0.197194,0.718473,0.642857,28.0952
350,0.106204,0.0386,0.00426797,0.00701877,0.0139137,240,0,0.197194,46.2032,0.642857,28.0952
351,0.404513,0.0386,0.0601215,0.00701877,0.195997,240,0,0.197194,3.27993,0.642857,28.0952
352,0.287173,0.0386,0.0277778,0.00701877,0.0905562,240,0,0.197194,7.09899,0.642857,28.0952
353,0.156519,0.0386,0.0853186,0.00701877,0.278141,240,0,0.197194,2.31127,0.642857,28.0952
354,0.390363,0.0386,0.018594,0.00701877,0.0606168,240,0,0.197194,10.6053,0.642857,28.0952
355,0.435467,0.0386,0.0253336,0.00701877,0.0825882,240,0,0.197194,7.78389,0.642857,28.0952
356,0.249935,0.0386,0.0532746,0.00701877,0.173676,240,0,0.197194,3.70147,0.642857,28.0952
357,0.234262,0.0386,0.0351315,0.00701877,0.114529,240,0,0.197194,5.61303,0.642857,28.0952
358,0.267281,0.0386,0.0146527,0.00701877,0.047768,240,0,0.197194,13.4579,0.642857,28.0952
359,0.321106,0.0386,0.0224096,0.00701877,0.0730558,240,0,0.197194,8.79954,0.642857,28.0952
360,0.23336,0.0386,0.0328942,0.00701877,0.107236,240,0,0.197194,5.99479,0.642857,28.0952
361,0.156528,0.0386,0.0500942,0.00701877,0.163308,240,0,0.197194,3.93646,0.642857,28.0952
362,0.21427,0.0386,0.0981245,0.00701877,0.319888,240,0,0.197194,2.00963,0.642857,28.0952
363,0.12856,0.0386,0.00163521,0.00701877,0.00533083,240,0,0.197194,120.592,0.642857,28.0952
364,0.0985623,0.0386,0.156051,0.00701877,0.50873,240,0,0.197194,1.26365,0.642857,28.0952
365,0.0454307,0.0386,0.0246964,0.00701877,0.0805108,240,0,0.197194,7.98473,0.642857,28.0952
366,0.0931948,0.0386,0.0342221,0.00701877,0.111565,240,0,0.197194,5.76219,0.642857,28.0952
367,0.209156,0.0386,0.0209462,0.00701877,0.068285,240,0,0.197194,9.41432,0.642857,28.0952
368,0.398761,0.0386,0.0267512,0.00701877,0.0872095,240,0,0.197194,7.37141,0.642857,28.0952
369,0.158466,0.0386,0.0105082,0.00701877,0.034257,240,0,0.197194,18.7657,0.642857,28.0952
370,0.698599,0.0386,0.145776,0.00701877,0.475234,240,0,0.197194,1.35272,0.642857,28.0952
371,0.398687,0.0386,0.0381426,0.00701877,0.124346,240,0,0.197194,5.16992,0.642857,28.0952
372,0.324116,0.0386,0.0305302,0.00701877,0.099529,240,0,0.197194,6.45899,0.642857,28.0952
373,0.117759,0.0386,0.0188909,0.00701877,0.0615849,240,0,0.197194,10.4386,0.642857,28.0952
374,0.627345,0.0386,0.028363,0.00701877,0.0924639,240,0,0.197194,6.95252,0.642857,28.0952
375,0.462909,0.0386,0.0616336,0.00701877,0.200927,240,0,0.197194,3.19946,0.642857,28.0952
376,0.151267,0.0386,0.00800072,0.00701877,0.0260825,240,0,0.197194,24.647,0.642857,28.0952
377,0.246756,0.0386,0.023619,0.00701877,0.0769986,240,0,0.197194,8.34895,0.642857,28.0952
378,0.121075,0.0386,0.0142412,0.00701877,0.0464268,240,0,0.197194,13.8467,0.642857,28.0952
379,0.106352,0.0386,0.0118211,0.00701877,0.0385371,240,0,0.197194,16.6815,0.642857,28.0952
380,0.466477,0.0386,0.0489875,0.00701877,0.1597,240,0,0.197194,4.02539,0.642857,28.0952
381,0.643044,0.0386,0.150474,0.00701877,0.490549,240,0,0.197194,1.31049,0.642857,28.0952
382,0.208106,0.0386,0.0111216,0.00701877,0.0362566,240,0,0.197194,17.7308,0.642857,28.0952
383,0.23579,0.0386,0.180139,0.00701877,0.587256,240,0,0.197194,1.09468,0.642857,28.0952
384,0.219615,0.0386,0.0799431,0.00701877,0.260616,240,0,0.197194,2.46668,0.642857,28.0952
385,0.14932,0.0386,0.121618,0.00701877,0.396477,240,0,0.197194,1.62142,0.642857,28.0952
386,0.323128,0.0386,0.00322946,0.00701877,0.0105281,240,0,0.197194,61.061,0.642857,28.0952
387,0.111714,0.0386,0.118408,0.00701877,0.386013,240,0,0.197194,1.66538,0.642857,28.0952
388,0.318003,0.0386,0.0349851,0.00701877,0.114052,240,0,0.197194,5.63652,0.642857,28.0952
389,0.30072,0.0386,0.138653,0.00701877,0.452011,240,0,0.197194,1.42221,0.642857,28.0952
390,0.34826,0.0386,0.0390465,0.00701877,0.127293,240,0,0.197194,5.05023,0.642857,28.0952
391,0.249942,0.0386,0.0145843,0.00701877,0.0475451,240,0,0.197194,13.521,0.642857,28.0952
392,0.126599,0.0386,0.0113908,0.00701877,0.0371342,240,0,0.197194,17.3117,0.642857,28.0952
393,0.457929,0.0386,0.00585437,0.00701877,0.0190854,240,0,0.197194,33.6832,0.642857,28.0952
394,0.278924,0.0386,0.0277025,0.00701877,0.0903106,240,0,0.197194,7.11829,0.642857,28.0952
395,0.0966797,0.0386,0.0634052,0.00701877,0.206702,240,0,0.197194,3.11006,0.642857,28.0952
396,0.196958,0.0386,0.00914055,0.00701877,0.0297984,240,0,0.197194,21.5736,0.642857,28.0952
397,0.092721,0.0386,0.292732,0.00701877,0.954314,240,0,0.197194,0.673633,0.642857,28.0952
398,0.242916,0.0386,0.019094,0.00701877,0.0622467,240,0,0.197194,10.3276,0.642857,28.0952
399,0.325173,0.0386,0.0286843,0.00701877,0.0935115,240,0,0.197194,6.87463,0.642857,28.0952
400,0.346541,0.0386,0.0864294,0.00701877,0.281762,240,0,0.197194,2.28156,0.642857,28.0952
401,0.196711,0.0386,0.0422192,0.00701877,0.137635,240,0,0.197194,4.67073,0.642857,28.0952
402,0.401982,0.0386,0.159969,0.00701877,0.521503,240,0,0.197194,1.2327,0.642857,28.0952
403,0.196715,0.0386,0.0113056,0.00701877,0.0368565,240,0,0.197194,17.4422,0.642857,28.0952
404,0.2247,0.0386,0.0907986,0.00701877,0.296005,240,0,0.197194,2.17178,0.642857,28.0952
405,0.148013,0.0386,0.119698,0.00701877,0.390218,240,0,0.197194,1.64743,0.642857,28.0952
406,0.645098,0.0386,0.0652248,0.00701877,0.212634,240,0,0.197194,3.0233,0.642857,28.0952
407,0.536803,0.0386,0.388309,0.00701877,1.2659,240,0,0.197194,0.507828,0.642857,28.0952
408,0.207137,0.0386,0.015869,0.00701877,0.0517334,240,0,0.197194,12.4263,0.642857,28.0952
409,0.450174,0.0386,0.0348444,0.00701877,0.113593,240,0,0.197194,5.65928,0.642857,28.0952
410,0.114258,0.0386,0.846125,0.00701877,2.75838,240,0,0.197194,0.233056,0.642857,28.0952
411,0.110979,0.0386,0.0339787,0.00701877,0.110771,240,0,0.197194,5.80346,0.642857,28.0952
412,0.159835,0.0386,0.0299262,0.00701877,0.0975601,240,0,0.197194,6.58934,0.642857,28.0952
413,0.0973774,0.0386,0.0345029,0.00701877,0.11248,240,0,0.197194,5.71529,0.642857,28.0952
414,0.107792,0.0386,0.067354,0.00701877,0.219576,240,0,0.197194,2.92773,0.642857,28.0952
415,0.251538,0.0386,0.137563,0.00701877,0.448458,240,0,0.197194,1.43348,0.642857,28.0952
416,0.325188,0.0386,0.0219683,0.00701877,0.0716171,240,0,0.197194,8.97631,0.642857,28.0952
417,0.185962,0.0386,0.0489205,0.00701877,0.159482,240,0,0.197194,4.03091,0.642857,28.0952
418,0.103119,0.0386,0.299477,0.00701877,0.976301,240,0,0.197194,0.658462,0.642857,28.0952
419,0.475391,0.0386,0.0219906,0.00701877,0.0716898,240,0,0.197194,8.96721,0.642857,28.0952
420,0.351443,0.0386,0.0194645,0.00701877,0.0634548,240,0,0.197194,10.1309,0.642857,28.0952
421,0.423905,0.0386,0.0673044,0.00701877,0.219414,240,0,0.197194,2.92989,0.642857,28.0952
422,0.0880873,0.0386,0.0670038,0.00701877,0.218434,240,0,0.197194,2.94303,0.642857,28.0952
423,0.22272,0.0386,0.238226,0.00701877,0.776621,240,0,0.197194,0.827762,0.642857,28.0952
424,0.444152,0.0386,0.0947639,0.00701877,0.308932,240,0,0.197194,2.0809,0.642857,28.0952
425,0.134754,0.0386,0.015574,0.00701877,0.0507716,240,0,0.197194,12.6617,0.642857,28.0952
426,0.330021,0.0386,0.00993403,0.00701877,0.0323852,240,0,0.197194,19.8504,0.642857,28.0952
427,0.0608443,0.0386,0.0167608,0.00701877,0.0546407,240,0,0.197194,11.7652,0.642857,28.0952
428,0.147048,0.0386,0.0120509,0.00701877,0.0392863,240,0,0.197194,16.3634,0.642857,28.0952
429,0.401595,0.0386,0.0535756,0.00701877,0.174658,240,0,0.197194,3.68067,0.642857,28.0952
430,0.0911074,0.0386,0.0357095,0.00701877,0.116414,240,0,0.197194,5.52217,0.642857,28.0952
431,0.690174,0.0386,0.0205438,0.00701877,0.0669733,240,0,0.197194,9.59871,0.642857,28.0952
432,0.341885,0.0386,0.0435442,0.00701877,0.141955,240,0,0.197194,4.52859,0.642857,28.0952
433,0.0715071,0.0386,0.129242,0.00701877,0.421331,240,0,0.197194,1.52578,0.642857,28.0952
434,0.243099,0.0386,0.0104853,0.00701877,0.0341822,240,0,0.197194,18.8068,0.642857,28.0952
435,0.169691,0.0386,0.0530073,0.00701877,0.172805,240,0,0.197194,3.72013,0.642857,28.0952
436,0.24646,0.0386,0.0579731,0.00701877,0.188993,240,0,0.197194,3.40148,0.642857,28.0952
437,0.112471,0.0386,0.0161212,0.00701877,0.0525555,240,0,0.197194,12.232,0.642857,28.0952
438,0.670355,0.0386,0.183779,0.00701877,0.599122,240,0,0.197194,1.073,0.642857,28.0952
439,0.45335,0.0386,0.0110183,0.00701877,0.0359198,240,0,0.197194,17.897,0.642857,28.0952
440,0.247955,0.0386,0.0631427,0.00701877,0.205847,240,0,0.197194,3.12299,0.642857,28.0952
441,0.456061,0.0386,0.0209338,0.00701877,0.0682446,240,0,0.197194,9.4199,0.642857,28.0952
442,0.257585,0.0386,1.24573,0.00701877,4.06112,240,0,0.197194,0.158296,0.642857,28.0952
443,0.207386,0.0386,0.0461798,0.00701877,0.150547,240,0,0.197194,4.27014,0.642857,28.0952
444,0.164535,0.0386,0.156016,0.00701877,0.508617,240,0,0.197194,1.26393,0.642857,28.0952
445,0.293329,0.0386,0.0052903,0.00701877,0.0172465,240,0,0.197194,37.2747,0.642857,28.0952
446,0.203662,0.0386,0.0280638,0.00701877,0.0914886,240,0,0.197194,7.02664,0.642857,28.0952
447,0.145099,0.0386,0.0887509,0.00701877,0.28933,240,0,0.197194,2.22188,0.642857,28.0952
448,0.518131,0.0386,0.0273376,0.00701877,0.0891212,240,0,0.197194,7.21329,0.642857,28.0952
449,0.0827466,0.0386,0.125519,0.00701877,0.409195,240,0,0.197194,1.57103,0.642857,28.0952
450,0.178793,0.0386,0.00355642,0.00701877,0.011594,240,0,0.197194,55.4473,0.642857,28.0952
451,0.13938,0.0386,0.0532881,0.00701877,0.17372,240,0,0.197194,3.70053,0.642857,28.0952
452,0.0486476,0.0386,0.210323,0.00701877,0.685657,240,0,0.197194,0.937579,0.642857,28.0952
453,0.237264,0.0386,0.0343668,0.00701877,0.112036,240,0,0.197194,5.73793,0.642857,28.0952
454,0.281577,0.0386,0.00391538,0.00701877,0.0127642,240,0,0.197194,50.364,0.642857,28.0952
455,0.355594,0.0386,0.0403433,0.00701877,0.13152,240,0,0.197194,4.8879,0.642857,28.0952
456,0.106102,0.0386,0.190372,0.00701877,0.620616,240,0,0.197194,1.03584,0.642857,28.0952
457,0.0256002,0.0386,0.0569689,0.00701877,0.18572,240,0,0.197194,3.46144,0.642857,28.0952
458,0.492187,0.0386,0.0176165,0.00701877,0.05743,240,0,0.197194,11.1937,0.642857,28.0952
459,0.14202,0.0386,0.011924,0.00701877,0.0388725,240,0,0.197194,16.5376,0.642857,28.0952
460,0.17793,0.0386,0.095358,0.00701877,0.310869,240,0,0.197194,2.06793,0.642857,28.0952
461,0.19851,0.0386,0.0480011,0.00701877,0.156485,240,0,0.197194,4.10812,0.642857,28.0952
462,0.347239,0.0386,0.0373572,0.00701877,0.121785,240,0,0.197194,5.27862,0.642857,28.0952
463,0.31211,0.0386,0.0352042,0.00701877,0.114766,240,0,0.197194,5.60144,0.642857,28.0952
464,0.181322,0.0386,0.0973044,0.00701877,0.317215,240,0,0.197194,2.02657,0.642857,28.0952
465,0.130814,0.0386,0.055678,0.00701877,0.181512,240,0,0.197194,3.54169,0.642857,28.0952
466,0.0517062,0.0386,0.00961733,0.00701877,0.0313527,240,0,0.197194,20.504,0.642857,28.0952
467,0.183427,0.0386,0.0299687,0.00701877,0.0976988,240,0,0.197194,6.57999,0.642857,28.0952
468,0.553766,0.0386,0.0526006,0.00701877,0.171479,240,0,0.197194,3.74889,0.642857,28.0952
469,0.246156,0.0386,0.025994,0.00701877,0.0847412,240,0,0.197194,7.58613,0.642857,28.0952
470,0.0914738,0.0386,0.004784,0.00701877,0.0155959,240,0,0.197194,41.2195,0.642857,28.0952
471,0.583467,0.0386,0.0426987,0.00701877,0.139199,240,0,0.197194,4.61827,0.642857,28.0952
472,0.519423,0.0386,0.883457,0.00701877,2.88009,240,0,0.197194,0.223207,0.642857,28.0952
473,0.385404,0.0386,0.078733,0.00701877,0.256671,240,0,0.197194,2.50459,0.642857,28.0952
474,0.163297,0.0386,0.0291066,0.00701877,0.0948882,240,0,0.197194,6.77489,0.642857,28.0952
475,0.20288,0.0386,0.00831086,0.00701877,0.0270936,240,0,0.197194,23.7273,0.642857,28.0952
476,0.148595,0.0386,0.00894804,0.00701877,0.0291708,240,0,0.197194,22.0377,0.642857,28.0952
477,0.165818,0.0386,0.0325121,0.00701877,0.10599,240,0,0.197194,6.06526,0.642857,28.0952
478,0.0716633,0.0386,0.0131332,0.00701877,0.0428144,240,0,0.197194,15.015,0.642857,28.0952
479,0.190547,0.0386,0.0180523,0.00701877,0.058851,240,0,0.197194,10.9235,0.642857,28.0952
480,0.491906,0.0386,0.00456787,0.00701877,0.0148913,240,0,0.197194,43.1699,0.642857,28.0952
481,0.229181,0.0386,0.181813,0.00701877,0.592714,240,0,0.197194,1.0846,0.642857,28.0952
482,0.312589,0.0386,0.013085,0.00701877,0.0426574,240,0,0.197194,15.0702,0.642857,28.0952
483,0.131357,0.0386,0.00217819,0.00701877,0.00710096,240,0,0.197194,90.5311,0.642857,28.0952
484,0.316052,0.0386,0.0154358,0.00701877,0.0503211,240,0,0.197194,12.7751,0.642857,28.0952
485,0.177111,0.0386,0.0436919,0.00701877,0.142437,240,0,0.197194,4.51329,0.642857,28.0952
486,0.128512,0.0386,0.0111766,0.00701877,0.0364361,240,0,0.197194,17.6434,0.642857,28.0952
487,0.197412,0.0386,0.00932308,0.00701877,0.0303934,240,0,0.197194,21.1512,0.642857,28.0952
488,0.307233,0.0386,0.0554098,0.00701877,0.180637,240,0,0.197194,3.55883,0.642857,28.0952
489,0.592366,0.0386,0.0400757,0.00701877,0.130648,240,0,0.197194,4.92054,0.642857,28.0952
490,0.291244,0.0386,0.0198301,0.00701877,0.0646465,240,0,0.197194,9.94419,0.642857,28.0952
491,0.229669,0.0386,0.0238483,0.00701877,0.0777459,240,0,0.197194,8.2687,0.642857,28.0952
492,0.514487,0.0386,0.175054,0.00701877,0.570679,240,0,0.197194,1.12648,0.642857,28.0952
493,0.588594,0.0386,0.163557,0.00701877,0.5332,240,0,0.197194,1.20566,0.642857,28.0952
494,0.500797,0.0386,0.0541884,0.00701877,0.176655,240,0,0.197194,3.63905,0.642857,28.0952
495,0.164502,0.0386,0.0721683,0.00701877,0.23527,240,0,0.197194,2.73242,0.642857,28.0952
496,0.476177,0.0386,0.0363662,0.00701877,0.118555,240,0,0.197194,5.42246,0.642857,28.0952
497,0.309881,0.0386,0.103892,0.00701877,0.338691,240,0,0.197194,1.89807,0.642857,28.0952
498,0.240158,0.0386,0.00790504,0.00701877,0.0257706,240,0,0.197194,24.9454,0.642857,28.0952
499,0.286742,0.0386,0.0140241,0.00701877,0.045719,240,0,0.197194,14.0611,0.642857,28.0952
