PID,i_lum_F1_indiv,i_lum_k12(KA),i_lum_k23(Q/V),i_lum_k32(Q/VP),i_lum_k20(CL/V),total_mg_dose_per_occassion,DS,Q,V,CL,VP
0,0.238052,0.0386,0.285546,0.00590206,1.10702,480,0,0.33164,1.16142,1.28571,56.1905
1,0.430003,0.0386,0.0199886,0.00590206,0.0774926,480,0,0.33164,16.5915,1.28571,56.1905
2,0.438646,0.0386,0.0703987,0.00590206,0.272924,480,0,0.33164,4.71088,1.28571,56.1905
3,0.136687,0.0386,0.0271853,0.00590206,0.105393,480,0,0.33164,12.1992,1.28571,56.1905
4,0.372593,0.0386,0.0831107,0.00590206,0.322207,480,0,0.33164,3.99034,1.28571,56.1905
5,0.194872,0.0386,0.0346759,0.00590206,0.134433,480,0,0.33164,9.56399,1.28571,56.1905
6,0.389944,0.0386,0.15824,0.00590206,0.613472,480,0,0.33164,2.0958,1.28571,56.1905
7,0.241866,0.0386,0.0383794,0.00590206,0.148791,480,0,0.33164,8.64109,1.28571,56.1905
8,0.487824,0.0386,0.0318039,0.00590206,0.123299,480,0,0.33164,10.4276,1.28571,56.1905
9,0.214643,0.0386,0.053713,0.00590206,0.208237,480,0,0.33164,6.17429,1.28571,56.1905
10,0.308852,0.0386,0.00947233,0.00590206,0.0367227,480,0,0.33164,35.0114,1.28571,56.1905
11,0.176058,0.0386,0.059996,0.00590206,0.232595,480,0,0.33164,5.52769,1.28571,56.1905
12,0.134576,0.0386,0.0142201,0.00590206,0.0551292,480,0,0.33164,23.3218,1.28571,56.1905
13,0.0972716,0.0386,0.0229465,0.00590206,0.08896,480,0,0.33164,14.4527,1.28571,56.1905
14,0.281664,0.0386,0.0834586,0.00590206,0.323556,480,0,0.33164,3.9737,1.28571,56.1905
15,0.138218,0.0386,0.0376818,0.00590206,0.146086,480,0,0.33164,8.80106,1.28571,56.1905
16,0.0804545,0.0386,0.0298336,0.00590206,0.11566,480,0,0.33164,11.1163,1.28571,56.1905
17,0.0635988,0.0386,0.157929,0.00590206,0.612266,480,0,0.33164,2.09993,1.28571,56.1905
18,0.639832,0.0386,0.27325,0.00590206,1.05935,480,0,0.33164,1.21368,1.28571,56.1905
19,0.454073,0.0386,0.0160295,0.00590206,0.0621437,480,0,0.33164,20.6894,1.28571,56.1905
20,0.272171,0.0386,0.133426,0.00590206,0.51727,480,0,0.33164,2.48558,1.28571,56.1905
21,0.218856,0.0386,0.0131935,0.00590206,0.0511492,480,0,0.33164,25.1366,1.28571,56.1905
22,0.163716,0.0386,0.0104717,0.00590206,0.040597,480,0,0.33164,31.6702,1.28571,56.1905
23,0.265755,0.0386,0.102944,0.00590206,0.399098,480,0,0.33164,3.22155,1.28571,56.1905
24,0.167624,0.0386,0.0283466,0.00590206,0.109895,480,0,0.33164,11.6994,1.28571,56.1905
25,0.191704,0.0386,0.0293446,0.00590206,0.113764,480,0,0.33164,11.3016,1.28571,56.1905
26,0.243106,0.0386,0.0230007,0.00590206,0.0891701,480,0,0.33164,14.4187,1.28571,56.1905
27,0.0756882,0.0386,0.0273128,0.00590206,0.105887,480,0,0.33164,12.1423,1.28571,56.1905
28,0.770555,0.0386,0.528031,0.00590206,2.04709,480,0,0.33164,0.628069,1.28571,56.1905
29,0.682405,0.0386,0.0291357,0.00590206,0.112955,480,0,0.33164,11.3826,1.28571,56.1905
30,0.138098,0.0386,0.0131995,0.00590206,0.0511724,480,0,0.33164,25.1251,1.28571,56.1905
31,0.0492805,0.0386,0.0994809,0.00590206,0.385672,480,0,0.33164,3.3337,1.28571,56.1905
32,0.263302,0.0386,0.0398071,0.00590206,0.154326,480,0,0.33164,8.33117,1.28571,56.1905
33,0.401865,0.0386,0.0320148,0.00590206,0.124116,480,0,0.33164,10.3589,1.28571,56.1905
34,0.30158,0.0386,0.0471661,0.00590206,0.182855,480,0,0.33164,7.03132,1.28571,56.1905
35,0.147061,0.0386,0.00707133,0.00590206,0.0274144,480,0,0.33164,46.8992,1.28571,56.1905
36,0.743242,0.0386,0.101634,0.00590206,0.394017,480,0,0.33164,3.26309,1.28571,56.1905
37,0.147274,0.0386,0.167741,0.00590206,0.650307,480,0,0.33164,1.97709,1.28571,56.1905
38,0.0833939,0.0386,0.0342262,0.00590206,0.13269,480,0,0.33164,9.68963,1.28571,56.1905
39,0.412372,0.0386,0.049841,0.00590206,0.193226,480,0,0.33164,6.65396,1.28571,56.1905
40,0.223716,0.0386,0.236737,0.00590206,0.917791,480,0,0.33164,1.40088,1.28571,56.1905
41,0.195021,0.0386,0.0624302,0.00590206,0.242032,480,0,0.33164,5.31217,1.28571,56.1905
42,0.714854,0.0386,0.108005,0.00590206,0.418719,480,0,0.33164,3.07059,1.28571,56.1905
43,0.235123,0.0386,0.112299,0.00590206,0.435364,480,0,0.33164,2.9532,1.28571,56.1905
44,0.0996469,0.0386,0.0808916,0.00590206,0.313604,480,0,0.33164,4.0998,1.28571,56.1905
45,0.133151,0.0386,0.0131341,0.00590206,0.050919,480,0,0.33164,25.2502,1.28571,56.1905
46,0.299483,0.0386,0.0237033,0.00590206,0.0918939,480,0,0.33164,13.9913,1.28571,56.1905
47,0.175013,0.0386,0.00911991,0.00590206,0.0353564,480,0,0.33164,36.3644,1.28571,56.1905
48,0.420026,0.0386,0.0321445,0.00590206,0.124619,480,0,0.33164,10.3171,1.28571,56.1905
49,0.0915841,0.0386,0.0469213,0.00590206,0.181906,480,0,0.33164,7.068,1.28571,56.1905
50,0.235315,0.0386,0.0374669,0.00590206,0.145253,480,0,0.33164,8.85154,1.28571,56.1905
51,0.384447,0.0386,0.024372,0.00590206,0.0944864,480,0,0.33164,13.6074,1.28571,56.1905
52,0.346132,0.0386,0.12686,0.00590206,0.491818,480,0,0.33164,2.61421,1.28571,56.1905
53,0.193503,0.0386,0.0151591,0.00590206,0.0587694,480,0,0.33164,21.8773,1.28571,56.1905
54,0.0728793,0.0386,0.0439036,0.00590206,0.170207,480,0,0.33164,7.55381,1.28571,56.1905
55,0.0394142,0.0386,0.00250016,0.00590206,0.00969272,480,0,0.33164,132.647,1.28571,56.1905
56,0.811268,0.0386,0.0528644,0.00590206,0.204947,480,0,0.33164,6.2734,1.28571,56.1905
57,0.169874,0.0386,0.166884,0.00590206,0.646982,480,0,0.33164,1.98725,1.28571,56.1905
58,0.396589,0.0386,0.0124061,0.00590206,0.0480965,480,0,0.33164,26.732,1.28571,56.1905
59,0.176093,0.0386,0.0119572,0.00590206,0.0463563,480,0,0.33164,27.7355,1.28571,56.1905
60,0.264157,0.0386,0.0220909,0.00590206,0.0856428,480,0,0.33164,15.0125,1.28571,56.1905
61,0.45345,0.0386,0.0167823,0.00590206,0.0650621,480,0,0.33164,19.7613,1.28571,56.1905
62,0.673828,0.0386,0.0540234,0.00590206,0.20944,480,0,0.33164,6.13881,1.28571,56.1905
63,0.493665,0.0386,0.0808594,0.00590206,0.313479,480,0,0.33164,4.10144,1.28571,56.1905
64,0.0767113,0.0386,0.0142061,0.00590206,0.0550749,480,0,0.33164,23.3449,1.28571,56.1905
65,0.388003,0.0386,0.075055,0.00590206,0.290976,480,0,0.33164,4.41862,1.28571,56.1905
66,0.462132,0.0386,0.0177361,0.00590206,0.06876,480,0,0.33164,18.6986,1.28571,56.1905
67,0.48872,0.0386,0.0183665,0.00590206,0.071204,480,0,0.33164,18.0568,1.28571,56.1905
68,0.548652,0.0386,0.0189732,0.00590206,0.0735562,480,0,0.33164,17.4793,1.28571,56.1905
69,0.105864,0.0386,0.0107215,0.00590206,0.0415655,480,0,0.33164,30.9322,1.28571,56.1905
70,0.687901,0.0386,0.242535,0.00590206,0.940268,480,0,0.33164,1.36739,1.28571,56.1905
71,0.692119,0.0386,0.183888,0.00590206,0.712905,480,0,0.33164,1.80348,1.28571,56.1905
72,0.153253,0.0386,0.0624855,0.00590206,0.242246,480,0,0.33164,5.30747,1.28571,56.1905
73,0.212617,0.0386,0.0327591,0.00590206,0.127002,480,0,0.33164,10.1236,1.28571,56.1905
74,0.354197,0.0386,0.0134188,0.00590206,0.0520225,480,0,0.33164,24.7146,1.28571,56.1905
75,0.088306,0.0386,0.0137147,0.00590206,0.0531696,480,0,0.33164,24.1814,1.28571,56.1905
76,0.381125,0.0386,0.0892207,0.00590206,0.345894,480,0,0.33164,3.71707,1.28571,56.1905
77,0.460021,0.0386,0.00981847,0.00590206,0.0380647,480,0,0.33164,33.7771,1.28571,56.1905
78,0.223969,0.0386,0.00414676,0.00590206,0.0160763,480,0,0.33164,79.9756,1.28571,56.1905
79,0.198498,0.0386,0.00711266,0.00590206,0.0275746,480,0,0.33164,46.6267,1.28571,56.1905
80,0.385999,0.0386,0.0762806,0.00590206,0.295728,480,0,0.33164,4.34763,1.28571,56.1905
81,0.182261,0.0386,0.0314209,0.00590206,0.121814,480,0,0.33164,10.5547,1.28571,56.1905
82,0.42008,0.0386,0.0597954,0.00590206,0.231817,480,0,0.33164,5.54624,1.28571,56.1905
83,0.0649502,0.0386,0.030959,0.00590206,0.120023,480,0,0.33164,10.7122,1.28571,56.1905
84,0.133272,0.0386,0.00541511,0.00590206,0.0209935,480,0,0.33164,61.2434,1.28571,56.1905
85,0.32637,0.0386,0.0490799,0.00590206,0.190275,480,0,0.33164,6.75714,1.28571,56.1905
86,0.255338,0.0386,0.0612871,0.00590206,0.2376,480,0,0.33164,5.41125,1.28571,56.1905
87,0.0993974,0.0386,0.0111227,0.00590206,0.0431211,480,0,0.33164,29.8164,1.28571,56.1905
88,0.0853984,0.0386,0.0095846,0.00590206,0.037158,480,0,0.33164,34.6013,1.28571,56.1905
89,0.168236,0.0386,0.286737,0.00590206,1.11163,480,0,0.33164,1.1566,1.28571,56.1905
90,0.17557,0.0386,0.0896648,0.00590206,0.347616,480,0,0.33164,3.69866,1.28571,56.1905
91,0.12206,0.0386,0.00577473,0.00590206,0.0223877,480,0,0.33164,57.4295,1.28571,56.1905
92,0.148578,0.0386,0.0658113,0.00590206,0.25514,480,0,0.33164,5.03925,1.28571,56.1905
93,0.109473,0.0386,0.100975,0.00590206,0.391464,480,0,0.33164,3.28437,1.28571,56.1905
94,0.255085,0.0386,0.0117377,0.00590206,0.0455051,480,0,0.33164,28.2543,1.28571,56.1905
95,0.186072,0.0386,0.0308079,0.00590206,0.119437,480,0,0.33164,10.7647,1.28571,56.1905
96,0.0873825,0.0386,0.0526446,0.00590206,0.204095,480,0,0.33164,6.29959,1.28571,56.1905
97,0.345368,0.0386,0.135329,0.00590206,0.524648,480,0,0.33164,2.45062,1.28571,56.1905
98,0.198491,0.0386,0.0573655,0.00590206,0.222397,480,0,0.33164,5.78117,1.28571,56.1905
99,0.0870068,0.0386,0.0120578,0.00590206,0.0467461,480,0,0.33164,27.5042,1.28571,56.1905
100,0.111996,0.0386,0.0372928,0.00590206,0.144578,480,0,0.33164,8.89286,1.28571,56.1905
101,0.108983,0.0386,0.129738,0.00590206,0.502973,480,0,0.33164,2.55623,1.28571,56.1905
102,0.171979,0.0386,0.0244088,0.00590206,0.0946291,480,0,0.33164,13.5869,1.28571,56.1905
103,0.344207,0.0386,0.00334169,0.00590206,0.0129552,480,0,0.33164,99.2431,1.28571,56.1905
104,0.278253,0.0386,0.0098312,0.00590206,0.038114,480,0,0.33164,33.7334,1.28571,56.1905
105,0.100951,0.0386,0.163396,0.00590206,0.63346,480,0,0.33164,2.02967,1.28571,56.1905
106,0.465001,0.0386,0.0258724,0.00590206,0.100303,480,0,0.33164,12.8183,1.28571,56.1905
107,0.172017,0.0386,0.221136,0.00590206,0.857308,480,0,0.33164,1.49971,1.28571,56.1905
108,0.244413,0.0386,0.0180466,0.00590206,0.0699638,480,0,0.33164,18.3769,1.28571,56.1905
109,0.384492,0.0386,0.0184187,0.00590206,0.0714065,480,0,0.33164,18.0056,1.28571,56.1905
110,0.10157,0.0386,0.125422,0.00590206,0.486241,480,0,0.33164,2.64419,1.28571,56.1905
111,0.544342,0.0386,0.03078,0.00590206,0.119329,480,0,0.33164,10.7745,1.28571,56.1905
112,0.278643,0.0386,0.0726305,0.00590206,0.281577,480,0,0.33164,4.56612,1.28571,56.1905
113,0.271072,0.0386,0.107326,0.00590206,0.416085,480,0,0.33164,3.09003,1.28571,56.1905
114,0.188531,0.0386,0.167325,0.00590206,0.648692,480,0,0.33164,1.98201,1.28571,56.1905
115,0.383275,0.0386,0.0127384,0.00590206,0.0493848,480,0,0.33164,26.0346,1.28571,56.1905
116,0.634172,0.0386,0.0483913,0.00590206,0.187605,480,0,0.33164,6.85329,1.28571,56.1905
117,0.17874,0.0386,0.0635391,0.00590206,0.246331,480,0,0.33164,5.21946,1.28571,56.1905
118,0.206322,0.0386,0.0555786,0.00590206,0.215469,480,0,0.33164,5.96704,1.28571,56.1905
119,0.211607,0.0386,0.0777005,0.00590206,0.301233,480,0,0.33164,4.26818,1.28571,56.1905
120,0.407188,0.0386,0.0278951,0.00590206,0.108145,480,0,0.33164,11.8888,1.28571,56.1905
121,0.235191,0.0386,0.0059814,0.00590206,0.0231889,480,0,0.33164,55.4452,1.28571,56.1905
122,0.153379,0.0386,0.085288,0.00590206,0.330648,480,0,0.33164,3.88847,1.28571,56.1905
123,0.380061,0.0386,0.128476,0.00590206,0.498079,480,0,0.33164,2.58135,1.28571,56.1905
124,0.262846,0.0386,0.0882712,0.00590206,0.342213,480,0,0.33164,3.75706,1.28571,56.1905
125,0.124646,0.0386,0.0718775,0.00590206,0.278658,480,0,0.33164,4.61396,1.28571,56.1905
126,0.0945883,0.0386,0.119261,0.00590206,0.462355,480,0,0.33164,2.7808,1.28571,56.1905
127,0.215482,0.0386,0.03441,0.00590206,0.133402,480,0,0.33164,9.63789,1.28571,56.1905
128,0.0557093,0.0386,0.0419754,0.00590206,0.162732,480,0,0.33164,7.9008,1.28571,56.1905
129,0.532766,0.0386,0.0646337,0.00590206,0.250574,480,0,0.33164,5.13107,1.28571,56.1905
130,0.345574,0.0386,0.0186899,0.00590206,0.0724579,480,0,0.33164,17.7443,1.28571,56.1905
131,0.439957,0.0386,0.0154134,0.00590206,0.0597555,480,0,0.33164,21.5163,1.28571,56.1905
132,0.399215,0.0386,0.0251435,0.00590206,0.0974775,480,0,0.33164,13.1899,1.28571,56.1905
133,0.309944,0.0386,0.0348703,0.00590206,0.135186,480,0,0.33164,9.51067,1.28571,56.1905
134,0.135437,0.0386,0.0329983,0.00590206,0.127929,480,0,0.33164,10.0502,1.28571,56.1905
135,0.258228,0.0386,0.0144074,0.00590206,0.0558553,480,0,0.33164,23.0186,1.28571,56.1905
136,0.0854397,0.0386,0.0712259,0.00590206,0.276131,480,0,0.33164,4.65617,1.28571,56.1905
137,0.580208,0.0386,0.0425685,0.00590206,0.165031,480,0,0.33164,7.79074,1.28571,56.1905
138,0.153125,0.0386,0.0117075,0.00590206,0.0453882,480,0,0.33164,28.3271,1.28571,56.1905
139,0.438199,0.0386,0.0649886,0.00590206,0.25195,480,0,0.33164,5.10305,1.28571,56.1905
140,0.200553,0.0386,0.0769675,0.00590206,0.298391,480,0,0.33164,4.30883,1.28571,56.1905
141,0.312878,0.0386,0.0488002,0.00590206,0.189191,480,0,0.33164,6.79586,1.28571,56.1905
142,0.0926075,0.0386,0.0199728,0.00590206,0.0774315,480,0,0.33164,16.6045,1.28571,56.1905
143,0.352797,0.0386,0.00611038,0.00590206,0.023689,480,0,0.33164,54.2748,1.28571,56.1905
144,0.145585,0.0386,0.0132403,0.00590206,0.0513307,480,0,0.33164,25.0477,1.28571,56.1905
145,0.210892,0.0386,0.0597209,0.00590206,0.231528,480,0,0.33164,5.55316,1.28571,56.1905
146,0.553119,0.0386,0.0293461,0.00590206,0.11377,480,0,0.33164,11.301,1.28571,56.1905
147,0.198174,0.0386,0.102533,0.00590206,0.397505,480,0,0.33164,3.23446,1.28571,56.1905
148,0.301158,0.0386,0.0107185,0.00590206,0.0415538,480,0,0.33164,30.941,1.28571,56.1905
149,0.253854,0.0386,0.00584178,0.00590206,0.0226476,480,0,0.33164,56.7704,1.28571,56.1905
150,0.0844684,0.0386,0.0250378,0.00590206,0.0970676,480,0,0.33164,13.2456,1.28571,56.1905
151,0.322293,0.0386,0.0337022,0.00590206,0.130658,480,0,0.33164,9.84031,1.28571,56.1905
152,0.387532,0.0386,0.0147351,0.00590206,0.0571257,480,0,0.33164,22.5068,1.28571,56.1905
153,0.341188,0.0386,0.0163851,0.00590206,0.0635224,480,0,0.33164,20.2403,1.28571,56.1905
154,0.243506,0.0386,0.0187109,0.00590206,0.072539,480,0,0.33164,17.7244,1.28571,56.1905
155,0.310838,0.0386,0.0526173,0.00590206,0.203989,480,0,0.33164,6.30286,1.28571,56.1905
156,0.219861,0.0386,0.0341041,0.00590206,0.132216,480,0,0.33164,9.72434,1.28571,56.1905
157,0.226588,0.0386,0.0112595,0.00590206,0.0436514,480,0,0.33164,29.4542,1.28571,56.1905
158,0.225785,0.0386,0.00780097,0.00590206,0.0302431,480,0,0.33164,42.5126,1.28571,56.1905
159,0.140209,0.0386,0.0536803,0.00590206,0.20811,480,0,0.33164,6.17805,1.28571,56.1905
160,0.269233,0.0386,0.0240782,0.00590206,0.0933473,480,0,0.33164,13.7734,1.28571,56.1905
161,0.062904,0.0386,0.0170374,0.00590206,0.0660514,480,0,0.33164,19.4653,1.28571,56.1905
162,0.130237,0.0386,0.0287312,0.00590206,0.111386,480,0,0.33164,11.5428,1.28571,56.1905
163,0.148121,0.0386,0.0314363,0.00590206,0.121874,480,0,0.33164,10.5496,1.28571,56.1905
164,0.108027,0.0386,0.0316087,0.00590206,0.122542,480,0,0.33164,10.492,1.28571,56.1905
165,0.145026,0.0386,0.0266579,0.00590206,0.103348,480,0,0.33164,12.4406,1.28571,56.1905
166,0.219509,0.0386,0.025823,0.00590206,0.100112,480,0,0.33164,12.8428,1.28571,56.1905
167,0.364833,0.0386,0.0283718,0.00590206,0.109993,480,0,0.33164,11.6891,1.28571,56.1905
168,0.364933,0.0386,0.0426023,0.00590206,0.165162,480,0,0.33164,7.78455,1.28571,56.1905
169,0.17699,0.0386,0.0166976,0.00590206,0.0647341,480,0,0.33164,19.8615,1.28571,56.1905
170,0.221348,0.0386,0.0373562,0.00590206,0.144824,480,0,0.33164,8.87777,1.28571,56.1905
171,0.265029,0.0386,0.0207112,0.00590206,0.0802939,480,0,0.33164,16.0126,1.28571,56.1905
172,0.216054,0.0386,0.0191754,0.00590206,0.0743401,480,0,0.33164,17.295,1.28571,56.1905
173,0.343628,0.0386,0.0777248,0.00590206,0.301327,480,0,0.33164,4.26685,1.28571,56.1905
174,0.0596277,0.0386,0.0667099,0.00590206,0.258624,480,0,0.33164,4.97137,1.28571,56.1905
175,0.207811,0.0386,0.0635309,0.00590206,0.246299,480,0,0.33164,5.22013,1.28571,56.1905
176,0.194751,0.0386,0.0592064,0.00590206,0.229534,480,0,0.33164,5.60142,1.28571,56.1905
177,0.480197,0.0386,0.102515,0.00590206,0.397434,480,0,0.33164,3.23504,1.28571,56.1905
178,0.241268,0.0386,0.129032,0.00590206,0.500238,480,0,0.33164,2.57021,1.28571,56.1905
179,0.108539,0.0386,0.0109754,0.00590206,0.0425501,480,0,0.33164,30.2165,1.28571,56.1905
180,0.0421631,0.0386,0.132515,0.00590206,0.513739,480,0,0.33164,2.50266,1.28571,56.1905
181,0.356349,0.0386,0.0266439,0.00590206,0.103294,480,0,0.33164,12.4471,1.28571,56.1905
182,0.33007,0.0386,0.0384812,0.00590206,0.149185,480,0,0.33164,8.61823,1.28571,56.1905
183,0.645547,0.0386,0.00753047,0.00590206,0.0291944,480,0,0.33164,44.0397,1.28571,56.1905
184,0.14102,0.0386,0.0631314,0.00590206,0.24475,480,0,0.33164,5.25316,1.28571,56.1905
185,0.385384,0.0386,0.0505689,0.00590206,0.196048,480,0,0.33164,6.55817,1.28571,56.1905
186,0.129614,0.0386,0.0139179,0.00590206,0.0539576,480,0,0.33164,23.8282,1.28571,56.1905
187,0.331788,0.0386,0.00578889,0.00590206,0.0224426,480,0,0.33164,57.2889,1.28571,56.1905
188,0.275186,0.0386,0.0237123,0.00590206,0.0919287,480,0,0.33164,13.986,1.28571,56.1905
189,0.0367594,0.0386,0.00740634,0.00590206,0.0287132,480,0,0.33164,44.7778,1.28571,56.1905
190,0.0185834,0.0386,0.0571204,0.00590206,0.221447,480,0,0.33164,5.80597,1.28571,56.1905
191,0.185023,0.0386,0.0495551,0.00590206,0.192117,480,0,0.33164,6.69234,1.28571,56.1905
192,0.0993368,0.0386,0.00636575,0.00590206,0.024679,480,0,0.33164,52.0975,1.28571,56.1905
193,0.0207316,0.0386,0.0215924,0.00590206,0.0837103,480,0,0.33164,15.3591,1.28571,56.1905
194,0.372984,0.0386,0.0169976,0.00590206,0.0658968,480,0,0.33164,19.511,1.28571,56.1905
195,0.113555,0.0386,0.0290626,0.00590206,0.112671,480,0,0.33164,11.4112,1.28571,56.1905
196,0.641193,0.0386,0.0212024,0.00590206,0.0821982,480,0,0.33164,15.6416,1.28571,56.1905
197,0.23364,0.0386,0.0252075,0.00590206,0.0977253,480,0,0.33164,13.1564,1.28571,56.1905
198,0.185881,0.0386,0.00959653,0.00590206,0.0372042,480,0,0.33164,34.5583,1.28571,56.1905
199,0.332432,0.0386,0.116683,0.00590206,0.452361,480,0,0.33164,2.84223,1.28571,56.1905
200,0.773426,0.0386,0.0282941,0.00590206,0.109692,480,0,0.33164,11.7212,1.28571,56.1905
201,0.0380063,0.0386,0.00844677,0.00590206,0.0327468,480,0,0.33164,39.2623,1.28571,56.1905
202,0.130746,0.0386,0.0567914,0.00590206,0.220171,480,0,0.33164,5.83961,1.28571,56.1905
203,0.176924,0.0386,0.14248,0.00590206,0.552374,480,0,0.33164,2.32762,1.28571,56.1905
204,0.246932,0.0386,0.0702886,0.00590206,0.272498,480,0,0.33164,4.71826,1.28571,56.1905
205,0.225119,0.0386,0.0461601,0.00590206,0.178955,480,0,0.33164,7.18455,1.28571,56.1905
206,0.255084,0.0386,0.0354863,0.00590206,0.137575,480,0,0.33164,9.34556,1.28571,56.1905
207,0.324107,0.0386,0.0112037,0.00590206,0.0434349,480,0,0.33164,29.6009,1.28571,56.1905
208,0.0830627,0.0386,0.010295,0.00590206,0.0399121,480,0,0.33164,32.2136,1.28571,56.1905
209,0.229639,0.0386,0.0608946,0.00590206,0.236079,480,0,0.33164,5.44612,1.28571,56.1905
210,0.358911,0.0386,0.052066,0.00590206,0.201852,480,0,0.33164,6.3696,1.28571,56.1905
211,0.100439,0.0386,0.00477953,0.00590206,0.0185295,480,0,0.33164,69.3875,1.28571,56.1905
212,0.221971,0.0386,0.0337224,0.00590206,0.130737,480,0,0.33164,9.83439,1.28571,56.1905
213,0.234806,0.0386,0.155437,0.00590206,0.602605,480,0,0.33164,2.13359,1.28571,56.1905
214,0.363107,0.0386,0.00310651,0.00590206,0.0120434,480,0,0.33164,106.756,1.28571,56.1905
215,0.0254793,0.0386,0.0531655,0.00590206,0.206114,480,0,0.33164,6.23787,1.28571,56.1905
216,0.369594,0.0386,0.0958397,0.00590206,0.371555,480,0,0.33164,3.46036,1.28571,56.1905
217,0.229909,0.0386,0.112627,0.00590206,0.436636,480,0,0.33164,2.94459,1.28571,56.1905
218,0.225146,0.0386,0.0566934,0.00590206,0.219791,480,0,0.33164,5.8497,1.28571,56.1905
219,0.327933,0.0386,0.0910704,0.00590206,0.353066,480,0,0.33164,3.64157,1.28571,56.1905
220,0.148405,0.0386,0.00532351,0.00590206,0.0206384,480,0,0.33164,62.2972,1.28571,56.1905
221,0.0537697,0.0386,0.00446922,0.00590206,0.0173264,480,0,0.33164,74.2053,1.28571,56.1905
222,0.545364,0.0386,0.0738877,0.00590206,0.286451,480,0,0.33164,4.48843,1.28571,56.1905
223,0.44256,0.0386,0.0437798,0.00590206,0.169727,480,0,0.33164,7.57518,1.28571,56.1905
224,0.249013,0.0386,0.153633,0.00590206,0.59561,480,0,0.33164,2.15865,1.28571,56.1905
225,0.0780223,0.0386,0.043603,0.00590206,0.169042,480,0,0.33164,7.60589,1.28571,56.1905
226,0.196795,0.0386,0.0444157,0.00590206,0.172192,480,0,0.33164,7.46673,1.28571,56.1905
227,0.41712,0.0386,0.0300639,0.00590206,0.116553,480,0,0.33164,11.0311,1.28571,56.1905
228,0.231105,0.0386,0.0449597,0.00590206,0.174301,480,0,0.33164,7.37638,1.28571,56.1905
229,0.474081,0.0386,0.0170908,0.00590206,0.0662584,480,0,0.33164,19.4046,1.28571,56.1905
230,0.11493,0.0386,0.0834489,0.00590206,0.323518,480,0,0.33164,3.97417,1.28571,56.1905
231,0.32236,0.0386,0.0201331,0.00590206,0.0780529,480,0,0.33164,16.4723,1.28571,56.1905
232,0.146508,0.0386,0.033089,0.00590206,0.128281,480,0,0.33164,10.0227,1.28571,56.1905
233,0.17551,0.0386,0.0383597,0.00590206,0.148714,480,0,0.33164,8.64553,1.28571,56.1905
234,0.292267,0.0386,0.0269844,0.00590206,0.104614,480,0,0.33164,12.2901,1.28571,56.1905
235,0.326913,0.0386,0.00942218,0.00590206,0.0365283,480,0,0.33164,35.1978,1.28571,56.1905
236,0.150503,0.0386,0.273667,0.00590206,1.06096,480,0,0.33164,1.21184,1.28571,56.1905
237,0.111112,0.0386,0.0934038,0.00590206,0.362112,480,0,0.33164,3.5506,1.28571,56.1905
238,0.274181,0.0386,0.0616317,0.00590206,0.238936,480,0,0.33164,5.38099,1.28571,56.1905
239,0.216224,0.0386,0.158366,0.00590206,0.613961,480,0,0.33164,2.09413,1.28571,56.1905
240,0.431807,0.0386,0.0646363,0.00590206,0.250585,480,0,0.33164,5.13086,1.28571,56.1905
241,0.266685,0.0386,0.0638478,0.00590206,0.247528,480,0,0.33164,5.19422,1.28571,56.1905
242,0.765834,0.0386,0.0300063,0.00590206,0.11633,480,0,0.33164,11.0523,1.28571,56.1905
243,0.32106,0.0386,0.13156,0.00590206,0.510036,480,0,0.33164,2.52083,1.28571,56.1905
244,0.388676,0.0386,0.00854336,0.00590206,0.0331212,480,0,0.33164,38.8184,1.28571,56.1905
245,0.188737,0.0386,0.0417089,0.00590206,0.161699,480,0,0.33164,7.9513,1.28571,56.1905
246,0.428059,0.0386,0.0159845,0.00590206,0.0619692,480,0,0.33164,20.7476,1.28571,56.1905
247,0.293521,0.0386,0.0152722,0.00590206,0.0592078,480,0,0.33164,21.7153,1.28571,56.1905
248,0.164917,0.0386,0.187429,0.00590206,0.726633,480,0,0.33164,1.76941,1.28571,56.1905
249,0.176879,0.0386,0.0131148,0.00590206,0.050844,480,0,0.33164,25.2875,1.28571,56.1905
250,0.217174,0.0386,0.0477957,0.00590206,0.185296,480,0,0.33164,6.93869,1.28571,56.1905
251,0.351513,0.0386,0.00646876,0.00590206,0.0250784,480,0,0.33164,51.2679,1.28571,56.1905
252,0.141933,0.0386,0.0681002,0.00590206,0.264014,480,0,0.33164,4.86988,1.28571,56.1905
253,0.186532,0.0386,0.018954,0.00590206,0.0734818,480,0,0.33164,17.497,1.28571,56.1905
254,0.413785,0.0386,0.0160773,0.00590206,0.0623292,480,0,0.33164,20.6278,1.28571,56.1905
255,0.385197,0.0386,0.0119019,0.00590206,0.0461416,480,0,0.33164,27.8645,1.28571,56.1905
256,0.117722,0.0386,0.0225797,0.00590206,0.0875381,480,0,0.33164,14.6875,1.28571,56.1905
257,0.231192,0.0386,0.075375,0.00590206,0.292217,480,0,0.33164,4.39986,1.28571,56.1905
258,0.12078,0.0386,0.0692827,0.00590206,0.268598,480,0,0.33164,4.78676,1.28571,56.1905
259,0.297524,0.0386,0.00748746,0.00590206,0.0290277,480,0,0.33164,44.2927,1.28571,56.1905
260,0.133782,0.0386,0.00810373,0.00590206,0.0314169,480,0,0.33164,40.9243,1.28571,56.1905
261,0.219876,0.0386,0.012338,0.00590206,0.0478323,480,0,0.33164,26.8796,1.28571,56.1905
262,0.395488,0.0386,0.0183676,0.00590206,0.0712082,480,0,0.33164,18.0557,1.28571,56.1905
263,0.289279,0.0386,0.00502968,0.00590206,0.0194993,480,0,0.33164,65.9365,1.28571,56.1905
264,0.330912,0.0386,0.0633181,0.00590206,0.245474,480,0,0.33164,5.23767,1.28571,56.1905
265,0.206588,0.0386,0.0920055,0.00590206,0.356691,480,0,0.33164,3.60456,1.28571,56.1905
266,0.352819,0.0386,0.0845817,0.00590206,0.32791,480,0,0.33164,3.92094,1.28571,56.1905
267,0.454977,0.0386,0.0323759,0.00590206,0.125516,480,0,0.33164,10.2434,1.28571,56.1905
268,0.465818,0.0386,0.101959,0.00590206,0.395277,480,0,0.33164,3.25269,1.28571,56.1905
269,0.13216,0.0386,0.0171322,0.00590206,0.0664187,480,0,0.33164,19.3577,1.28571,56.1905
270,0.193593,0.0386,0.0223681,0.00590206,0.0867175,480,0,0.33164,14.8265,1.28571,56.1905
271,0.33908,0.0386,0.026307,0.00590206,0.101988,480,0,0.33164,12.6065,1.28571,56.1905
272,0.292134,0.0386,0.0826598,0.00590206,0.320459,480,0,0.33164,4.0121,1.28571,56.1905
273,0.109173,0.0386,0.0354717,0.00590206,0.137518,480,0,0.33164,9.34941,1.28571,56.1905
274,0.485532,0.0386,0.0069141,0.00590206,0.0268049,480,0,0.33164,47.9657,1.28571,56.1905
275,0.165359,0.0386,0.0979035,0.00590206,0.379556,480,0,0.33164,3.38741,1.28571,56.1905
276,0.101834,0.0386,0.00249541,0.00590206,0.0096743,480,0,0.33164,132.9,1.28571,56.1905
277,0.486947,0.0386,0.0732898,0.00590206,0.284133,480,0,0.33164,4.52504,1.28571,56.1905
278,0.408215,0.0386,0.036334,0.00590206,0.140861,480,0,0.33164,9.12754,1.28571,56.1905
279,0.0792052,0.0386,0.0761095,0.00590206,0.295064,480,0,0.33164,4.3574,1.28571,56.1905
280,0.482151,0.0386,0.00610358,0.00590206,0.0236626,480,0,0.33164,54.3353,1.28571,56.1905
281,0.610018,0.0386,0.0234356,0.00590206,0.0908561,480,0,0.33164,14.1511,1.28571,56.1905
282,0.199734,0.0386,0.0834117,0.00590206,0.323374,480,0,0.33164,3.97594,1.28571,56.1905
283,0.272949,0.0386,0.164977,0.00590206,0.639591,480,0,0.33164,2.01021,1.28571,56.1905
284,0.149285,0.0386,0.0196212,0.00590206,0.0760682,480,0,0.33164,16.9021,1.28571,56.1905
285,0.33819,0.0386,0.0196893,0.00590206,0.0763323,480,0,0.33164,16.8436,1.28571,56.1905
286,0.621849,0.0386,0.0926023,0.00590206,0.359004,480,0,0.33164,3.58133,1.28571,56.1905
287,0.319269,0.0386,0.075733,0.00590206,0.293605,480,0,0.33164,4.37907,1.28571,56.1905
288,0.204219,0.0386,0.0536312,0.00590206,0.20792,480,0,0.33164,6.1837,1.28571,56.1905
289,0.418377,0.0386,0.0620271,0.00590206,0.240469,480,0,0.33164,5.34669,1.28571,56.1905
290,0.339904,0.0386,0.124637,0.00590206,0.483196,480,0,0.33164,2.66086,1.28571,56.1905
291,0.308933,0.0386,0.101309,0.00590206,0.39276,480,0,0.33164,3.27354,1.28571,56.1905
292,0.354829,0.0386,0.022717,0.00590206,0.0880703,480,0,0.33164,14.5987,1.28571,56.1905
293,0.233619,0.0386,0.0416665,0.00590206,0.161534,480,0,0.33164,7.95938,1.28571,56.1905
294,0.109974,0.0386,0.0239656,0.00590206,0.0929107,480,0,0.33164,13.8382,1.28571,56.1905
295,0.366289,0.0386,0.0408385,0.00590206,0.158324,480,0,0.33164,8.12076,1.28571,56.1905
296,0.347553,0.0386,0.115013,0.00590206,0.445889,480,0,0.33164,2.88349,1.28571,56.1905
297,0.104836,0.0386,0.0463835,0.00590206,0.179822,480,0,0.33164,7.14994,1.28571,56.1905
298,0.0136637,0.0386,0.00320917,0.00590206,0.0124414,480,0,0.33164,103.341,1.28571,56.1905
299,0.384739,0.0386,0.00189907,0.00590206,0.00736239,480,0,0.33164,174.633,1.28571,56.1905
300,0.174323,0.0386,0.0591983,0.00590206,0.229502,480,0,0.33164,5.60218,1.28571,56.1905
301,0.227227,0.0386,0.0347475,0.00590206,0.134711,480,0,0.33164,9.54428,1.28571,56.1905
302,0.324445,0.0386,0.00853585,0.00590206,0.0330921,480,0,0.33164,38.8526,1.28571,56.1905
303,0.112132,0.0386,0.0244311,0.00590206,0.0947156,480,0,0.33164,13.5745,1.28571,56.1905
304,0.075778,0.0386,0.140689,0.00590206,0.545429,480,0,0.33164,2.35725,1.28571,56.1905
305,0.182054,0.0386,0.0308236,0.00590206,0.119498,480,0,0.33164,10.7593,1.28571,56.1905
306,0.306525,0.0386,0.0320628,0.00590206,0.124302,480,0,0.33164,10.3434,1.28571,56.1905
307,0.430159,0.0386,0.179967,0.00590206,0.697704,480,0,0.33164,1.84278,1.28571,56.1905
308,0.0880208,0.0386,0.0125546,0.00590206,0.0486721,480,0,0.33164,26.4158,1.28571,56.1905
309,0.0952746,0.0386,0.129289,0.00590206,0.501234,480,0,0.33164,2.5651,1.28571,56.1905
310,0.149451,0.0386,0.0456541,0.00590206,0.176994,480,0,0.33164,7.26418,1.28571,56.1905
311,0.203308,0.0386,0.164704,0.00590206,0.638532,480,0,0.33164,2.01355,1.28571,56.1905
312,0.0903731,0.0386,0.144903,0.00590206,0.561765,480,0,0.33164,2.2887,1.28571,56.1905
313,0.384563,0.0386,0.015425,0.00590206,0.0598004,480,0,0.33164,21.5001,1.28571,56.1905
314,0.248792,0.0386,0.0292596,0.00590206,0.113435,480,0,0.33164,11.3344,1.28571,56.1905
315,0.273351,0.0386,0.485839,0.00590206,1.88352,480,0,0.33164,0.682612,1.28571,56.1905
316,0.34944,0.0386,0.111365,0.00590206,0.431744,480,0,0.33164,2.97795,1.28571,56.1905
317,0.155123,0.0386,0.281866,0.00590206,1.09275,480,0,0.33164,1.17658,1.28571,56.1905
318,0.55961,0.0386,0.00920902,0.00590206,0.0357019,480,0,0.33164,36.0125,1.28571,56.1905
319,0.178266,0.0386,0.136815,0.00590206,0.53041,480,0,0.33164,2.424,1.28571,56.1905
320,0.0778012,0.0386,0.0471512,0.00590206,0.182798,480,0,0.33164,7.03354,1.28571,56.1905
321,0.109553,0.0386,0.0285217,0.00590206,0.110574,480,0,0.33164,11.6276,1.28571,56.1905
322,0.0816584,0.0386,0.0288336,0.00590206,0.111783,480,0,0.33164,11.5019,1.28571,56.1905
323,0.138947,0.0386,0.00765417,0.00590206,0.029674,480,0,0.33164,43.328,1.28571,56.1905
324,0.089726,0.0386,0.0171251,0.00590206,0.0663915,480,0,0.33164,19.3657,1.28571,56.1905
325,0.0492822,0.0386,0.0527919,0.00590206,0.204666,480,0,0.33164,6.28202,1.28571,56.1905
326,0.099567,0.0386,0.0688272,0.00590206,0.266832,480,0,0.33164,4.81844,1.28571,56.1905
327,0.174691,0.0386,0.0918226,0.00590206,0.355982,480,0,0.33164,3.61174,1.28571,56.1905
328,0.29907,0.0386,0.0126608,0.00590206,0.049084,480,0,0.33164,26.1942,1.28571,56.1905
329,0.237406,0.0386,0.0154422,0.00590206,0.0598671,480,0,0.33164,21.4761,1.28571,56.1905
330,0.212567,0.0386,0.0696172,0.00590206,0.269895,480,0,0.33164,4.76376,1.28571,56.1905
331,0.318262,0.0386,0.0252807,0.00590206,0.0980092,480,0,0.33164,13.1183,1.28571,56.1905
332,0.186702,0.0386,0.0646727,0.00590206,0.250726,480,0,0.33164,5.12797,1.28571,56.1905
333,0.257772,0.0386,0.0130808,0.00590206,0.0507122,480,0,0.33164,25.3532,1.28571,56.1905
334,0.65472,0.0386,0.0155412,0.00590206,0.0602509,480,0,0.33164,21.3393,1.28571,56.1905
335,0.124488,0.0386,0.0380621,0.00590206,0.147561,480,0,0.33164,8.71312,1.28571,56.1905
336,0.353237,0.0386,0.0061031,0.00590206,0.0236608,480,0,0.33164,54.3395,1.28571,56.1905
337,0.389676,0.0386,0.00613658,0.00590206,0.0237905,480,0,0.33164,54.0431,1.28571,56.1905
338,0.30912,0.0386,0.0300764,0.00590206,0.116601,480,0,0.33164,11.0266,1.28571,56.1905
339,0.156942,0.0386,0.478992,0.00590206,1.85698,480,0,0.33164,0.69237,1.28571,56.1905
340,0.23428,0.0386,0.0386432,0.00590206,0.149814,480,0,0.33164,8.58209,1.28571,56.1905
341,0.20905,0.0386,0.0276554,0.00590206,0.107215,480,0,0.33164,11.9919,1.28571,56.1905
342,0.213371,0.0386,0.0200029,0.00590206,0.0775479,480,0,0.33164,16.5796,1.28571,56.1905
343,0.183458,0.0386,0.0326366,0.00590206,0.126527,480,0,0.33164,10.1616,1.28571,56.1905
344,0.202008,0.0386,0.0717315,0.00590206,0.278091,480,0,0.33164,4.62335,1.28571,56.1905
345,0.144799,0.0386,0.0561,0.00590206,0.217491,480,0,0.33164,5.91158,1.28571,56.1905
346,0.294086,0.0386,0.0404495,0.00590206,0.156816,480,0,0.33164,8.19886,1.28571,56.1905
347,0.393943,0.0386,0.0336175,0.00590206,0.13033,480,0,0.33164,9.8651,1.28571,56.1905
348,0.057945,0.0386,0.00950774,0.00590206,0.03686,480,0,0.33164,34.881,1.28571,56.1905
349,0.193098,0.0386,0.41463,0.00590206,1.60746,480,0,0.33164,0.799845,1.28571,56.1905
350,0.0883271,0.0386,0.0034634,0.00590206,0.013427,480,0,0.33164,95.7556,1.28571,56.1905
351,0.10353,0.0386,0.125433,0.00590206,0.486284,480,0,0.33164,2.64396,1.28571,56.1905
352,0.250159,0.0386,0.0222959,0.00590206,0.0864377,480,0,0.33164,14.8745,1.28571,56.1905
353,0.293095,0.0386,0.0111082,0.00590206,0.0430647,480,0,0.33164,29.8554,1.28571,56.1905
354,0.177511,0.0386,0.0292494,0.00590206,0.113395,480,0,0.33164,11.3383,1.28571,56.1905
355,0.184653,0.0386,0.0189069,0.00590206,0.0732992,480,0,0.33164,17.5406,1.28571,56.1905
356,0.130596,0.0386,0.0219673,0.00590206,0.0851637,480,0,0.33164,15.097,1.28571,56.1905
357,0.145468,0.0386,0.109108,0.00590206,0.422993,480,0,0.33164,3.03957,1.28571,56.1905
358,0.28717,0.0386,0.033096,0.00590206,0.128308,480,0,0.33164,10.0205,1.28571,56.1905
359,0.175752,0.0386,0.0388957,0.00590206,0.150792,480,0,0.33164,8.52639,1.28571,56.1905
360,0.405305,0.0386,0.0131721,0.00590206,0.0510662,480,0,0.33164,25.1774,1.28571,56.1905
361,0.0925391,0.0386,0.00747354,0.00590206,0.0289737,480,0,0.33164,44.3752,1.28571,56.1905
362,0.254151,0.0386,0.00972442,0.00590206,0.0377,480,0,0.33164,34.1038,1.28571,56.1905
363,0.208536,0.0386,0.00689571,0.00590206,0.0267336,480,0,0.33164,48.0937,1.28571,56.1905
364,0.113366,0.0386,0.019086,0.00590206,0.0739933,480,0,0.33164,17.3761,1.28571,56.1905
365,0.100072,0.0386,0.405361,0.00590206,1.57152,480,0,0.33164,0.818133,1.28571,56.1905
366,0.219449,0.0386,0.053465,0.00590206,0.207275,480,0,0.33164,6.20293,1.28571,56.1905
367,0.076544,0.0386,0.0113934,0.00590206,0.0441703,480,0,0.33164,29.1081,1.28571,56.1905
368,0.441268,0.0386,0.00499002,0.00590206,0.0193455,480,0,0.33164,66.4605,1.28571,56.1905
369,0.468562,0.0386,0.0510086,0.00590206,0.197752,480,0,0.33164,6.50164,1.28571,56.1905
370,0.288712,0.0386,0.385724,0.00590206,1.49539,480,0,0.33164,0.859784,1.28571,56.1905
371,0.494366,0.0386,0.0147964,0.00590206,0.0573631,480,0,0.33164,22.4136,1.28571,56.1905
372,0.224308,0.0386,0.0167513,0.00590206,0.0649419,480,0,0.33164,19.7979,1.28571,56.1905
373,0.116311,0.0386,0.00577482,0.00590206,0.0223881,480,0,0.33164,57.4286,1.28571,56.1905
374,0.723544,0.0386,0.0526767,0.00590206,0.204219,480,0,0.33164,6.29575,1.28571,56.1905
375,0.188618,0.0386,0.0278633,0.00590206,0.108022,480,0,0.33164,11.9024,1.28571,56.1905
376,0.213591,0.0386,0.00738635,0.00590206,0.0286357,480,0,0.33164,44.899,1.28571,56.1905
377,0.410043,0.0386,0.0142178,0.00590206,0.0551201,480,0,0.33164,23.3257,1.28571,56.1905
378,0.0442231,0.0386,0.0162275,0.00590206,0.0629113,480,0,0.33164,20.4369,1.28571,56.1905
379,0.224468,0.0386,0.0385921,0.00590206,0.149615,480,0,0.33164,8.59347,1.28571,56.1905
380,0.105351,0.0386,0.0920252,0.00590206,0.356767,480,0,0.33164,3.60379,1.28571,56.1905
381,0.0733108,0.0386,0.0354414,0.00590206,0.1374,480,0,0.33164,9.35742,1.28571,56.1905
382,0.386043,0.0386,0.164689,0.00590206,0.638471,480,0,0.33164,2.01374,1.28571,56.1905
383,0.156667,0.0386,0.0200479,0.00590206,0.0777224,480,0,0.33164,16.5424,1.28571,56.1905
384,0.153985,0.0386,0.0307669,0.00590206,0.119279,480,0,0.33164,10.7791,1.28571,56.1905
385,0.272482,0.0386,0.12001,0.00590206,0.465259,480,0,0.33164,2.76344,1.28571,56.1905
386,0.211731,0.0386,0.0355809,0.00590206,0.137941,480,0,0.33164,9.32073,1.28571,56.1905
387,0.0650566,0.0386,0.0144172,0.00590206,0.0558932,480,0,0.33164,23.003,1.28571,56.1905
388,0.268681,0.0386,0.0189085,0.00590206,0.0733051,480,0,0.33164,17.5392,1.28571,56.1905
389,0.202157,0.0386,0.0457923,0.00590206,0.177529,480,0,0.33164,7.24226,1.28571,56.1905
390,0.186624,0.0386,0.0305685,0.00590206,0.118509,480,0,0.33164,10.8491,1.28571,56.1905
391,0.164149,0.0386,0.00552193,0.00590206,0.0214076,480,0,0.33164,60.0587,1.28571,56.1905
392,0.221358,0.0386,0.0353036,0.00590206,0.136867,480,0,0.33164,9.39392,1.28571,56.1905
393,0.234075,0.0386,0.00774143,0.00590206,0.0300123,480,0,0.33164,42.8396,1.28571,56.1905
394,0.60158,0.0386,0.0323086,0.00590206,0.125255,480,0,0.33164,10.2648,1.28571,56.1905
395,0.379581,0.0386,0.0465037,0.00590206,0.180287,480,0,0.33164,7.13147,1.28571,56.1905
396,0.138511,0.0386,0.137063,0.00590206,0.531372,480,0,0.33164,2.41961,1.28571,56.1905
397,0.585546,0.0386,0.0260609,0.00590206,0.101034,480,0,0.33164,12.7256,1.28571,56.1905
398,0.128623,0.0386,0.059369,0.00590206,0.230164,480,0,0.33164,5.58607,1.28571,56.1905
399,0.268283,0.0386,0.00512977,0.00590206,0.0198873,480,0,0.33164,64.65,1.28571,56.1905
400,0.186348,0.0386,0.133935,0.00590206,0.519245,480,0,0.33164,2.47612,1.28571,56.1905
401,0.266885,0.0386,0.108289,0.00590206,0.41982,480,0,0.33164,3.06253,1.28571,56.1905
402,0.312985,0.0386,0.0393462,0.00590206,0.152539,480,0,0.33164,8.42877,1.28571,56.1905
403,0.334599,0.0386,0.00557753,0.00590206,0.0216232,480,0,0.33164,59.46,1.28571,56.1905
404,0.20248,0.0386,0.117003,0.00590206,0.453603,480,0,0.33164,2.83445,1.28571,56.1905
405,0.2736,0.0386,0.0221443,0.00590206,0.0858498,480,0,0.33164,14.9763,1.28571,56.1905
406,0.162306,0.0386,0.0176231,0.00590206,0.068322,480,0,0.33164,18.8185,1.28571,56.1905
407,0.109883,0.0386,0.0433811,0.00590206,0.168182,480,0,0.33164,7.64479,1.28571,56.1905
408,0.474421,0.0386,0.0563046,0.00590206,0.218284,480,0,0.33164,5.89009,1.28571,56.1905
409,0.343598,0.0386,0.0399318,0.00590206,0.154809,480,0,0.33164,8.30516,1.28571,56.1905
410,0.380635,0.0386,0.0150946,0.00590206,0.0585193,480,0,0.33164,21.9708,1.28571,56.1905
411,0.103204,0.0386,0.0187221,0.00590206,0.0725826,480,0,0.33164,17.7138,1.28571,56.1905
412,0.401393,0.0386,0.0152428,0.00590206,0.059094,480,0,0.33164,21.7571,1.28571,56.1905
413,0.145761,0.0386,0.0275699,0.00590206,0.106884,480,0,0.33164,12.0291,1.28571,56.1905
414,0.299956,0.0386,0.0850216,0.00590206,0.329615,480,0,0.33164,3.90065,1.28571,56.1905
415,0.266902,0.0386,0.0200693,0.00590206,0.0778054,480,0,0.33164,16.5247,1.28571,56.1905
416,0.232514,0.0386,0.0069503,0.00590206,0.0269452,480,0,0.33164,47.7159,1.28571,56.1905
417,0.340877,0.0386,0.0390288,0.00590206,0.151308,480,0,0.33164,8.49731,1.28571,56.1905
418,0.457192,0.0386,0.0135607,0.00590206,0.0525726,480,0,0.33164,24.456,1.28571,56.1905
419,0.120972,0.0386,0.027573,0.00590206,0.106896,480,0,0.33164,12.0277,1.28571,56.1905
420,0.172374,0.0386,0.20597,0.00590206,0.798515,480,0,0.33164,1.61013,1.28571,56.1905
421,0.314849,0.0386,0.0182594,0.00590206,0.0707887,480,0,0.33164,18.1627,1.28571,56.1905
422,0.406734,0.0386,0.0762724,0.00590206,0.295696,480,0,0.33164,4.3481,1.28571,56.1905
423,0.225053,0.0386,0.0591429,0.00590206,0.229287,480,0,0.33164,5.60743,1.28571,56.1905
424,0.256134,0.0386,0.00827294,0.00590206,0.0320729,480,0,0.33164,40.0873,1.28571,56.1905
425,0.28943,0.0386,0.268893,0.00590206,1.04246,480,0,0.33164,1.23335,1.28571,56.1905
426,0.417219,0.0386,0.139968,0.00590206,0.542634,480,0,0.33164,2.36939,1.28571,56.1905
427,0.0926931,0.0386,0.0340809,0.00590206,0.132126,480,0,0.33164,9.73096,1.28571,56.1905
428,0.505241,0.0386,0.134548,0.00590206,0.521621,480,0,0.33164,2.46485,1.28571,56.1905
429,0.165413,0.0386,0.155697,0.00590206,0.603612,480,0,0.33164,2.13003,1.28571,56.1905
430,0.309984,0.0386,0.016694,0.00590206,0.0647199,480,0,0.33164,19.8658,1.28571,56.1905
431,0.25258,0.0386,0.0155749,0.00590206,0.0603814,480,0,0.33164,21.2932,1.28571,56.1905
432,0.0810815,0.0386,0.00851945,0.00590206,0.0330285,480,0,0.33164,38.9274,1.28571,56.1905
433,0.204959,0.0386,0.0515307,0.00590206,0.199776,480,0,0.33164,6.43576,1.28571,56.1905
434,0.344008,0.0386,0.0858308,0.00590206,0.332752,480,0,0.33164,3.86388,1.28571,56.1905
435,0.360398,0.0386,0.0691922,0.00590206,0.268247,480,0,0.33164,4.79302,1.28571,56.1905
436,0.607293,0.0386,0.0219366,0.00590206,0.0850449,480,0,0.33164,15.1181,1.28571,56.1905
437,0.207031,0.0386,0.0474431,0.00590206,0.183929,480,0,0.33164,6.99026,1.28571,56.1905
438,0.0466154,0.0386,0.0169656,0.00590206,0.0657731,480,0,0.33164,19.5477,1.28571,56.1905
439,0.233977,0.0386,0.0238515,0.00590206,0.0924685,480,0,0.33164,13.9043,1.28571,56.1905
440,0.273774,0.0386,0.0251061,0.00590206,0.0973324,480,0,0.33164,13.2095,1.28571,56.1905
441,0.304947,0.0386,0.0104597,0.00590206,0.0405505,480,0,0.33164,31.7065,1.28571,56.1905
442,0.418567,0.0386,0.03288,0.00590206,0.12747,480,0,0.33164,10.0864,1.28571,56.1905
443,0.289882,0.0386,0.0282324,0.00590206,0.109452,480,0,0.33164,11.7468,1.28571,56.1905
444,0.0972012,0.0386,0.00742592,0.00590206,0.0287891,480,0,0.33164,44.6597,1.28571,56.1905
445,0.212926,0.0386,0.0995221,0.00590206,0.385831,480,0,0.33164,3.33232,1.28571,56.1905
446,0.0464948,0.0386,0.0172805,0.00590206,0.0669938,480,0,0.33164,19.1916,1.28571,56.1905
447,0.239822,0.0386,0.0112057,0.00590206,0.0434427,480,0,0.33164,29.5956,1.28571,56.1905
448,0.443989,0.0386,0.0529854,0.00590206,0.205416,480,0,0.33164,6.25908,1.28571,56.1905
449,0.307553,0.0386,0.0971507,0.00590206,0.376638,480,0,0.33164,3.41366,1.28571,56.1905
450,0.110025,0.0386,0.0249974,0.00590206,0.096911,480,0,0.33164,13.267,1.28571,56.1905
451,0.263472,0.0386,0.0223857,0.00590206,0.086786,480,0,0.33164,14.8148,1.28571,56.1905
452,0.224159,0.0386,0.0670492,0.00590206,0.259939,480,0,0.33164,4.94621,1.28571,56.1905
453,0.4196,0.0386,0.0149536,0.00590206,0.0579728,480,0,0.33164,22.1779,1.28571,56.1905
454,0.0674585,0.0386,0.0727474,0.00590206,0.28203,480,0,0.33164,4.55878,1.28571,56.1905
455,0.301671,0.0386,0.0904382,0.00590206,0.350614,480,0,0.33164,3.66703,1.28571,56.1905
456,0.37169,0.0386,0.110846,0.00590206,0.429732,480,0,0.33164,2.9919,1.28571,56.1905
457,0.246578,0.0386,0.0392387,0.00590206,0.152122,480,0,0.33164,8.45186,1.28571,56.1905
458,0.393869,0.0386,0.0840224,0.00590206,0.325741,480,0,0.33164,3.94704,1.28571,56.1905
459,0.178021,0.0386,0.00571778,0.00590206,0.0221669,480,0,0.33164,58.0015,1.28571,56.1905
460,0.260792,0.0386,0.0150818,0.00590206,0.0584697,480,0,0.33164,21.9894,1.28571,56.1905
461,0.218644,0.0386,0.00419228,0.00590206,0.0162528,480,0,0.33164,79.1073,1.28571,56.1905
462,0.22046,0.0386,0.0630517,0.00590206,0.244441,480,0,0.33164,5.25981,1.28571,56.1905
463,0.186041,0.0386,0.0121008,0.00590206,0.0469127,480,0,0.33164,27.4065,1.28571,56.1905
464,0.139019,0.0386,0.0160218,0.00590206,0.0621141,480,0,0.33164,20.6992,1.28571,56.1905
465,0.243574,0.0386,0.0634871,0.00590206,0.246129,480,0,0.33164,5.22374,1.28571,56.1905
466,0.112971,0.0386,0.0204007,0.00590206,0.0790902,480,0,0.33164,16.2563,1.28571,56.1905
467,0.272219,0.0386,0.012131,0.00590206,0.0470299,480,0,0.33164,27.3382,1.28571,56.1905
468,0.136289,0.0386,0.0409173,0.00590206,0.15863,480,0,0.33164,8.10512,1.28571,56.1905
469,0.511108,0.0386,0.0247351,0.00590206,0.095894,480,0,0.33164,13.4077,1.28571,56.1905
470,0.253822,0.0386,0.239898,0.00590206,0.930046,480,0,0.33164,1.38242,1.28571,56.1905
471,0.284489,0.0386,0.0637426,0.00590206,0.24712,480,0,0.33164,5.2028,1.28571,56.1905
472,0.208764,0.0386,0.0239541,0.00590206,0.0928663,480,0,0.33164,13.8448,1.28571,56.1905
473,0.194368,0.0386,0.0177167,0.00590206,0.0686849,480,0,0.33164,18.719,1.28571,56.1905
474,0.464798,0.0386,0.0370483,0.00590206,0.143631,480,0,0.33164,8.95154,1.28571,56.1905
475,0.194866,0.0386,0.0258101,0.00590206,0.100062,480,0,0.33164,12.8492,1.28571,56.1905
476,0.258762,0.0386,0.0798956,0.00590206,0.309742,480,0,0.33164,4.15091,1.28571,56.1905
477,0.14225,0.0386,0.0733534,0.00590206,0.284379,480,0,0.33164,4.52112,1.28571,56.1905
478,0.129714,0.0386,0.0115724,0.00590206,0.0448645,480,0,0.33164,28.6577,1.28571,56.1905
479,0.173451,0.0386,0.00946704,0.00590206,0.0367022,480,0,0.33164,35.031,1.28571,56.1905
480,0.355292,0.0386,0.0364797,0.00590206,0.141426,480,0,0.33164,9.09108,1.28571,56.1905
481,0.319819,0.0386,0.0947546,0.00590206,0.367349,480,0,0.33164,3.49998,1.28571,56.1905
482,0.337106,0.0386,0.049244,0.00590206,0.190911,480,0,0.33164,6.73462,1.28571,56.1905
483,0.204541,0.0386,0.115832,0.00590206,0.449061,480,0,0.33164,2.86311,1.28571,56.1905
484,0.316226,0.0386,0.0313878,0.00590206,0.121685,480,0,0.33164,10.5659,1.28571,56.1905
485,0.248332,0.0386,0.0196159,0.00590206,0.0760477,480,0,0.33164,16.9067,1.28571,56.1905
486,0.37376,0.0386,0.0257649,0.00590206,0.0998862,480,0,0.33164,12.8718,1.28571,56.1905
487,0.410154,0.0386,0.0116778,0.00590206,0.0452731,480,0,0.33164,28.3991,1.28571,56.1905
488,0.915775,0.0386,0.00447224,0.00590206,0.0173382,480,0,0.33164,74.1551,1.28571,56.1905
489,0.545823,0.0386,0.0106408,0.00590206,0.0412528,480,0,0.33164,31.1667,1.28571,56.1905
490,0.271467,0.0386,0.0555305,0.00590206,0.215283,480,0,0.33164,5.97221,1.28571,56.1905
491,0.273883,0.0386,0.013944,0.00590206,0.0540587,480,0,0.33164,23.7837,1.28571,56.1905
492,0.561863,0.0386,0.0420963,0.00590206,0.163201,480,0,0.33164,7.87812,1.28571,56.1905
493,0.472732,0.0386,0.0055675,0.00590206,0.0215843,480,0,0.33164,59.5671,1.28571,56.1905
494,0.275773,0.0386,0.036988,0.00590206,0.143397,480,0,0.33164,8.96614,1.28571,56.1905
495,0.0750348,0.0386,0.078696,0.00590206,0.305092,480,0,0.33164,4.21419,1.28571,56.1905
496,0.261736,0.0386,0.0043746,0.00590206,0.0169596,480,0,0.33164,75.8104,1.28571,56.1905
497,0.263177,0.0386,0.0344672,0.00590206,0.133624,480,0,0.33164,9.6219,1.28571,56.1905
498,0.207957,0.0386,0.0333715,0.00590206,0.129376,480,0,0.33164,9.9378,1.28571,56.1905
499,0.139477,0.0386,0.0728803,0.00590206,0.282545,480,0,0.33164,4.55047,1.28571,56.1905
