-0,0
2.27596e-15,1
1.626e-11,2
1.58684e-09,3
2.70632e-08,4
1.79255e-07,5
6.58034e-07,6
1.61826e-06,7
2.98521e-06,8
4.44282e-06,9
5.60597e-06,10
6.21267e-06,11
6.20603e-06,12
0.000137048,13
0.00104581,14
0.00408824,15
0.0100215,16
0.017668,17
0.0248949,18
0.0301935,19
0.0330211,20
0.033466,21
0.0319221,22
0.0289053,23
0.0249618,24
0.0690261,25
0.110472,26
0.14126,27
0.16231,28
0.175631,29
0.182937,30
0.185518,31
0.184321,32
0.180039,33
0.1732,34
0.164224,35
0.153466,36
0.200164,37
0.230958,38
0.250193,39
0.261483,40
0.267428,41
0.269664,42
0.269123,43
0.266287,44
0.26139,45
0.254547,46
0.245839,47
0.235366,48
0.267014,49
0.284231,50
0.293156,51
0.297616,52
0.29957,53
0.299927,54
0.299062,55
0.297074,56
0.293902,57
0.289396,58
0.283368,59
0.275645,60
0.294276,61
0.30275,62
0.306668,63
0.308474,64
0.309166,65
0.309143,66
0.30854,67
0.307351,68
0.305483,69
0.302765,70
0.298968,71
0.293823,72
0.287063,73
0.278478,74
0.267974,75
0.255599,76
0.241534,77
0.226046,78
0.209429,79
0.191965,80
0.173909,81
0.155485,82
0.136907,83
0.118395,84
0.10021,85
0.08267,86
0.0661702,87
0.0511645,88
0.0381002,89
0.0273056,90
0.0188801,91
0.0126605,92
0.00828891,93
0.00533416,94
0.00339353,95
0.00214373,96
0.00134896,97
0.000847379,98
0.000532166,99
0.00033445,100
0.000210483,101
0.00013271,102
8.38545e-05,103
5.31118e-05,104
3.37266e-05,105
2.14751e-05,106
1.37128e-05,107
8.78203e-06,108
5.64124e-06,109
3.63498e-06,110
2.34969e-06,111
1.52379e-06,112
9.9147e-07,113
6.47286e-07,114
4.24034e-07,115
2.78751e-07,116
1.83893e-07,117
1.2175e-07,118
8.09003e-08,119
5.39541e-08,120
3.6117e-08,121
2.42678e-08,122
1.63679e-08,123
1.10821e-08,124
7.53222e-09,125
5.13944e-09,126
3.52056e-09,127
2.42115e-09,128
1.67169e-09,129
1.15884e-09,130
8.06563e-10,131
5.63641e-10,132
3.95481e-10,133
2.7862e-10,134
1.97091e-10,135
1.39989e-10,136
9.98387e-11,137
7.14957e-11,138
5.1409e-11,139
3.71173e-11,140
2.69085e-11,141
1.95875e-11,142
1.43166e-11,143
1.05067e-11,144
7.7421e-12,145
5.72804e-12,146
4.25504e-12,147
3.17353e-12,148
2.37638e-12,149
1.78653e-12,150
1.3484e-12,151
1.02172e-12,152
7.77198e-13,153
5.93484e-13,154
4.54937e-13,155
3.50058e-13,156
2.70372e-13,157
2.09605e-13,158
1.63096e-13,159
1.2737e-13,160
9.98322e-14,161
7.85251e-14,162
6.19828e-14,163
4.90996e-14,164
3.90243e-14,165
3.11233e-14,166
2.4906e-14,167
1.99933e-14,168
1.61029e-14,169
1.30127e-14,170
1.05471e-14,171
8.57647e-15,172
6.99441e-15,173
5.72227e-15,174
4.69532e-15,175
3.86265e-15,176
3.18727e-15,177
2.63678e-15,178
2.18806e-15,179
1.81799e-15,180
1.5173e-15,181
1.2675e-15,182
1.06396e-15,183
8.92804e-16,184
7.54026e-16,185
6.38378e-16,186
5.36608e-16,187
4.57967e-16,188
3.88578e-16,189
3.33067e-16,190
2.82182e-16,191
2.40548e-16,192
2.08167e-16,193
1.80411e-16,194
1.52656e-16,195
1.34152e-16,196
1.15648e-16,197
9.71445e-17,198
8.78927e-17,199
7.40149e-17,200
6.4763e-17,201
5.55112e-17,202
5.08852e-17,203
4.16334e-17,204
3.70074e-17,205
3.23815e-17,206
2.77556e-17,207
2.77556e-17,208
2.31296e-17,209
1.85037e-17,210
1.85037e-17,211
1.38778e-17,212
1.38778e-17,213
1.38778e-17,214
9.25186e-18,215
9.25186e-18,216
9.25186e-18,217
9.25186e-18,218
4.62593e-18,219
4.62593e-18,220
4.62593e-18,221
4.62593e-18,222
4.62593e-18,223
4.62593e-18,224
4.62593e-18,225
4.62593e-18,226
4.62593e-18,227
4.62593e-18,228
-0,229
-0,230
-0,231
-0,232
-0,233
-0,234
-0,235
-0,236
-0,237
-0,238
-0,239
-0,240
-0,241
-0,242
-0,243
-0,244
-0,245
-0,246
-0,247
-0,248
-0,249
-0,250
-0,251
-0,252
-0,253
-0,254
-0,255
-0,256
-0,257
-0,258
-0,259
-0,260
-0,261
-0,262
-0,263
-0,264
-0,265
-0,266
-0,267
-0,268
-0,269
-0,270
-0,271
-0,272
-0,273
-0,274
-0,275
-0,276
-0,277
-0,278
-0,279
-0,280
-0,281
-0,282
-0,283
-0,284
-0,285
-0,286
-0,287
-0,288
-0,289
-0,290
-0,291
-0,292
-0,293
-0,294
-0,295
-0,296
-0,297
-0,298
-0,299
-0,300
-0,301
-0,302
-0,303
-0,304
-0,305
-0,306
-0,307
-0,308
-0,309
-0,310
-0,311
-0,312
-0,313
-0,314
-0,315
-0,316
-0,317
-0,318
-0,319
-0,320
-0,321
-0,322
-0,323
-0,324
-0,325
-0,326
-0,327
-0,328
-0,329
-0,330
-0,331
-0,332
-0,333
-0,334
-0,335
-0,336
-0,337
-0,338
-0,339
-0,340
-0,341
-0,342
-0,343
-0,344
-0,345
-0,346
-0,347
-0,348
-0,349
-0,350
-0,351
-0,352
-0,353
-0,354
-0,355
-0,356
-0,357
-0,358
-0,359
-0,360
-0,361
-0,362
-0,363
-0,364
-0,365
-0,366
-0,367
-0,368
-0,369
-0,370
-0,371
-0,372
-0,373
-0,374
-0,375
-0,376
-0,377
-0,378
-0,379
-0,380
-0,381
-0,382
-0,383
-0,384
-0,385
-0,386
-0,387
-0,388
-0,389
-0,390
-0,391
-0,392
-0,393
-0,394
-0,395
-0,396
-0,397
-0,398
-0,399
-0,400
-0,401
-0,402
-0,403
-0,404
-0,405
-0,406
-0,407
-0,408
-0,409
-0,410
-0,411
-0,412
-0,413
-0,414
-0,415
-0,416
-0,417
-0,418
-0,419
-0,420
-0,421
-0,422
-0,423
-0,424
-0,425
-0,426
-0,427
-0,428
-0,429
-0,430
-0,431
-0,432
-0,433
-0,434
-0,435
-0,436
-0,437
-0,438
-0,439
-0,440
-0,441
-0,442
-0,443
-0,444
-0,445
-0,446
-0,447
-0,448
-0,449
-0,450
-0,451
-0,452
-0,453
-0,454
-0,455
-0,456
-0,457
-0,458
-0,459
-0,460
-0,461
-0,462
-0,463
-0,464
-0,465
-0,466
-0,467
-0,468
-0,469
-0,470
-0,471
-0,472
-0,473
-0,474
-0,475
-0,476
-0,477
-0,478
-0,479
-0,480
-0,481
-0,482
-0,483
-0,484
-0,485
-0,486
-0,487
-0,488
-0,489
-0,490
-0,491
-0,492
-0,493
-0,494
-0,495
-0,496
-0,497
-0,498
-0,499
-0,500
-0,501
-0,502
-0,503
-0,504
-0,505
-0,506
-0,507
-0,508
-0,509
-0,510
-0,511
-0,512
-0,513
-0,514
-0,515
-0,516
-0,517
-0,518
-0,519
-0,520
-0,521
-0,522
-0,523
-0,524
-0,525
-0,526
-0,527
-0,528
-0,529
-0,530
-0,531
-0,532
-0,533
-0,534
-0,535
-0,536
-0,537
-0,538
-0,539
-0,540
-0,541
-0,542
-0,543
-0,544
-0,545
-0,546
-0,547
-0,548
-0,549
-0,550
-0,551
-0,552
-0,553
-0,554
-0,555
-0,556
-0,557
-0,558
-0,559
-0,560
-0,561
-0,562
-0,563
-0,564
-0,565
-0,566
-0,567
-0,568
-0,569
-0,570
-0,571
-0,572
-0,573
-0,574
-0,575
-0,576
-0,577
-0,578
-0,579
-0,580
-0,581
-0,582
-0,583
-0,584
-0,585
-0,586
-0,587
-0,588
-0,589
-0,590
-0,591
-0,592
-0,593
-0,594
-0,595
-0,596
-0,597
-0,598
-0,599
-0,600
-0,601
-0,602
-0,603
-0,604
-0,605
-0,606
-0,607
-0,608
-0,609
-0,610
-0,611
-0,612
-0,613
-0,614
-0,615
-0,616
-0,617
-0,618
-0,619
-0,620
-0,621
-0,622
-0,623
-0,624
-0,625
-0,626
-0,627
-0,628
-0,629
-0,630
-0,631
-0,632
-0,633
-0,634
-0,635
-0,636
-0,637
-0,638
-0,639
-0,640
-0,641
-0,642
-0,643
-0,644
-0,645
-0,646
-0,647
-0,648
-0,649
-0,650
-0,651
-0,652
-0,653
-0,654
-0,655
-0,656
-0,657
-0,658
-0,659
-0,660
-0,661
-0,662
-0,663
-0,664
-0,665
-0,666
-0,667
-0,668
-0,669
-0,670
-0,671
-0,672
