PID,i_lum_F1_indiv,i_lum_k12(KA),i_lum_k23(Q/V),i_lum_k32(Q/VP),i_lum_k20(CL/V),total_mg_dose_per_occassion,DS,Q,V,CL,VP
0,0.446094,0.0386,0.00915229,0.00834678,0.0359174,120,0.24338,0.117252,12.8112,0.460147,14.0476
1,0.192413,0.0386,0.0777291,0.00834678,0.305041,120,0.24338,0.117252,1.50847,0.460147,14.0476
2,0.14876,0.0386,0.0446641,0.00834678,0.175281,120,0.24338,0.117252,2.6252,0.460147,14.0476
3,0.0817664,0.0386,0.0138255,0.00834678,0.0542572,120,0.24338,0.117252,8.48084,0.460147,14.0476
4,0.0602916,0.0386,0.0591081,0.00834678,0.231965,120,0.24338,0.117252,1.98369,0.460147,14.0476
5,0.226678,0.0386,0.0314764,0.00834678,0.123527,120,0.24338,0.117252,3.72508,0.460147,14.0476
6,0.14244,0.0386,0.0462585,0.00834678,0.181538,120,0.24338,0.117252,2.53472,0.460147,14.0476
7,0.459898,0.0386,0.0964239,0.00834678,0.378408,120,0.24338,0.117252,1.21601,0.460147,14.0476
8,0.215589,0.0386,0.113396,0.00834678,0.445014,120,0.24338,0.117252,1.03401,0.460147,14.0476
9,0.158438,0.0386,0.0153019,0.00834678,0.0600512,120,0.24338,0.117252,7.66258,0.460147,14.0476
10,0.306054,0.0386,0.0185544,0.00834678,0.0728151,120,0.24338,0.117252,6.3194,0.460147,14.0476
11,0.390104,0.0386,0.0427543,0.00834678,0.167786,120,0.24338,0.117252,2.74247,0.460147,14.0476
12,0.180815,0.0386,0.0432462,0.00834678,0.169716,120,0.24338,0.117252,2.71128,0.460147,14.0476
13,0.32142,0.0386,0.0605954,0.00834678,0.237802,120,0.24338,0.117252,1.935,0.460147,14.0476
14,0.411798,0.0386,0.0183211,0.00834678,0.0718996,120,0.24338,0.117252,6.39986,0.460147,14.0476
15,0.207651,0.0386,0.0220177,0.00834678,0.0864065,120,0.24338,0.117252,5.32538,0.460147,14.0476
16,0.166267,0.0386,0.0203512,0.00834678,0.0798665,120,0.24338,0.117252,5.76146,0.460147,14.0476
17,0.0952342,0.0386,0.0947199,0.00834678,0.371721,120,0.24338,0.117252,1.23788,0.460147,14.0476
18,0.90011,0.0386,0.0539046,0.00834678,0.211544,120,0.24338,0.117252,2.17518,0.460147,14.0476
19,0.0656957,0.0386,0.0925728,0.00834678,0.363294,120,0.24338,0.117252,1.2666,0.460147,14.0476
20,0.0155893,0.0386,0.137451,0.00834678,0.539414,120,0.24338,0.117252,0.853051,0.460147,14.0476
21,0.240064,0.0386,0.0361224,0.00834678,0.141759,120,0.24338,0.117252,3.24598,0.460147,14.0476
22,0.0538869,0.0386,0.0290572,0.00834678,0.114033,120,0.24338,0.117252,4.03522,0.460147,14.0476
23,0.180133,0.0386,0.073477,0.00834678,0.288355,120,0.24338,0.117252,1.59577,0.460147,14.0476
24,0.232367,0.0386,0.0537491,0.00834678,0.210934,120,0.24338,0.117252,2.18147,0.460147,14.0476
25,0.0354463,0.0386,0.0152602,0.00834678,0.0598872,120,0.24338,0.117252,7.68356,0.460147,14.0476
26,0.294545,0.0386,0.0177637,0.00834678,0.0697122,120,0.24338,0.117252,6.60067,0.460147,14.0476
27,0.113999,0.0386,0.0484967,0.00834678,0.190321,120,0.24338,0.117252,2.41774,0.460147,14.0476
28,0.200317,0.0386,0.121461,0.00834678,0.476664,120,0.24338,0.117252,0.965349,0.460147,14.0476
29,0.114455,0.0386,0.00316131,0.00834678,0.0124063,120,0.24338,0.117252,37.0898,0.460147,14.0476
30,0.451399,0.0386,0.0535062,0.00834678,0.209981,120,0.24338,0.117252,2.19138,0.460147,14.0476
31,0.207481,0.0386,0.270624,0.00834678,1.06204,120,0.24338,0.117252,0.433267,0.460147,14.0476
32,0.308456,0.0386,0.267584,0.00834678,1.05011,120,0.24338,0.117252,0.438189,0.460147,14.0476
33,0.0955261,0.0386,0.14788,0.00834678,0.580344,120,0.24338,0.117252,0.792887,0.460147,14.0476
34,0.0525771,0.0386,0.0208329,0.00834678,0.0817569,120,0.24338,0.117252,5.62824,0.460147,14.0476
35,0.103817,0.0386,0.0327554,0.00834678,0.128546,120,0.24338,0.117252,3.57963,0.460147,14.0476
36,0.132847,0.0386,0.0164966,0.00834678,0.0647395,120,0.24338,0.117252,7.10768,0.460147,14.0476
37,0.120362,0.0386,0.0562978,0.00834678,0.220936,120,0.24338,0.117252,2.08272,0.460147,14.0476
38,0.267905,0.0386,0.115783,0.00834678,0.454379,120,0.24338,0.117252,1.01269,0.460147,14.0476
39,0.497382,0.0386,0.0688628,0.00834678,0.270246,120,0.24338,0.117252,1.70269,0.460147,14.0476
40,0.142043,0.0386,0.0108459,0.00834678,0.042564,120,0.24338,0.117252,10.8107,0.460147,14.0476
41,0.20048,0.0386,0.0586043,0.00834678,0.229988,120,0.24338,0.117252,2.00075,0.460147,14.0476
42,0.201436,0.0386,0.195325,0.00834678,0.766539,120,0.24338,0.117252,0.600292,0.460147,14.0476
43,0.0874947,0.0386,0.0991163,0.00834678,0.388974,120,0.24338,0.117252,1.18298,0.460147,14.0476
44,0.359398,0.0386,0.0188764,0.00834678,0.074079,120,0.24338,0.117252,6.21158,0.460147,14.0476
45,0.220101,0.0386,0.434247,0.00834678,1.70417,120,0.24338,0.117252,0.270013,0.460147,14.0476
46,0.654683,0.0386,0.0104095,0.00834678,0.0408511,120,0.24338,0.117252,11.264,0.460147,14.0476
47,0.155437,0.0386,0.00956224,0.00834678,0.0375262,120,0.24338,0.117252,12.262,0.460147,14.0476
48,0.342295,0.0386,0.0587608,0.00834678,0.230602,120,0.24338,0.117252,1.99542,0.460147,14.0476
49,0.511999,0.0386,0.176271,0.00834678,0.691762,120,0.24338,0.117252,0.665182,0.460147,14.0476
50,0.193079,0.0386,0.0412637,0.00834678,0.161936,120,0.24338,0.117252,2.84154,0.460147,14.0476
51,0.182252,0.0386,0.0325989,0.00834678,0.127932,120,0.24338,0.117252,3.59682,0.460147,14.0476
52,0.201531,0.0386,0.051158,0.00834678,0.200765,120,0.24338,0.117252,2.29197,0.460147,14.0476
53,0.255889,0.0386,0.0406495,0.00834678,0.159526,120,0.24338,0.117252,2.88447,0.460147,14.0476
54,0.244082,0.0386,0.0817897,0.00834678,0.320977,120,0.24338,0.117252,1.43358,0.460147,14.0476
55,0.536872,0.0386,0.0158619,0.00834678,0.0622487,120,0.24338,0.117252,7.39208,0.460147,14.0476
56,0.228311,0.0386,0.00724779,0.00834678,0.0284434,120,0.24338,0.117252,16.1777,0.460147,14.0476
57,0.362294,0.0386,0.0759679,0.00834678,0.29813,120,0.24338,0.117252,1.54345,0.460147,14.0476
58,0.290781,0.0386,0.0371158,0.00834678,0.145658,120,0.24338,0.117252,3.1591,0.460147,14.0476
59,0.0499114,0.0386,0.210424,0.00834678,0.825792,120,0.24338,0.117252,0.557219,0.460147,14.0476
60,0.0614785,0.0386,0.004236,0.00834678,0.0166239,120,0.24338,0.117252,27.6799,0.460147,14.0476
61,0.225005,0.0386,0.0148735,0.00834678,0.05837,120,0.24338,0.117252,7.88328,0.460147,14.0476
62,0.114008,0.0386,0.151765,0.00834678,0.59559,120,0.24338,0.117252,0.772591,0.460147,14.0476
63,0.0807584,0.0386,0.0281485,0.00834678,0.110467,120,0.24338,0.117252,4.16548,0.460147,14.0476
64,0.570449,0.0386,0.0419776,0.00834678,0.164738,120,0.24338,0.117252,2.79321,0.460147,14.0476
65,0.201702,0.0386,0.0392814,0.00834678,0.154157,120,0.24338,0.117252,2.98493,0.460147,14.0476
66,0.28196,0.0386,0.0265053,0.00834678,0.104018,120,0.24338,0.117252,4.42373,0.460147,14.0476
67,0.332778,0.0386,1.13704,0.00834678,4.46222,120,0.24338,0.117252,0.103121,0.460147,14.0476
68,0.601996,0.0386,0.0498718,0.00834678,0.195718,120,0.24338,0.117252,2.35108,0.460147,14.0476
69,0.0493904,0.0386,0.143386,0.00834678,0.562705,120,0.24338,0.117252,0.817741,0.460147,14.0476
70,0.175441,0.0386,0.0233351,0.00834678,0.0915768,120,0.24338,0.117252,5.02471,0.460147,14.0476
71,0.166804,0.0386,0.0482872,0.00834678,0.189499,120,0.24338,0.117252,2.42823,0.460147,14.0476
72,0.383418,0.0386,0.0604442,0.00834678,0.237208,120,0.24338,0.117252,1.93984,0.460147,14.0476
73,0.265959,0.0386,0.105902,0.00834678,0.415604,120,0.24338,0.117252,1.10718,0.460147,14.0476
74,0.57214,0.0386,0.0198354,0.00834678,0.0778425,120,0.24338,0.117252,5.91126,0.460147,14.0476
75,0.276845,0.0386,0.0398217,0.00834678,0.156277,120,0.24338,0.117252,2.94444,0.460147,14.0476
76,0.399077,0.0386,0.138575,0.00834678,0.543827,120,0.24338,0.117252,0.846128,0.460147,14.0476
77,0.092044,0.0386,0.0900496,0.00834678,0.353392,120,0.24338,0.117252,1.30209,0.460147,14.0476
78,0.347362,0.0386,0.0259577,0.00834678,0.101869,120,0.24338,0.117252,4.51706,0.460147,14.0476
79,0.419377,0.0386,0.0505491,0.00834678,0.198376,120,0.24338,0.117252,2.31957,0.460147,14.0476
80,0.118923,0.0386,0.10597,0.00834678,0.415871,120,0.24338,0.117252,1.10647,0.460147,14.0476
81,0.137943,0.0386,0.0353765,0.00834678,0.138832,120,0.24338,0.117252,3.31441,0.460147,14.0476
82,0.295181,0.0386,0.114483,0.00834678,0.449279,120,0.24338,0.117252,1.02419,0.460147,14.0476
83,0.218815,0.0386,0.106567,0.00834678,0.418212,120,0.24338,0.117252,1.10027,0.460147,14.0476
84,0.0473969,0.0386,0.113131,0.00834678,0.443975,120,0.24338,0.117252,1.03643,0.460147,14.0476
85,0.611746,0.0386,0.0395875,0.00834678,0.155358,120,0.24338,0.117252,2.96185,0.460147,14.0476
86,0.316522,0.0386,0.0143729,0.00834678,0.0564053,120,0.24338,0.117252,8.15787,0.460147,14.0476
87,0.197433,0.0386,0.0311143,0.00834678,0.122106,120,0.24338,0.117252,3.76844,0.460147,14.0476
88,0.476836,0.0386,0.186727,0.00834678,0.732796,120,0.24338,0.117252,0.627934,0.460147,14.0476
89,0.125326,0.0386,0.0387478,0.00834678,0.152063,120,0.24338,0.117252,3.02604,0.460147,14.0476
90,0.032883,0.0386,0.0103454,0.00834678,0.0405996,120,0.24338,0.117252,11.3338,0.460147,14.0476
91,0.175997,0.0386,0.0179541,0.00834678,0.0704593,120,0.24338,0.117252,6.53068,0.460147,14.0476
92,0.120147,0.0386,0.0200049,0.00834678,0.0785077,120,0.24338,0.117252,5.86117,0.460147,14.0476
93,0.310051,0.0386,0.0919833,0.00834678,0.360981,120,0.24338,0.117252,1.27471,0.460147,14.0476
94,0.247471,0.0386,0.0664881,0.00834678,0.260927,120,0.24338,0.117252,1.76351,0.460147,14.0476
95,0.260048,0.0386,0.200559,0.00834678,0.787077,120,0.24338,0.117252,0.584628,0.460147,14.0476
96,0.149822,0.0386,0.273022,0.00834678,1.07145,120,0.24338,0.117252,0.429461,0.460147,14.0476
97,0.617363,0.0386,0.161099,0.00834678,0.63222,120,0.24338,0.117252,0.727828,0.460147,14.0476
98,0.294643,0.0386,0.108835,0.00834678,0.427112,120,0.24338,0.117252,1.07734,0.460147,14.0476
99,0.281533,0.0386,0.0793937,0.00834678,0.311574,120,0.24338,0.117252,1.47685,0.460147,14.0476
100,0.358175,0.0386,0.0733504,0.00834678,0.287858,120,0.24338,0.117252,1.59852,0.460147,14.0476
101,0.189916,0.0386,0.0153518,0.00834678,0.060247,120,0.24338,0.117252,7.63767,0.460147,14.0476
102,0.0831426,0.0386,0.0672786,0.00834678,0.264029,120,0.24338,0.117252,1.74279,0.460147,14.0476
103,0.359164,0.0386,0.00794169,0.00834678,0.0311665,120,0.24338,0.117252,14.7642,0.460147,14.0476
104,0.157932,0.0386,0.0109893,0.00834678,0.0431267,120,0.24338,0.117252,10.6697,0.460147,14.0476
105,0.511962,0.0386,0.172408,0.00834678,0.676603,120,0.24338,0.117252,0.680085,0.460147,14.0476
106,0.094592,0.0386,0.0448912,0.00834678,0.176172,120,0.24338,0.117252,2.61192,0.460147,14.0476
107,0.0550831,0.0386,0.0872876,0.00834678,0.342553,120,0.24338,0.117252,1.34329,0.460147,14.0476
108,0.116787,0.0386,0.181826,0.00834678,0.71356,120,0.24338,0.117252,0.644861,0.460147,14.0476
109,0.22551,0.0386,0.0147923,0.00834678,0.0580512,120,0.24338,0.117252,7.92658,0.460147,14.0476
110,0.306891,0.0386,0.00688655,0.00834678,0.0270257,120,0.24338,0.117252,17.0263,0.460147,14.0476
111,0.157672,0.0386,0.0362198,0.00834678,0.142142,120,0.24338,0.117252,3.23724,0.460147,14.0476
112,0.0838482,0.0386,0.0642836,0.00834678,0.252276,120,0.24338,0.117252,1.82399,0.460147,14.0476
113,0.0299828,0.0386,0.0596096,0.00834678,0.233933,120,0.24338,0.117252,1.967,0.460147,14.0476
114,0.153725,0.0386,0.0446981,0.00834678,0.175414,120,0.24338,0.117252,2.6232,0.460147,14.0476
115,0.196993,0.0386,0.0531271,0.00834678,0.208493,120,0.24338,0.117252,2.20701,0.460147,14.0476
116,0.278765,0.0386,0.123835,0.00834678,0.485979,120,0.24338,0.117252,0.946846,0.460147,14.0476
117,0.266254,0.0386,0.0182659,0.00834678,0.0716828,120,0.24338,0.117252,6.41921,0.460147,14.0476
118,0.335191,0.0386,0.0172158,0.00834678,0.0675621,120,0.24338,0.117252,6.81073,0.460147,14.0476
119,0.250646,0.0386,0.055292,0.00834678,0.216989,120,0.24338,0.117252,2.1206,0.460147,14.0476
120,0.150645,0.0386,0.0835948,0.00834678,0.328061,120,0.24338,0.117252,1.40263,0.460147,14.0476
121,0.0692362,0.0386,0.147895,0.00834678,0.5804,120,0.24338,0.117252,0.79281,0.460147,14.0476
122,0.175887,0.0386,0.0389504,0.00834678,0.152858,120,0.24338,0.117252,3.0103,0.460147,14.0476
123,0.280938,0.0386,0.0299551,0.00834678,0.117556,120,0.24338,0.117252,3.91427,0.460147,14.0476
124,0.188787,0.0386,0.0184989,0.00834678,0.0725973,120,0.24338,0.117252,6.33835,0.460147,14.0476
125,0.0779843,0.0386,0.219907,0.00834678,0.863006,120,0.24338,0.117252,0.533191,0.460147,14.0476
126,0.197459,0.0386,0.137925,0.00834678,0.541275,120,0.24338,0.117252,0.850118,0.460147,14.0476
127,0.25389,0.0386,0.203339,0.00834678,0.797989,120,0.24338,0.117252,0.576633,0.460147,14.0476
128,0.251777,0.0386,0.0390327,0.00834678,0.153181,120,0.24338,0.117252,3.00395,0.460147,14.0476
129,0.385701,0.0386,0.0750008,0.00834678,0.294335,120,0.24338,0.117252,1.56335,0.460147,14.0476
130,0.495025,0.0386,0.0301346,0.00834678,0.118261,120,0.24338,0.117252,3.89096,0.460147,14.0476
131,0.390493,0.0386,0.0477948,0.00834678,0.187567,120,0.24338,0.117252,2.45324,0.460147,14.0476
132,0.192266,0.0386,0.0103174,0.00834678,0.04049,120,0.24338,0.117252,11.3645,0.460147,14.0476
133,0.773906,0.0386,0.0198253,0.00834678,0.0778029,120,0.24338,0.117252,5.91427,0.460147,14.0476
134,0.286016,0.0386,0.206377,0.00834678,0.809908,120,0.24338,0.117252,0.568147,0.460147,14.0476
135,0.791181,0.0386,0.0150405,0.00834678,0.0590253,120,0.24338,0.117252,7.79576,0.460147,14.0476
136,0.0963404,0.0386,0.0774047,0.00834678,0.303769,120,0.24338,0.117252,1.5148,0.460147,14.0476
137,0.14964,0.0386,0.0128675,0.00834678,0.0504973,120,0.24338,0.117252,9.11232,0.460147,14.0476
138,0.319568,0.0386,0.0370432,0.00834678,0.145373,120,0.24338,0.117252,3.16528,0.460147,14.0476
139,0.201507,0.0386,0.0137615,0.00834678,0.0540058,120,0.24338,0.117252,8.52034,0.460147,14.0476
140,0.401183,0.0386,0.2495,0.00834678,0.979143,120,0.24338,0.117252,0.469949,0.460147,14.0476
141,0.650603,0.0386,0.0131507,0.00834678,0.0516089,120,0.24338,0.117252,8.91604,0.460147,14.0476
142,0.0576397,0.0386,0.0269952,0.00834678,0.10594,120,0.24338,0.117252,4.34346,0.460147,14.0476
143,0.325506,0.0386,0.0288458,0.00834678,0.113203,120,0.24338,0.117252,4.06479,0.460147,14.0476
144,0.706306,0.0386,0.00904573,0.00834678,0.0354992,120,0.24338,0.117252,12.9622,0.460147,14.0476
145,0.146794,0.0386,0.0379245,0.00834678,0.148832,120,0.24338,0.117252,3.09173,0.460147,14.0476
146,0.196579,0.0386,0.0654089,0.00834678,0.256692,120,0.24338,0.117252,1.7926,0.460147,14.0476
147,0.543687,0.0386,0.0134624,0.00834678,0.0528321,120,0.24338,0.117252,8.70962,0.460147,14.0476
148,0.0832948,0.0386,0.182884,0.00834678,0.717714,120,0.24338,0.117252,0.641129,0.460147,14.0476
149,0.0856515,0.0386,0.23203,0.00834678,0.910585,120,0.24338,0.117252,0.505332,0.460147,14.0476
150,0.377869,0.0386,0.0670764,0.00834678,0.263236,120,0.24338,0.117252,1.74804,0.460147,14.0476
151,0.309211,0.0386,0.0252403,0.00834678,0.0990534,120,0.24338,0.117252,4.64544,0.460147,14.0476
152,0.250266,0.0386,0.0185205,0.00834678,0.072682,120,0.24338,0.117252,6.33096,0.460147,14.0476
153,0.170509,0.0386,0.0204386,0.00834678,0.0802097,120,0.24338,0.117252,5.7368,0.460147,14.0476
154,0.294802,0.0386,0.00920309,0.00834678,0.0361168,120,0.24338,0.117252,12.7405,0.460147,14.0476
155,0.15221,0.0386,0.0395703,0.00834678,0.15529,120,0.24338,0.117252,2.96314,0.460147,14.0476
156,0.0859332,0.0386,0.0195674,0.00834678,0.0767906,120,0.24338,0.117252,5.99223,0.460147,14.0476
157,0.459219,0.0386,0.298971,0.00834678,1.17329,120,0.24338,0.117252,0.392187,0.460147,14.0476
158,0.223848,0.0386,0.0592789,0.00834678,0.232635,120,0.24338,0.117252,1.97798,0.460147,14.0476
159,0.598732,0.0386,0.0301428,0.00834678,0.118293,120,0.24338,0.117252,3.8899,0.460147,14.0476
160,0.325067,0.0386,0.0300198,0.00834678,0.11781,120,0.24338,0.117252,3.90583,0.460147,14.0476
161,0.408661,0.0386,0.0643294,0.00834678,0.252456,120,0.24338,0.117252,1.82269,0.460147,14.0476
162,0.22093,0.0386,0.0315786,0.00834678,0.123928,120,0.24338,0.117252,3.71303,0.460147,14.0476
163,0.095614,0.0386,0.0495062,0.00834678,0.194283,120,0.24338,0.117252,2.36844,0.460147,14.0476
164,0.114668,0.0386,0.0358047,0.00834678,0.140512,120,0.24338,0.117252,3.27478,0.460147,14.0476
165,0.188664,0.0386,0.0760258,0.00834678,0.298357,120,0.24338,0.117252,1.54227,0.460147,14.0476
166,0.258136,0.0386,0.076268,0.00834678,0.299308,120,0.24338,0.117252,1.53737,0.460147,14.0476
167,0.123216,0.0386,0.00794579,0.00834678,0.0311826,120,0.24338,0.117252,14.7565,0.460147,14.0476
168,0.44918,0.0386,0.0477756,0.00834678,0.187491,120,0.24338,0.117252,2.45423,0.460147,14.0476
169,0.754247,0.0386,0.0120117,0.00834678,0.0471388,120,0.24338,0.117252,9.76153,0.460147,14.0476
170,0.148472,0.0386,0.0134631,0.00834678,0.052835,120,0.24338,0.117252,8.70914,0.460147,14.0476
171,0.122137,0.0386,0.169844,0.00834678,0.66654,120,0.24338,0.117252,0.690352,0.460147,14.0476
172,0.168455,0.0386,0.0750291,0.00834678,0.294445,120,0.24338,0.117252,1.56276,0.460147,14.0476
173,0.352685,0.0386,0.0262373,0.00834678,0.102966,120,0.24338,0.117252,4.46891,0.460147,14.0476
174,0.568569,0.0386,0.0178028,0.00834678,0.0698655,120,0.24338,0.117252,6.58619,0.460147,14.0476
175,0.212556,0.0386,0.100741,0.00834678,0.39535,120,0.24338,0.117252,1.1639,0.460147,14.0476
176,0.228898,0.0386,0.0441883,0.00834678,0.173413,120,0.24338,0.117252,2.65347,0.460147,14.0476
177,0.295186,0.0386,0.0125823,0.00834678,0.0493783,120,0.24338,0.117252,9.31882,0.460147,14.0476
178,0.412204,0.0386,0.0610828,0.00834678,0.239714,120,0.24338,0.117252,1.91956,0.460147,14.0476
179,0.353579,0.0386,0.0187651,0.00834678,0.0736419,120,0.24338,0.117252,6.24844,0.460147,14.0476
180,0.16296,0.0386,0.026358,0.00834678,0.10344,120,0.24338,0.117252,4.44846,0.460147,14.0476
181,0.467558,0.0386,0.0489517,0.00834678,0.192107,120,0.24338,0.117252,2.39527,0.460147,14.0476
182,0.161491,0.0386,0.176218,0.00834678,0.691555,120,0.24338,0.117252,0.665381,0.460147,14.0476
183,0.345763,0.0386,0.0102942,0.00834678,0.0403989,120,0.24338,0.117252,11.3901,0.460147,14.0476
184,0.122019,0.0386,0.14186,0.00834678,0.556717,120,0.24338,0.117252,0.826537,0.460147,14.0476
185,0.595486,0.0386,0.0575761,0.00834678,0.225953,120,0.24338,0.117252,2.03648,0.460147,14.0476
186,0.153946,0.0386,0.020926,0.00834678,0.0821223,120,0.24338,0.117252,5.6032,0.460147,14.0476
187,0.481259,0.0386,0.399867,0.00834678,1.56925,120,0.24338,0.117252,0.293228,0.460147,14.0476
188,0.332316,0.0386,0.0499743,0.00834678,0.19612,120,0.24338,0.117252,2.34625,0.460147,14.0476
189,0.0500725,0.0386,0.211214,0.00834678,0.828894,120,0.24338,0.117252,0.555134,0.460147,14.0476
190,0.210895,0.0386,0.0186631,0.00834678,0.073242,120,0.24338,0.117252,6.28256,0.460147,14.0476
191,0.239059,0.0386,0.017985,0.00834678,0.0705805,120,0.24338,0.117252,6.51947,0.460147,14.0476
192,0.346775,0.0386,0.0258142,0.00834678,0.101306,120,0.24338,0.117252,4.54217,0.460147,14.0476
193,0.603962,0.0386,0.0592213,0.00834678,0.232409,120,0.24338,0.117252,1.9799,0.460147,14.0476
194,0.718697,0.0386,0.030448,0.00834678,0.119491,120,0.24338,0.117252,3.8509,0.460147,14.0476
195,0.0396469,0.0386,3.37835,0.00834678,13.2581,120,0.24338,0.117252,0.0347069,0.460147,14.0476
196,0.184078,0.0386,0.0271271,0.00834678,0.106458,120,0.24338,0.117252,4.32234,0.460147,14.0476
197,0.206399,0.0386,0.0313104,0.00834678,0.122875,120,0.24338,0.117252,3.74484,0.460147,14.0476
198,0.127865,0.0386,0.143051,0.00834678,0.56139,120,0.24338,0.117252,0.819657,0.460147,14.0476
199,0.207993,0.0386,0.0278279,0.00834678,0.109209,120,0.24338,0.117252,4.21347,0.460147,14.0476
200,0.304128,0.0386,0.122407,0.00834678,0.480376,120,0.24338,0.117252,0.95789,0.460147,14.0476
201,0.213384,0.0386,0.0218921,0.00834678,0.0859139,120,0.24338,0.117252,5.35591,0.460147,14.0476
202,0.16011,0.0386,0.00425682,0.00834678,0.0167055,120,0.24338,0.117252,27.5446,0.460147,14.0476
203,0.204177,0.0386,0.00355573,0.00834678,0.0139542,120,0.24338,0.117252,32.9756,0.460147,14.0476
204,0.0386313,0.0386,0.00206331,0.00834678,0.00809731,120,0.24338,0.117252,56.8272,0.460147,14.0476
205,0.394812,0.0386,0.0257781,0.00834678,0.101164,120,0.24338,0.117252,4.54852,0.460147,14.0476
206,0.271103,0.0386,0.121396,0.00834678,0.476408,120,0.24338,0.117252,0.965868,0.460147,14.0476
207,0.222342,0.0386,0.00937685,0.00834678,0.0367987,120,0.24338,0.117252,12.5044,0.460147,14.0476
208,0.338463,0.0386,0.0392368,0.00834678,0.153982,120,0.24338,0.117252,2.98833,0.460147,14.0476
209,0.0805942,0.0386,0.0307404,0.00834678,0.120638,120,0.24338,0.117252,3.81427,0.460147,14.0476
210,0.269276,0.0386,0.0986751,0.00834678,0.387243,120,0.24338,0.117252,1.18827,0.460147,14.0476
211,0.557466,0.0386,0.0348193,0.00834678,0.136646,120,0.24338,0.117252,3.36745,0.460147,14.0476
212,0.548378,0.0386,0.010663,0.00834678,0.0418463,120,0.24338,0.117252,10.9961,0.460147,14.0476
213,0.46254,0.0386,0.00603811,0.00834678,0.0236961,120,0.24338,0.117252,19.4187,0.460147,14.0476
214,0.0785461,0.0386,0.136118,0.00834678,0.534183,120,0.24338,0.117252,0.861405,0.460147,14.0476
215,0.0879758,0.0386,0.0498577,0.00834678,0.195662,120,0.24338,0.117252,2.35174,0.460147,14.0476
216,0.2448,0.0386,0.00372182,0.00834678,0.014606,120,0.24338,0.117252,31.504,0.460147,14.0476
217,0.46708,0.0386,0.328918,0.00834678,1.29081,120,0.24338,0.117252,0.356479,0.460147,14.0476
218,0.225468,0.0386,0.00959247,0.00834678,0.0376449,120,0.24338,0.117252,12.2234,0.460147,14.0476
219,0.138461,0.0386,0.0780988,0.00834678,0.306492,120,0.24338,0.117252,1.50133,0.460147,14.0476
220,0.30152,0.0386,0.0281066,0.00834678,0.110302,120,0.24338,0.117252,4.1717,0.460147,14.0476
221,0.35049,0.0386,0.0658805,0.00834678,0.258543,120,0.24338,0.117252,1.77977,0.460147,14.0476
222,0.33914,0.0386,0.102442,0.00834678,0.402027,120,0.24338,0.117252,1.14457,0.460147,14.0476
223,0.127368,0.0386,0.0750194,0.00834678,0.294408,120,0.24338,0.117252,1.56296,0.460147,14.0476
224,0.297138,0.0386,0.0224725,0.00834678,0.0881915,120,0.24338,0.117252,5.21759,0.460147,14.0476
225,0.533214,0.0386,0.0845589,0.00834678,0.331845,120,0.24338,0.117252,1.38664,0.460147,14.0476
226,0.495196,0.0386,0.00993773,0.00834678,0.0389998,120,0.24338,0.117252,11.7987,0.460147,14.0476
227,0.0969201,0.0386,0.0290114,0.00834678,0.113853,120,0.24338,0.117252,4.04159,0.460147,14.0476
228,0.1575,0.0386,0.0211586,0.00834678,0.0830352,120,0.24338,0.117252,5.54159,0.460147,14.0476
229,0.539561,0.0386,0.135441,0.00834678,0.531527,120,0.24338,0.117252,0.865708,0.460147,14.0476
230,0.494969,0.0386,0.0128669,0.00834678,0.0504952,120,0.24338,0.117252,9.1127,0.460147,14.0476
231,0.0320765,0.0386,0.0185375,0.00834678,0.0727491,120,0.24338,0.117252,6.32513,0.460147,14.0476
232,0.0358067,0.0386,0.0690269,0.00834678,0.270891,120,0.24338,0.117252,1.69865,0.460147,14.0476
233,0.276406,0.0386,0.0588726,0.00834678,0.231041,120,0.24338,0.117252,1.99163,0.460147,14.0476
234,0.157567,0.0386,0.0231108,0.00834678,0.0906965,120,0.24338,0.117252,5.07348,0.460147,14.0476
235,0.2856,0.0386,0.0123071,0.00834678,0.048298,120,0.24338,0.117252,9.52724,0.460147,14.0476
236,0.253097,0.0386,0.0693134,0.00834678,0.272015,120,0.24338,0.117252,1.69163,0.460147,14.0476
237,0.177163,0.0386,0.0212217,0.00834678,0.0832828,120,0.24338,0.117252,5.52512,0.460147,14.0476
238,0.151056,0.0386,0.0150063,0.00834678,0.0588909,120,0.24338,0.117252,7.81355,0.460147,14.0476
239,0.194022,0.0386,0.0193676,0.00834678,0.0760067,120,0.24338,0.117252,6.05403,0.460147,14.0476
240,0.398393,0.0386,0.020245,0.00834678,0.0794498,120,0.24338,0.117252,5.79167,0.460147,14.0476
241,0.153047,0.0386,0.0616048,0.00834678,0.241763,120,0.24338,0.117252,1.9033,0.460147,14.0476
242,0.731252,0.0386,0.0121268,0.00834678,0.0475907,120,0.24338,0.117252,9.66885,0.460147,14.0476
243,0.363854,0.0386,0.51707,0.00834678,2.0292,120,0.24338,0.117252,0.226763,0.460147,14.0476
244,0.0371288,0.0386,0.0681968,0.00834678,0.267633,120,0.24338,0.117252,1.71932,0.460147,14.0476
245,0.131681,0.0386,0.0593243,0.00834678,0.232813,120,0.24338,0.117252,1.97646,0.460147,14.0476
246,0.0571228,0.0386,0.00972612,0.00834678,0.0381694,120,0.24338,0.117252,12.0554,0.460147,14.0476
247,0.361622,0.0386,0.130334,0.00834678,0.511485,120,0.24338,0.117252,0.89963,0.460147,14.0476
248,0.275925,0.0386,0.302853,0.00834678,1.18852,120,0.24338,0.117252,0.387159,0.460147,14.0476
249,0.37458,0.0386,0.0124091,0.00834678,0.0486983,120,0.24338,0.117252,9.44893,0.460147,14.0476
250,0.0426098,0.0386,0.13159,0.00834678,0.516412,120,0.24338,0.117252,0.891046,0.460147,14.0476
251,0.176891,0.0386,0.0363304,0.00834678,0.142576,120,0.24338,0.117252,3.22739,0.460147,14.0476
252,0.112383,0.0386,0.0351741,0.00834678,0.138038,120,0.24338,0.117252,3.33348,0.460147,14.0476
253,0.43034,0.0386,0.0276494,0.00834678,0.108508,120,0.24338,0.117252,4.24068,0.460147,14.0476
254,0.163757,0.0386,0.15335,0.00834678,0.601808,120,0.24338,0.117252,0.764607,0.460147,14.0476
255,0.420361,0.0386,0.0143393,0.00834678,0.0562735,120,0.24338,0.117252,8.17698,0.460147,14.0476
256,0.284266,0.0386,0.0257922,0.00834678,0.101219,120,0.24338,0.117252,4.54604,0.460147,14.0476
257,0.220615,0.0386,0.0335494,0.00834678,0.131662,120,0.24338,0.117252,3.49491,0.460147,14.0476
258,0.278584,0.0386,0.0228851,0.00834678,0.0898105,120,0.24338,0.117252,5.12353,0.460147,14.0476
259,0.870274,0.0386,0.047008,0.00834678,0.184479,120,0.24338,0.117252,2.49431,0.460147,14.0476
260,0.382148,0.0386,0.0973327,0.00834678,0.381974,120,0.24338,0.117252,1.20466,0.460147,14.0476
261,0.381917,0.0386,0.198938,0.00834678,0.780717,120,0.24338,0.117252,0.589391,0.460147,14.0476
262,0.262779,0.0386,0.0514183,0.00834678,0.201787,120,0.24338,0.117252,2.28036,0.460147,14.0476
263,0.0399729,0.0386,0.0159991,0.00834678,0.0627872,120,0.24338,0.117252,7.32868,0.460147,14.0476
264,0.507386,0.0386,0.0204029,0.00834678,0.0800695,120,0.24338,0.117252,5.74685,0.460147,14.0476
265,0.383554,0.0386,0.0162159,0.00834678,0.063638,120,0.24338,0.117252,7.2307,0.460147,14.0476
266,0.390776,0.0386,0.0959807,0.00834678,0.376669,120,0.24338,0.117252,1.22162,0.460147,14.0476
267,0.498415,0.0386,0.0520424,0.00834678,0.204236,120,0.24338,0.117252,2.25302,0.460147,14.0476
268,0.086079,0.0386,0.20973,0.00834678,0.82307,120,0.24338,0.117252,0.559062,0.460147,14.0476
269,0.328494,0.0386,0.0312727,0.00834678,0.122727,120,0.24338,0.117252,3.74935,0.460147,14.0476
270,0.0743354,0.0386,0.0714666,0.00834678,0.280465,120,0.24338,0.117252,1.64066,0.460147,14.0476
271,0.639498,0.0386,0.0228158,0.00834678,0.0895386,120,0.24338,0.117252,5.13909,0.460147,14.0476
272,0.704112,0.0386,0.0425466,0.00834678,0.166971,120,0.24338,0.117252,2.75586,0.460147,14.0476
273,0.232956,0.0386,0.10639,0.00834678,0.417517,120,0.24338,0.117252,1.1021,0.460147,14.0476
274,0.297406,0.0386,0.177561,0.00834678,0.696825,120,0.24338,0.117252,0.660348,0.460147,14.0476
275,0.535612,0.0386,0.129583,0.00834678,0.508537,120,0.24338,0.117252,0.904846,0.460147,14.0476
276,0.14121,0.0386,0.0221552,0.00834678,0.0869462,120,0.24338,0.117252,5.29232,0.460147,14.0476
277,0.230663,0.0386,0.00467717,0.00834678,0.0183552,120,0.24338,0.117252,25.0691,0.460147,14.0476
278,0.22406,0.0386,0.0396406,0.00834678,0.155566,120,0.24338,0.117252,2.95789,0.460147,14.0476
279,0.548209,0.0386,0.068635,0.00834678,0.269352,120,0.24338,0.117252,1.70835,0.460147,14.0476
280,0.311967,0.0386,0.00600748,0.00834678,0.0235759,120,0.24338,0.117252,19.5177,0.460147,14.0476
281,0.454758,0.0386,0.0321932,0.00834678,0.12634,120,0.24338,0.117252,3.64215,0.460147,14.0476
282,0.382375,0.0386,0.196015,0.00834678,0.769244,120,0.24338,0.117252,0.598181,0.460147,14.0476
283,0.104294,0.0386,0.0131858,0.00834678,0.0517465,120,0.24338,0.117252,8.89233,0.460147,14.0476
284,0.281962,0.0386,0.0320807,0.00834678,0.125898,120,0.24338,0.117252,3.65492,0.460147,14.0476
285,0.153545,0.0386,0.0153752,0.00834678,0.0603389,120,0.24338,0.117252,7.62605,0.460147,14.0476
286,0.514675,0.0386,0.166277,0.00834678,0.652542,120,0.24338,0.117252,0.705161,0.460147,14.0476
287,0.345415,0.0386,0.0594939,0.00834678,0.233479,120,0.24338,0.117252,1.97083,0.460147,14.0476
288,0.479701,0.0386,0.0118611,0.00834678,0.0465479,120,0.24338,0.117252,9.88546,0.460147,14.0476
289,0.345969,0.0386,0.124718,0.00834678,0.489446,120,0.24338,0.117252,0.940138,0.460147,14.0476
290,0.575187,0.0386,0.00882227,0.00834678,0.0346223,120,0.24338,0.117252,13.2905,0.460147,14.0476
291,0.624592,0.0386,0.0822496,0.00834678,0.322782,120,0.24338,0.117252,1.42557,0.460147,14.0476
292,0.325694,0.0386,0.00709654,0.00834678,0.0278498,120,0.24338,0.117252,16.5225,0.460147,14.0476
293,0.0594582,0.0386,0.228671,0.00834678,0.897401,120,0.24338,0.117252,0.512755,0.460147,14.0476
294,0.179035,0.0386,0.0143099,0.00834678,0.0561581,120,0.24338,0.117252,8.19378,0.460147,14.0476
295,0.634697,0.0386,0.116452,0.00834678,0.457006,120,0.24338,0.117252,1.00687,0.460147,14.0476
296,0.621203,0.0386,0.0482059,0.00834678,0.18918,120,0.24338,0.117252,2.43232,0.460147,14.0476
297,0.558835,0.0386,0.0537371,0.00834678,0.210887,120,0.24338,0.117252,2.18196,0.460147,14.0476
298,0.389726,0.0386,0.00542679,0.00834678,0.021297,120,0.24338,0.117252,21.6062,0.460147,14.0476
299,0.303623,0.0386,0.0254728,0.00834678,0.0999657,120,0.24338,0.117252,4.60305,0.460147,14.0476
300,0.125741,0.0386,0.0173787,0.00834678,0.0682012,120,0.24338,0.117252,6.74691,0.460147,14.0476
301,0.310995,0.0386,0.00810375,0.00834678,0.0318025,120,0.24338,0.117252,14.4689,0.460147,14.0476
302,0.529891,0.0386,0.0155214,0.00834678,0.0609123,120,0.24338,0.117252,7.55426,0.460147,14.0476
303,0.271427,0.0386,0.0415004,0.00834678,0.162865,120,0.24338,0.117252,2.82533,0.460147,14.0476
304,0.48911,0.0386,0.215304,0.00834678,0.844944,120,0.24338,0.117252,0.544589,0.460147,14.0476
305,0.212411,0.0386,0.0164062,0.00834678,0.0643848,120,0.24338,0.117252,7.14683,0.460147,14.0476
306,0.329395,0.0386,0.0266201,0.00834678,0.104468,120,0.24338,0.117252,4.40466,0.460147,14.0476
307,0.429966,0.0386,0.042373,0.00834678,0.166289,120,0.24338,0.117252,2.76715,0.460147,14.0476
308,0.19226,0.0386,0.231178,0.00834678,0.907239,120,0.24338,0.117252,0.507195,0.460147,14.0476
309,0.241766,0.0386,0.00263692,0.00834678,0.0103484,120,0.24338,0.117252,44.4657,0.460147,14.0476
310,0.198672,0.0386,0.0368712,0.00834678,0.144698,120,0.24338,0.117252,3.18006,0.460147,14.0476
311,0.562006,0.0386,0.0182107,0.00834678,0.0714663,120,0.24338,0.117252,6.43866,0.460147,14.0476
312,0.104938,0.0386,0.0411809,0.00834678,0.161611,120,0.24338,0.117252,2.84725,0.460147,14.0476
313,0.235117,0.0386,0.0717062,0.00834678,0.281405,120,0.24338,0.117252,1.63518,0.460147,14.0476
314,0.365818,0.0386,0.335142,0.00834678,1.31524,120,0.24338,0.117252,0.349859,0.460147,14.0476
315,0.291344,0.0386,0.0656739,0.00834678,0.257732,120,0.24338,0.117252,1.78537,0.460147,14.0476
316,0.0477763,0.0386,0.166857,0.00834678,0.654815,120,0.24338,0.117252,0.702713,0.460147,14.0476
317,0.496496,0.0386,0.0826645,0.00834678,0.32441,120,0.24338,0.117252,1.41841,0.460147,14.0476
318,0.512159,0.0386,0.0341563,0.00834678,0.134044,120,0.24338,0.117252,3.43282,0.460147,14.0476
319,0.42543,0.0386,0.183579,0.00834678,0.720441,120,0.24338,0.117252,0.638702,0.460147,14.0476
320,0.220515,0.0386,0.0333129,0.00834678,0.130734,120,0.24338,0.117252,3.51973,0.460147,14.0476
321,0.140853,0.0386,0.0599398,0.00834678,0.235229,120,0.24338,0.117252,1.95617,0.460147,14.0476
322,0.255752,0.0386,0.00392135,0.00834678,0.015389,120,0.24338,0.117252,29.901,0.460147,14.0476
323,0.382041,0.0386,0.0618075,0.00834678,0.242558,120,0.24338,0.117252,1.89706,0.460147,14.0476
324,0.251854,0.0386,0.0216573,0.00834678,0.0849925,120,0.24338,0.117252,5.41397,0.460147,14.0476
325,0.1322,0.0386,0.0113023,0.00834678,0.044355,120,0.24338,0.117252,10.3742,0.460147,14.0476
326,0.174913,0.0386,0.0153852,0.00834678,0.0603779,120,0.24338,0.117252,7.62112,0.460147,14.0476
327,0.300731,0.0386,0.0693628,0.00834678,0.272209,120,0.24338,0.117252,1.69042,0.460147,14.0476
328,0.104004,0.0386,0.254713,0.00834678,0.999601,120,0.24338,0.117252,0.460331,0.460147,14.0476
329,0.327066,0.0386,0.0576717,0.00834678,0.226328,120,0.24338,0.117252,2.0331,0.460147,14.0476
330,0.34127,0.0386,0.122514,0.00834678,0.480798,120,0.24338,0.117252,0.957049,0.460147,14.0476
331,0.129306,0.0386,0.0414816,0.00834678,0.162791,120,0.24338,0.117252,2.82661,0.460147,14.0476
332,0.461515,0.0386,0.0178945,0.00834678,0.0702255,120,0.24338,0.117252,6.55243,0.460147,14.0476
333,0.191885,0.0386,0.411357,0.00834678,1.61434,120,0.24338,0.117252,0.285038,0.460147,14.0476
334,0.101098,0.0386,0.10781,0.00834678,0.423092,120,0.24338,0.117252,1.08758,0.460147,14.0476
335,0.396384,0.0386,0.096939,0.00834678,0.380429,120,0.24338,0.117252,1.20955,0.460147,14.0476
336,0.538558,0.0386,0.0974482,0.00834678,0.382428,120,0.24338,0.117252,1.20323,0.460147,14.0476
337,0.228183,0.0386,0.106244,0.00834678,0.416945,120,0.24338,0.117252,1.10361,0.460147,14.0476
338,0.223067,0.0386,0.0715056,0.00834678,0.280618,120,0.24338,0.117252,1.63976,0.460147,14.0476
339,0.310058,0.0386,0.00736591,0.00834678,0.0289069,120,0.24338,0.117252,15.9182,0.460147,14.0476
340,0.736498,0.0386,0.158381,0.00834678,0.621552,120,0.24338,0.117252,0.740319,0.460147,14.0476
341,0.549181,0.0386,0.0388259,0.00834678,0.152369,120,0.24338,0.117252,3.01995,0.460147,14.0476
342,0.366279,0.0386,0.222188,0.00834678,0.871957,120,0.24338,0.117252,0.527718,0.460147,14.0476
343,0.812925,0.0386,0.0179324,0.00834678,0.0703742,120,0.24338,0.117252,6.53858,0.460147,14.0476
344,0.643855,0.0386,0.0776372,0.00834678,0.304681,120,0.24338,0.117252,1.51026,0.460147,14.0476
345,0.131568,0.0386,0.0212911,0.00834678,0.0835552,120,0.24338,0.117252,5.50711,0.460147,14.0476
346,0.351667,0.0386,0.104259,0.00834678,0.409157,120,0.24338,0.117252,1.12462,0.460147,14.0476
347,0.158128,0.0386,0.0234707,0.00834678,0.092109,120,0.24338,0.117252,4.99568,0.460147,14.0476
348,0.210052,0.0386,0.0182089,0.00834678,0.0714593,120,0.24338,0.117252,6.43929,0.460147,14.0476
349,0.249096,0.0386,0.0351446,0.00834678,0.137922,120,0.24338,0.117252,3.33628,0.460147,14.0476
350,0.148958,0.0386,0.226516,0.00834678,0.888944,120,0.24338,0.117252,0.517633,0.460147,14.0476
351,0.473775,0.0386,0.0110621,0.00834678,0.0434125,120,0.24338,0.117252,10.5994,0.460147,14.0476
352,0.140239,0.0386,0.0198056,0.00834678,0.0777256,120,0.24338,0.117252,5.92015,0.460147,14.0476
353,0.326921,0.0386,0.00817798,0.00834678,0.0320938,120,0.24338,0.117252,14.3376,0.460147,14.0476
354,0.143485,0.0386,0.042856,0.00834678,0.168185,120,0.24338,0.117252,2.73596,0.460147,14.0476
355,0.171016,0.0386,0.0441375,0.00834678,0.173214,120,0.24338,0.117252,2.65652,0.460147,14.0476
356,0.114835,0.0386,0.146966,0.00834678,0.576755,120,0.24338,0.117252,0.797821,0.460147,14.0476
357,0.240894,0.0386,0.171665,0.00834678,0.673684,120,0.24338,0.117252,0.683031,0.460147,14.0476
358,0.226415,0.0386,0.0214164,0.00834678,0.0840469,120,0.24338,0.117252,5.47489,0.460147,14.0476
359,0.43395,0.0386,0.0810286,0.00834678,0.31799,120,0.24338,0.117252,1.44705,0.460147,14.0476
360,0.216099,0.0386,0.0457393,0.00834678,0.1795,120,0.24338,0.117252,2.56349,0.460147,14.0476
361,0.189461,0.0386,0.281232,0.00834678,1.10367,120,0.24338,0.117252,0.416923,0.460147,14.0476
362,0.636878,0.0386,0.0557217,0.00834678,0.218675,120,0.24338,0.117252,2.10425,0.460147,14.0476
363,0.0565396,0.0386,0.00679328,0.00834678,0.0266597,120,0.24338,0.117252,17.26,0.460147,14.0476
364,0.233981,0.0386,0.0643597,0.00834678,0.252575,120,0.24338,0.117252,1.82183,0.460147,14.0476
365,0.27635,0.0386,0.0133301,0.00834678,0.0523129,120,0.24338,0.117252,8.79606,0.460147,14.0476
366,0.151791,0.0386,0.0641424,0.00834678,0.251721,120,0.24338,0.117252,1.828,0.460147,14.0476
367,0.569825,0.0386,0.0224951,0.00834678,0.08828,120,0.24338,0.117252,5.21236,0.460147,14.0476
368,0.224567,0.0386,0.067585,0.00834678,0.265232,120,0.24338,0.117252,1.73489,0.460147,14.0476
369,0.255447,0.0386,0.134999,0.00834678,0.529792,120,0.24338,0.117252,0.868543,0.460147,14.0476
370,0.297635,0.0386,0.0953483,0.00834678,0.374186,120,0.24338,0.117252,1.22973,0.460147,14.0476
371,0.177495,0.0386,0.0767001,0.00834678,0.301003,120,0.24338,0.117252,1.52871,0.460147,14.0476
372,0.437373,0.0386,0.17478,0.00834678,0.685908,120,0.24338,0.117252,0.670858,0.460147,14.0476
373,0.0569279,0.0386,0.023067,0.00834678,0.0905245,120,0.24338,0.117252,5.08312,0.460147,14.0476
374,0.420804,0.0386,0.357085,0.00834678,1.40135,120,0.24338,0.117252,0.32836,0.460147,14.0476
375,0.0662066,0.0386,0.0613585,0.00834678,0.240796,120,0.24338,0.117252,1.91094,0.460147,14.0476
376,0.19833,0.0386,0.00607613,0.00834678,0.0238453,120,0.24338,0.117252,19.2972,0.460147,14.0476
377,0.377809,0.0386,0.0509788,0.00834678,0.200062,120,0.24338,0.117252,2.30002,0.460147,14.0476
378,0.138856,0.0386,0.0432017,0.00834678,0.169542,120,0.24338,0.117252,2.71407,0.460147,14.0476
379,0.171087,0.0386,0.0871031,0.00834678,0.341829,120,0.24338,0.117252,1.34613,0.460147,14.0476
380,0.393366,0.0386,0.0466045,0.00834678,0.182896,120,0.24338,0.117252,2.5159,0.460147,14.0476
381,0.222886,0.0386,0.0190451,0.00834678,0.074741,120,0.24338,0.117252,6.15656,0.460147,14.0476
382,0.238153,0.0386,0.30566,0.00834678,1.19954,120,0.24338,0.117252,0.383604,0.460147,14.0476
383,0.491203,0.0386,0.0317998,0.00834678,0.124796,120,0.24338,0.117252,3.6872,0.460147,14.0476
384,0.271689,0.0386,0.0466477,0.00834678,0.183065,120,0.24338,0.117252,2.51357,0.460147,14.0476
385,0.379432,0.0386,0.118776,0.00834678,0.466127,120,0.24338,0.117252,0.987172,0.460147,14.0476
386,0.244308,0.0386,0.0471624,0.00834678,0.185085,120,0.24338,0.117252,2.48614,0.460147,14.0476
387,0.214358,0.0386,0.0274516,0.00834678,0.107732,120,0.24338,0.117252,4.27123,0.460147,14.0476
388,0.423982,0.0386,0.02891,0.00834678,0.113455,120,0.24338,0.117252,4.05577,0.460147,14.0476
389,0.355772,0.0386,0.07066,0.00834678,0.2773,120,0.24338,0.117252,1.65939,0.460147,14.0476
390,0.0476314,0.0386,0.0522004,0.00834678,0.204856,120,0.24338,0.117252,2.2462,0.460147,14.0476
391,0.167016,0.0386,0.0363038,0.00834678,0.142471,120,0.24338,0.117252,3.22976,0.460147,14.0476
392,0.0524797,0.0386,0.0383245,0.00834678,0.150401,120,0.24338,0.117252,3.05946,0.460147,14.0476
393,0.212726,0.0386,0.02064,0.00834678,0.0810002,120,0.24338,0.117252,5.68082,0.460147,14.0476
394,0.107745,0.0386,0.0527191,0.00834678,0.206892,120,0.24338,0.117252,2.2241,0.460147,14.0476
395,0.283932,0.0386,0.169037,0.00834678,0.663373,120,0.24338,0.117252,0.693648,0.460147,14.0476
396,0.214338,0.0386,0.0133819,0.00834678,0.0525161,120,0.24338,0.117252,8.76202,0.460147,14.0476
397,0.237255,0.0386,0.109432,0.00834678,0.429456,120,0.24338,0.117252,1.07146,0.460147,14.0476
398,0.230285,0.0386,0.0422006,0.00834678,0.165613,120,0.24338,0.117252,2.77845,0.460147,14.0476
399,0.188531,0.0386,0.00573618,0.00834678,0.0225112,120,0.24338,0.117252,20.4408,0.460147,14.0476
400,0.195097,0.0386,0.214328,0.00834678,0.841112,120,0.24338,0.117252,0.54707,0.460147,14.0476
401,0.261207,0.0386,0.0565773,0.00834678,0.222033,120,0.24338,0.117252,2.07243,0.460147,14.0476
402,0.152641,0.0386,0.0247973,0.00834678,0.0973151,120,0.24338,0.117252,4.72843,0.460147,14.0476
403,0.255602,0.0386,0.0247267,0.00834678,0.0970378,120,0.24338,0.117252,4.74194,0.460147,14.0476
404,0.0923929,0.0386,0.0868662,0.00834678,0.340899,120,0.24338,0.117252,1.3498,0.460147,14.0476
405,0.383987,0.0386,0.0307896,0.00834678,0.120831,120,0.24338,0.117252,3.80818,0.460147,14.0476
406,0.230503,0.0386,0.123619,0.00834678,0.485132,120,0.24338,0.117252,0.948498,0.460147,14.0476
407,0.104289,0.0386,0.0622154,0.00834678,0.244159,120,0.24338,0.117252,1.88462,0.460147,14.0476
408,0.355245,0.0386,0.0176224,0.00834678,0.0691576,120,0.24338,0.117252,6.6536,0.460147,14.0476
409,0.30989,0.0386,0.0305495,0.00834678,0.119889,120,0.24338,0.117252,3.83811,0.460147,14.0476
410,0.396373,0.0386,0.275499,0.00834678,1.08117,120,0.24338,0.117252,0.4256,0.460147,14.0476
411,0.276565,0.0386,0.106101,0.00834678,0.416385,120,0.24338,0.117252,1.1051,0.460147,14.0476
412,0.401413,0.0386,0.0189689,0.00834678,0.0744417,120,0.24338,0.117252,6.18131,0.460147,14.0476
413,0.226132,0.0386,0.282974,0.00834678,1.11051,120,0.24338,0.117252,0.414357,0.460147,14.0476
414,0.324972,0.0386,0.163553,0.00834678,0.64185,120,0.24338,0.117252,0.716907,0.460147,14.0476
415,0.150771,0.0386,0.0087672,0.00834678,0.0344062,120,0.24338,0.117252,13.374,0.460147,14.0476
416,0.408739,0.0386,0.0407077,0.00834678,0.159754,120,0.24338,0.117252,2.88035,0.460147,14.0476
417,0.1266,0.0386,0.0338629,0.00834678,0.132892,120,0.24338,0.117252,3.46256,0.460147,14.0476
418,0.416998,0.0386,0.119647,0.00834678,0.469546,120,0.24338,0.117252,0.979983,0.460147,14.0476
419,0.126457,0.0386,0.0503104,0.00834678,0.197439,120,0.24338,0.117252,2.33058,0.460147,14.0476
420,0.438805,0.0386,0.257116,0.00834678,1.00903,120,0.24338,0.117252,0.45603,0.460147,14.0476
421,0.301284,0.0386,0.0663198,0.00834678,0.260267,120,0.24338,0.117252,1.76798,0.460147,14.0476
422,0.237652,0.0386,0.00417169,0.00834678,0.0163714,120,0.24338,0.117252,28.1067,0.460147,14.0476
423,0.111405,0.0386,0.0459213,0.00834678,0.180214,120,0.24338,0.117252,2.55333,0.460147,14.0476
424,0.154758,0.0386,0.0753025,0.00834678,0.295519,120,0.24338,0.117252,1.55708,0.460147,14.0476
425,0.493412,0.0386,0.0610551,0.00834678,0.239606,120,0.24338,0.117252,1.92044,0.460147,14.0476
426,0.158831,0.0386,0.063833,0.00834678,0.250507,120,0.24338,0.117252,1.83686,0.460147,14.0476
427,0.301834,0.0386,0.140801,0.00834678,0.552564,120,0.24338,0.117252,0.83275,0.460147,14.0476
428,0.246461,0.0386,0.352013,0.00834678,1.38145,120,0.24338,0.117252,0.333091,0.460147,14.0476
429,0.207687,0.0386,0.0421686,0.00834678,0.165487,120,0.24338,0.117252,2.78056,0.460147,14.0476
430,0.12475,0.0386,0.002853,0.00834678,0.0111963,120,0.24338,0.117252,41.098,0.460147,14.0476
431,0.119754,0.0386,0.0123391,0.00834678,0.0484237,120,0.24338,0.117252,9.50252,0.460147,14.0476
432,0.228325,0.0386,0.163236,0.00834678,0.640606,120,0.24338,0.117252,0.7183,0.460147,14.0476
433,0.21422,0.0386,0.132814,0.00834678,0.521219,120,0.24338,0.117252,0.88283,0.460147,14.0476
434,0.177058,0.0386,0.00994004,0.00834678,0.0390089,120,0.24338,0.117252,11.796,0.460147,14.0476
435,0.398086,0.0386,0.0369118,0.00834678,0.144857,120,0.24338,0.117252,3.17656,0.460147,14.0476
436,0.121703,0.0386,0.12185,0.00834678,0.47819,120,0.24338,0.117252,0.962268,0.460147,14.0476
437,0.379725,0.0386,0.120619,0.00834678,0.473358,120,0.24338,0.117252,0.972091,0.460147,14.0476
438,0.0783859,0.0386,0.0120272,0.00834678,0.0471998,120,0.24338,0.117252,9.74892,0.460147,14.0476
439,0.109733,0.0386,0.0500664,0.00834678,0.196482,120,0.24338,0.117252,2.34193,0.460147,14.0476
440,0.258831,0.0386,0.00747691,0.00834678,0.0293425,120,0.24338,0.117252,15.6819,0.460147,14.0476
441,0.0844317,0.0386,0.0785076,0.00834678,0.308097,120,0.24338,0.117252,1.49352,0.460147,14.0476
442,0.246415,0.0386,0.0500171,0.00834678,0.196288,120,0.24338,0.117252,2.34425,0.460147,14.0476
443,0.40423,0.0386,0.0769781,0.00834678,0.302094,120,0.24338,0.117252,1.52319,0.460147,14.0476
444,0.141467,0.0386,0.0927557,0.00834678,0.364012,120,0.24338,0.117252,1.2641,0.460147,14.0476
445,0.170529,0.0386,0.0577501,0.00834678,0.226636,120,0.24338,0.117252,2.03034,0.460147,14.0476
446,0.398443,0.0386,0.0167517,0.00834678,0.0657406,120,0.24338,0.117252,6.99944,0.460147,14.0476
447,0.0486305,0.0386,0.0234815,0.00834678,0.0921511,120,0.24338,0.117252,4.9934,0.460147,14.0476
448,0.713117,0.0386,0.0670712,0.00834678,0.263216,120,0.24338,0.117252,1.74818,0.460147,14.0476
449,0.0526634,0.0386,0.071345,0.00834678,0.279988,120,0.24338,0.117252,1.64346,0.460147,14.0476
450,0.0965401,0.0386,0.053328,0.00834678,0.209281,120,0.24338,0.117252,2.1987,0.460147,14.0476
451,0.127836,0.0386,0.0177979,0.00834678,0.0698465,120,0.24338,0.117252,6.58798,0.460147,14.0476
452,0.270354,0.0386,0.066129,0.00834678,0.259518,120,0.24338,0.117252,1.77308,0.460147,14.0476
453,0.129438,0.0386,0.0360596,0.00834678,0.141513,120,0.24338,0.117252,3.25163,0.460147,14.0476
454,0.350335,0.0386,0.0762149,0.00834678,0.299099,120,0.24338,0.117252,1.53844,0.460147,14.0476
455,0.189198,0.0386,0.0114519,0.00834678,0.0449422,120,0.24338,0.117252,10.2386,0.460147,14.0476
456,0.29513,0.0386,0.0229684,0.00834678,0.0901377,120,0.24338,0.117252,5.10494,0.460147,14.0476
457,0.175254,0.0386,0.0782281,0.00834678,0.307,120,0.24338,0.117252,1.49885,0.460147,14.0476
458,0.0902151,0.0386,0.0803586,0.00834678,0.315361,120,0.24338,0.117252,1.45911,0.460147,14.0476
459,0.244759,0.0386,0.00473686,0.00834678,0.0185894,120,0.24338,0.117252,24.7532,0.460147,14.0476
460,0.23682,0.0386,0.160919,0.00834678,0.631515,120,0.24338,0.117252,0.72864,0.460147,14.0476
461,0.114383,0.0386,0.0178518,0.00834678,0.0700578,120,0.24338,0.117252,6.56811,0.460147,14.0476
462,0.0650857,0.0386,0.139071,0.00834678,0.545771,120,0.24338,0.117252,0.843114,0.460147,14.0476
463,0.230056,0.0386,0.0430347,0.00834678,0.168886,120,0.24338,0.117252,2.7246,0.460147,14.0476
464,0.295935,0.0386,0.0225222,0.00834678,0.0883864,120,0.24338,0.117252,5.20609,0.460147,14.0476
465,0.448877,0.0386,0.115686,0.00834678,0.453999,120,0.24338,0.117252,1.01354,0.460147,14.0476
466,0.207394,0.0386,0.800617,0.00834678,3.14196,120,0.24338,0.117252,0.146452,0.460147,14.0476
467,0.210448,0.0386,0.0127888,0.00834678,0.0501887,120,0.24338,0.117252,9.16834,0.460147,14.0476
468,0.271953,0.0386,0.0516864,0.00834678,0.202839,120,0.24338,0.117252,2.26853,0.460147,14.0476
469,0.120698,0.0386,0.0449739,0.00834678,0.176496,120,0.24338,0.117252,2.60712,0.460147,14.0476
470,0.386059,0.0386,0.0633249,0.00834678,0.248513,120,0.24338,0.117252,1.8516,0.460147,14.0476
471,0.410847,0.0386,0.0404707,0.00834678,0.158824,120,0.24338,0.117252,2.89722,0.460147,14.0476
472,0.260506,0.0386,0.0725124,0.00834678,0.284569,120,0.24338,0.117252,1.617,0.460147,14.0476
473,0.0543673,0.0386,0.26113,0.00834678,1.02478,120,0.24338,0.117252,0.449018,0.460147,14.0476
474,0.0414143,0.0386,0.0133075,0.00834678,0.0522242,120,0.24338,0.117252,8.811,0.460147,14.0476
475,0.315044,0.0386,0.0119113,0.00834678,0.0467448,120,0.24338,0.117252,9.84383,0.460147,14.0476
476,0.288671,0.0386,0.00528511,0.00834678,0.020741,120,0.24338,0.117252,22.1854,0.460147,14.0476
477,0.15943,0.0386,0.0380678,0.00834678,0.149394,120,0.24338,0.117252,3.08009,0.460147,14.0476
478,1.04269,0.0386,0.024821,0.00834678,0.097408,120,0.24338,0.117252,4.72392,0.460147,14.0476
479,0.155033,0.0386,0.0292536,0.00834678,0.114803,120,0.24338,0.117252,4.00813,0.460147,14.0476
480,0.2325,0.0386,0.0153042,0.00834678,0.0600602,120,0.24338,0.117252,7.66144,0.460147,14.0476
481,0.138845,0.0386,0.0185962,0.00834678,0.0729791,120,0.24338,0.117252,6.30519,0.460147,14.0476
482,0.218131,0.0386,0.0446214,0.00834678,0.175113,120,0.24338,0.117252,2.62772,0.460147,14.0476
483,0.169942,0.0386,0.0534055,0.00834678,0.209586,120,0.24338,0.117252,2.19551,0.460147,14.0476
484,0.206028,0.0386,0.0349802,0.00834678,0.137277,120,0.24338,0.117252,3.35196,0.460147,14.0476
485,0.165559,0.0386,0.0678087,0.00834678,0.26611,120,0.24338,0.117252,1.72916,0.460147,14.0476
486,0.241219,0.0386,0.0293093,0.00834678,0.115022,120,0.24338,0.117252,4.00052,0.460147,14.0476
487,0.219305,0.0386,0.163495,0.00834678,0.641622,120,0.24338,0.117252,0.717163,0.460147,14.0476
488,0.179081,0.0386,0.0316265,0.00834678,0.124116,120,0.24338,0.117252,3.70741,0.460147,14.0476
489,0.0662629,0.0386,0.141219,0.00834678,0.554201,120,0.24338,0.117252,0.830289,0.460147,14.0476
490,0.844504,0.0386,0.0147333,0.00834678,0.0578198,120,0.24338,0.117252,7.95829,0.460147,14.0476
491,0.184669,0.0386,0.0165493,0.00834678,0.0649464,120,0.24338,0.117252,7.08503,0.460147,14.0476
492,0.244053,0.0386,0.108151,0.00834678,0.424429,120,0.24338,0.117252,1.08416,0.460147,14.0476
493,0.136961,0.0386,0.0129613,0.00834678,0.0508657,120,0.24338,0.117252,9.04632,0.460147,14.0476
494,0.113853,0.0386,0.0143156,0.00834678,0.0561803,120,0.24338,0.117252,8.19055,0.460147,14.0476
495,0.182451,0.0386,0.0260403,0.00834678,0.102193,120,0.24338,0.117252,4.50273,0.460147,14.0476
496,0.0678446,0.0386,0.0538223,0.00834678,0.211221,120,0.24338,0.117252,2.17851,0.460147,14.0476
497,0.558987,0.0386,0.0129567,0.00834678,0.0508477,120,0.24338,0.117252,9.04952,0.460147,14.0476
498,0.310523,0.0386,0.0111679,0.00834678,0.0438274,120,0.24338,0.117252,10.4991,0.460147,14.0476
499,0.320393,0.0386,0.0673617,0.00834678,0.264356,120,0.24338,0.117252,1.74064,0.460147,14.0476
