PID,i_lum_F1_indiv,i_lum_k12(KA),i_lum_k23(Q/V),i_lum_k32(Q/VP),i_lum_k20(CL/V),total_mg_dose_per_occassion,DS,Q,V,CL,VP
0,0.25286,0.0386,0.0343286,0.00701877,0.13472,240,0.24338,0.197194,5.74431,0.773872,28.0952
1,0.202035,0.0386,0.0282405,0.00701877,0.110827,240,0.24338,0.197194,6.98268,0.773872,28.0952
2,0.229472,0.0386,0.0241499,0.00701877,0.0947742,240,0.24338,0.197194,8.16544,0.773872,28.0952
3,0.170832,0.0386,0.00379851,0.00701877,0.0149069,240,0.24338,0.197194,51.9136,0.773872,28.0952
4,0.409249,0.0386,0.0125037,0.00701877,0.0490697,240,0.24338,0.197194,15.7709,0.773872,28.0952
5,0.224937,0.0386,0.0478844,0.00701877,0.187918,240,0.24338,0.197194,4.11813,0.773872,28.0952
6,0.204723,0.0386,0.0662526,0.00701877,0.260003,240,0.24338,0.197194,2.9764,0.773872,28.0952
7,0.295574,0.0386,0.131616,0.00701877,0.516514,240,0.24338,0.197194,1.49826,0.773872,28.0952
8,0.0804997,0.0386,0.0624206,0.00701877,0.244965,240,0.24338,0.197194,3.15912,0.773872,28.0952
9,0.393427,0.0386,0.0197449,0.00701877,0.0774871,240,0.24338,0.197194,9.98711,0.773872,28.0952
10,0.315023,0.0386,0.00908943,0.00701877,0.0356707,240,0.24338,0.197194,21.6949,0.773872,28.0952
11,0.611283,0.0386,0.0839688,0.00701877,0.329529,240,0.24338,0.197194,2.34842,0.773872,28.0952
12,0.116999,0.0386,0.0331941,0.00701877,0.130268,240,0.24338,0.197194,5.94064,0.773872,28.0952
13,0.418162,0.0386,0.0579862,0.00701877,0.227562,240,0.24338,0.197194,3.40071,0.773872,28.0952
14,0.494309,0.0386,0.0114096,0.00701877,0.0447762,240,0.24338,0.197194,17.2831,0.773872,28.0952
15,0.269292,0.0386,0.0380321,0.00701877,0.149254,240,0.24338,0.197194,5.18494,0.773872,28.0952
16,0.196494,0.0386,0.00536865,0.00701877,0.0210688,240,0.24338,0.197194,36.7307,0.773872,28.0952
17,0.391386,0.0386,0.0944455,0.00701877,0.370644,240,0.24338,0.197194,2.08791,0.773872,28.0952
18,0.478577,0.0386,0.00600658,0.00701877,0.0235723,240,0.24338,0.197194,32.8297,0.773872,28.0952
19,0.3043,0.0386,0.0401861,0.00701877,0.157707,240,0.24338,0.197194,4.90703,0.773872,28.0952
20,0.297604,0.0386,0.110166,0.00701877,0.432336,240,0.24338,0.197194,1.78998,0.773872,28.0952
21,0.35122,0.0386,0.032339,0.00701877,0.126912,240,0.24338,0.197194,6.09772,0.773872,28.0952
22,0.128066,0.0386,0.0712241,0.00701877,0.279513,240,0.24338,0.197194,2.76864,0.773872,28.0952
23,0.148987,0.0386,0.0529339,0.00701877,0.207735,240,0.24338,0.197194,3.72529,0.773872,28.0952
24,0.0887964,0.0386,0.102021,0.00701877,0.400374,240,0.24338,0.197194,1.93287,0.773872,28.0952
25,0.0736557,0.0386,0.0127528,0.00701877,0.0500473,240,0.24338,0.197194,15.4628,0.773872,28.0952
26,0.405781,0.0386,0.0116682,0.00701877,0.0457907,240,0.24338,0.197194,16.9002,0.773872,28.0952
27,0.381307,0.0386,0.125906,0.00701877,0.494107,240,0.24338,0.197194,1.5662,0.773872,28.0952
28,0.283543,0.0386,0.0897346,0.00701877,0.352156,240,0.24338,0.197194,2.19753,0.773872,28.0952
29,0.113654,0.0386,0.0258632,0.00701877,0.101498,240,0.24338,0.197194,7.6245,0.773872,28.0952
30,0.126585,0.0386,0.0190738,0.00701877,0.0748536,240,0.24338,0.197194,10.3385,0.773872,28.0952
31,0.192281,0.0386,0.304145,0.00701877,1.19359,240,0.24338,0.197194,0.648355,0.773872,28.0952
32,0.142368,0.0386,0.177329,0.00701877,0.695913,240,0.24338,0.197194,1.11202,0.773872,28.0952
33,0.52165,0.0386,0.15824,0.00701877,0.621001,240,0.24338,0.197194,1.24617,0.773872,28.0952
34,0.217084,0.0386,0.00924398,0.00701877,0.0362773,240,0.24338,0.197194,21.3322,0.773872,28.0952
35,0.250648,0.0386,0.0272579,0.00701877,0.106971,240,0.24338,0.197194,7.23439,0.773872,28.0952
36,0.130861,0.0386,0.118148,0.00701877,0.463663,240,0.24338,0.197194,1.66904,0.773872,28.0952
37,0.300748,0.0386,0.0383555,0.00701877,0.150523,240,0.24338,0.197194,5.14122,0.773872,28.0952
38,0.1913,0.0386,0.0156928,0.00701877,0.0615853,240,0.24338,0.197194,12.5659,0.773872,28.0952
39,0.517013,0.0386,0.0536626,0.00701877,0.210595,240,0.24338,0.197194,3.6747,0.773872,28.0952
40,0.02878,0.0386,0.100929,0.00701877,0.396086,240,0.24338,0.197194,1.9538,0.773872,28.0952
41,0.215099,0.0386,0.0426331,0.00701877,0.16731,240,0.24338,0.197194,4.62538,0.773872,28.0952
42,0.335831,0.0386,0.153294,0.00701877,0.601591,240,0.24338,0.197194,1.28638,0.773872,28.0952
43,0.195835,0.0386,0.086319,0.00701877,0.338752,240,0.24338,0.197194,2.28448,0.773872,28.0952
44,0.453032,0.0386,0.221524,0.00701877,0.869354,240,0.24338,0.197194,0.890169,0.773872,28.0952
45,0.390876,0.0386,0.0517052,0.00701877,0.202913,240,0.24338,0.197194,3.81381,0.773872,28.0952
46,0.160947,0.0386,0.317118,0.00701877,1.24451,240,0.24338,0.197194,0.621831,0.773872,28.0952
47,0.133409,0.0386,0.040998,0.00701877,0.160893,240,0.24338,0.197194,4.80984,0.773872,28.0952
48,0.133327,0.0386,0.147867,0.00701877,0.580292,240,0.24338,0.197194,1.33359,0.773872,28.0952
49,0.312562,0.0386,0.018917,0.00701877,0.0742381,240,0.24338,0.197194,10.4242,0.773872,28.0952
50,0.229761,0.0386,0.0095762,0.00701877,0.037581,240,0.24338,0.197194,20.5921,0.773872,28.0952
51,0.593637,0.0386,0.050637,0.00701877,0.198721,240,0.24338,0.197194,3.89427,0.773872,28.0952
52,0.400626,0.0386,0.0340348,0.00701877,0.133567,240,0.24338,0.197194,5.7939,0.773872,28.0952
53,0.345674,0.0386,0.174137,0.00701877,0.683387,240,0.24338,0.197194,1.13241,0.773872,28.0952
54,0.25803,0.0386,0.00555832,0.00701877,0.0218132,240,0.24338,0.197194,35.4773,0.773872,28.0952
55,0.325413,0.0386,0.11249,0.00701877,0.44146,240,0.24338,0.197194,1.75298,0.773872,28.0952
56,0.451962,0.0386,0.0328644,0.00701877,0.128973,240,0.24338,0.197194,6.00024,0.773872,28.0952
57,0.327482,0.0386,0.0572154,0.00701877,0.224537,240,0.24338,0.197194,3.44652,0.773872,28.0952
58,0.388537,0.0386,0.0110244,0.00701877,0.0432643,240,0.24338,0.197194,17.8871,0.773872,28.0952
59,0.0810094,0.0386,0.0234857,0.00701877,0.0921677,240,0.24338,0.197194,8.39635,0.773872,28.0952
60,0.0508886,0.0386,0.0686792,0.00701877,0.269526,240,0.24338,0.197194,2.87124,0.773872,28.0952
61,0.239723,0.0386,0.118005,0.00701877,0.463102,240,0.24338,0.197194,1.67106,0.773872,28.0952
62,0.290813,0.0386,0.135155,0.00701877,0.530405,240,0.24338,0.197194,1.45902,0.773872,28.0952
63,0.126491,0.0386,0.0486313,0.00701877,0.19085,240,0.24338,0.197194,4.05488,0.773872,28.0952
64,0.0772858,0.0386,0.00468383,0.00701877,0.0183813,240,0.24338,0.197194,42.1011,0.773872,28.0952
65,0.11445,0.0386,0.0430585,0.00701877,0.16898,240,0.24338,0.197194,4.57968,0.773872,28.0952
66,0.403348,0.0386,0.032004,0.00701877,0.125597,240,0.24338,0.197194,6.16156,0.773872,28.0952
67,0.263623,0.0386,0.0945214,0.00701877,0.370941,240,0.24338,0.197194,2.08624,0.773872,28.0952
68,0.0954563,0.0386,0.0606652,0.00701877,0.238076,240,0.24338,0.197194,3.25053,0.773872,28.0952
69,0.174617,0.0386,0.00475809,0.00701877,0.0186727,240,0.24338,0.197194,41.444,0.773872,28.0952
70,0.337234,0.0386,0.0932921,0.00701877,0.366117,240,0.24338,0.197194,2.11373,0.773872,28.0952
71,0.129983,0.0386,0.0864864,0.00701877,0.339409,240,0.24338,0.197194,2.28006,0.773872,28.0952
72,0.401055,0.0386,0.0273792,0.00701877,0.107448,240,0.24338,0.197194,7.20233,0.773872,28.0952
73,0.232764,0.0386,0.0575442,0.00701877,0.225827,240,0.24338,0.197194,3.42683,0.773872,28.0952
74,0.383575,0.0386,0.130881,0.00701877,0.513632,240,0.24338,0.197194,1.50667,0.773872,28.0952
75,0.535474,0.0386,0.0448101,0.00701877,0.175854,240,0.24338,0.197194,4.40066,0.773872,28.0952
76,0.178321,0.0386,0.0501878,0.00701877,0.196958,240,0.24338,0.197194,3.92913,0.773872,28.0952
77,0.170925,0.0386,0.0136622,0.00701877,0.0536163,240,0.24338,0.197194,14.4335,0.773872,28.0952
78,0.539558,0.0386,0.0346275,0.00701877,0.135893,240,0.24338,0.197194,5.69472,0.773872,28.0952
79,0.428159,0.0386,0.00782696,0.00701877,0.0307163,240,0.24338,0.197194,25.1942,0.773872,28.0952
80,0.348828,0.0386,0.0426294,0.00701877,0.167296,240,0.24338,0.197194,4.62578,0.773872,28.0952
81,0.151244,0.0386,0.0151505,0.00701877,0.0594571,240,0.24338,0.197194,13.0156,0.773872,28.0952
82,0.396841,0.0386,0.0512918,0.00701877,0.201291,240,0.24338,0.197194,3.84455,0.773872,28.0952
83,0.0341065,0.0386,0.0546884,0.00701877,0.21462,240,0.24338,0.197194,3.60577,0.773872,28.0952
84,0.27656,0.0386,0.0111957,0.00701877,0.0439364,240,0.24338,0.197194,17.6134,0.773872,28.0952
85,0.277173,0.0386,0.468067,0.00701877,1.83689,240,0.24338,0.197194,0.421294,0.773872,28.0952
86,0.305171,0.0386,0.0133391,0.00701877,0.0523481,240,0.24338,0.197194,14.7832,0.773872,28.0952
87,0.0507262,0.0386,0.0224959,0.00701877,0.0882832,240,0.24338,0.197194,8.7658,0.773872,28.0952
88,0.360969,0.0386,0.178714,0.00701877,0.70135,240,0.24338,0.197194,1.1034,0.773872,28.0952
89,0.139096,0.0386,0.0596836,0.00701877,0.234223,240,0.24338,0.197194,3.30399,0.773872,28.0952
90,0.240637,0.0386,0.120377,0.00701877,0.472408,240,0.24338,0.197194,1.63814,0.773872,28.0952
91,0.321071,0.0386,0.120809,0.00701877,0.474105,240,0.24338,0.197194,1.63228,0.773872,28.0952
92,0.0268755,0.0386,0.0479165,0.00701877,0.188044,240,0.24338,0.197194,4.11537,0.773872,28.0952
93,0.183719,0.0386,0.0243308,0.00701877,0.0954844,240,0.24338,0.197194,8.1047,0.773872,28.0952
94,0.728108,0.0386,0.114053,0.00701877,0.447592,240,0.24338,0.197194,1.72897,0.773872,28.0952
95,0.463233,0.0386,0.0975444,0.00701877,0.382805,240,0.24338,0.197194,2.02158,0.773872,28.0952
96,0.162539,0.0386,0.0488355,0.00701877,0.191651,240,0.24338,0.197194,4.03793,0.773872,28.0952
97,0.0408983,0.0386,0.0401147,0.00701877,0.157427,240,0.24338,0.197194,4.91576,0.773872,28.0952
98,0.183686,0.0386,0.130729,0.00701877,0.513037,240,0.24338,0.197194,1.50841,0.773872,28.0952
99,0.0478647,0.0386,0.253177,0.00701877,0.993573,240,0.24338,0.197194,0.778878,0.773872,28.0952
100,0.204684,0.0386,0.18778,0.00701877,0.736929,240,0.24338,0.197194,1.05013,0.773872,28.0952
101,0.226749,0.0386,0.0264501,0.00701877,0.103801,240,0.24338,0.197194,7.45531,0.773872,28.0952
102,0.359243,0.0386,0.0139794,0.00701877,0.0548609,240,0.24338,0.197194,14.1061,0.773872,28.0952
103,0.30157,0.0386,0.0750214,0.00701877,0.294415,240,0.24338,0.197194,2.6285,0.773872,28.0952
104,0.132793,0.0386,0.00649474,0.00701877,0.0254881,240,0.24338,0.197194,30.3621,0.773872,28.0952
105,0.319032,0.0386,0.0185312,0.00701877,0.0727241,240,0.24338,0.197194,10.6412,0.773872,28.0952
106,0.209222,0.0386,0.017717,0.00701877,0.069529,240,0.24338,0.197194,11.1302,0.773872,28.0952
107,0.627661,0.0386,0.0663442,0.00701877,0.260362,240,0.24338,0.197194,2.97229,0.773872,28.0952
108,0.0823784,0.0386,0.014855,0.00701877,0.0582973,240,0.24338,0.197194,13.2746,0.773872,28.0952
109,0.496022,0.0386,0.0213902,0.00701877,0.083944,240,0.24338,0.197194,9.21891,0.773872,28.0952
110,0.0616122,0.0386,0.0107966,0.00701877,0.0423703,240,0.24338,0.197194,18.2645,0.773872,28.0952
111,0.264814,0.0386,0.0149366,0.00701877,0.0586174,240,0.24338,0.197194,13.2021,0.773872,28.0952
112,0.0940316,0.0386,0.0112455,0.00701877,0.0441322,240,0.24338,0.197194,17.5353,0.773872,28.0952
113,0.113718,0.0386,0.0349652,0.00701877,0.137218,240,0.24338,0.197194,5.63973,0.773872,28.0952
114,0.0732019,0.0386,0.0341826,0.00701877,0.134147,240,0.24338,0.197194,5.76884,0.773872,28.0952
115,0.420222,0.0386,0.248959,0.00701877,0.97702,240,0.24338,0.197194,0.792074,0.773872,28.0952
116,0.195455,0.0386,0.0211942,0.00701877,0.083175,240,0.24338,0.197194,9.30414,0.773872,28.0952
117,0.133635,0.0386,0.029728,0.00701877,0.116665,240,0.24338,0.197194,6.63327,0.773872,28.0952
118,0.360034,0.0386,0.0131673,0.00701877,0.0516741,240,0.24338,0.197194,14.976,0.773872,28.0952
119,0.392736,0.0386,0.0129745,0.00701877,0.0509175,240,0.24338,0.197194,15.1986,0.773872,28.0952
120,0.399085,0.0386,0.125864,0.00701877,0.493944,240,0.24338,0.197194,1.56672,0.773872,28.0952
121,0.337979,0.0386,0.0587702,0.00701877,0.230639,240,0.24338,0.197194,3.35534,0.773872,28.0952
122,0.224779,0.0386,0.0391562,0.00701877,0.153665,240,0.24338,0.197194,5.03609,0.773872,28.0952
123,0.531634,0.0386,0.038819,0.00701877,0.152342,240,0.24338,0.197194,5.07983,0.773872,28.0952
124,0.0601081,0.0386,0.0568767,0.00701877,0.223208,240,0.24338,0.197194,3.46705,0.773872,28.0952
125,0.108237,0.0386,0.023388,0.00701877,0.0917843,240,0.24338,0.197194,8.43142,0.773872,28.0952
126,0.290757,0.0386,0.0193644,0.00701877,0.075994,240,0.24338,0.197194,10.1833,0.773872,28.0952
127,0.412355,0.0386,0.0346774,0.00701877,0.136089,240,0.24338,0.197194,5.68653,0.773872,28.0952
128,0.175474,0.0386,0.025214,0.00701877,0.0989502,240,0.24338,0.197194,7.82083,0.773872,28.0952
129,0.214299,0.0386,0.0785598,0.00701877,0.308302,240,0.24338,0.197194,2.51011,0.773872,28.0952
130,0.524296,0.0386,0.0583456,0.00701877,0.228973,240,0.24338,0.197194,3.37976,0.773872,28.0952
131,0.226374,0.0386,0.0228009,0.00701877,0.0894802,240,0.24338,0.197194,8.64853,0.773872,28.0952
132,0.164413,0.0386,0.0236207,0.00701877,0.0926973,240,0.24338,0.197194,8.34838,0.773872,28.0952
133,0.65861,0.0386,0.0309209,0.00701877,0.121347,240,0.24338,0.197194,6.37737,0.773872,28.0952
134,0.173268,0.0386,0.0522428,0.00701877,0.205023,240,0.24338,0.197194,3.77457,0.773872,28.0952
135,0.213379,0.0386,0.220901,0.00701877,0.866909,240,0.24338,0.197194,0.89268,0.773872,28.0952
136,0.119134,0.0386,0.0167573,0.00701877,0.0657628,240,0.24338,0.197194,11.7676,0.773872,28.0952
137,0.255388,0.0386,0.0377924,0.00701877,0.148313,240,0.24338,0.197194,5.21783,0.773872,28.0952
138,0.478817,0.0386,0.0291514,0.00701877,0.114402,240,0.24338,0.197194,6.76449,0.773872,28.0952
139,0.260048,0.0386,0.0122763,0.00701877,0.0481773,240,0.24338,0.197194,16.063,0.773872,28.0952
140,0.474681,0.0386,0.0235727,0.00701877,0.0925092,240,0.24338,0.197194,8.36536,0.773872,28.0952
141,0.197674,0.0386,0.0889044,0.00701877,0.348898,240,0.24338,0.197194,2.21805,0.773872,28.0952
142,0.337482,0.0386,0.348116,0.00701877,1.36615,240,0.24338,0.197194,0.566461,0.773872,28.0952
143,0.580488,0.0386,0.0506953,0.00701877,0.198949,240,0.24338,0.197194,3.88979,0.773872,28.0952
144,0.0593696,0.0386,0.0678161,0.00701877,0.266139,240,0.24338,0.197194,2.90778,0.773872,28.0952
145,0.450747,0.0386,0.0882346,0.00701877,0.34627,240,0.24338,0.197194,2.23488,0.773872,28.0952
146,0.104734,0.0386,0.0643957,0.00701877,0.252716,240,0.24338,0.197194,3.06222,0.773872,28.0952
147,0.191468,0.0386,0.0422613,0.00701877,0.165851,240,0.24338,0.197194,4.66607,0.773872,28.0952
148,0.205662,0.0386,0.0663068,0.00701877,0.260216,240,0.24338,0.197194,2.97397,0.773872,28.0952
149,0.0568703,0.0386,0.0240612,0.00701877,0.0944264,240,0.24338,0.197194,8.19551,0.773872,28.0952
150,0.0125591,0.0386,0.0150825,0.00701877,0.0591902,240,0.24338,0.197194,13.0743,0.773872,28.0952
151,0.32951,0.0386,0.00637263,0.00701877,0.0250089,240,0.24338,0.197194,30.9439,0.773872,28.0952
152,0.244215,0.0386,0.387764,0.00701877,1.52175,240,0.24338,0.197194,0.508542,0.773872,28.0952
153,0.182103,0.0386,0.120844,0.00701877,0.474242,240,0.24338,0.197194,1.63181,0.773872,28.0952
154,0.135139,0.0386,0.00734673,0.00701877,0.0288316,240,0.24338,0.197194,26.8411,0.773872,28.0952
155,0.365591,0.0386,0.0138632,0.00701877,0.0544051,240,0.24338,0.197194,14.2243,0.773872,28.0952
156,0.158064,0.0386,0.0799668,0.00701877,0.313823,240,0.24338,0.197194,2.46595,0.773872,28.0952
157,0.0626913,0.0386,0.00611672,0.00701877,0.0240046,240,0.24338,0.197194,32.2386,0.773872,28.0952
158,0.314641,0.0386,0.00754834,0.00701877,0.0296228,240,0.24338,0.197194,26.1242,0.773872,28.0952
159,0.475761,0.0386,0.0162665,0.00701877,0.0638366,240,0.24338,0.197194,12.1227,0.773872,28.0952
160,0.427883,0.0386,0.031568,0.00701877,0.123886,240,0.24338,0.197194,6.24664,0.773872,28.0952
161,0.384813,0.0386,0.0902668,0.00701877,0.354245,240,0.24338,0.197194,2.18457,0.773872,28.0952
162,0.383712,0.0386,0.0118215,0.00701877,0.0463926,240,0.24338,0.197194,16.6809,0.773872,28.0952
163,0.0466138,0.0386,0.0297322,0.00701877,0.116682,240,0.24338,0.197194,6.63233,0.773872,28.0952
164,0.748858,0.0386,0.0066241,0.00701877,0.0259957,240,0.24338,0.197194,29.7692,0.773872,28.0952
165,0.275524,0.0386,0.29905,0.00701877,1.1736,240,0.24338,0.197194,0.659401,0.773872,28.0952
166,0.205306,0.0386,0.173379,0.00701877,0.680413,240,0.24338,0.197194,1.13736,0.773872,28.0952
167,0.127941,0.0386,0.0583271,0.00701877,0.2289,240,0.24338,0.197194,3.38083,0.773872,28.0952
168,0.393435,0.0386,0.0233084,0.00701877,0.0914718,240,0.24338,0.197194,8.46023,0.773872,28.0952
169,0.133127,0.0386,0.119425,0.00701877,0.468672,240,0.24338,0.197194,1.6512,0.773872,28.0952
170,0.15167,0.0386,0.0279996,0.00701877,0.109882,240,0.24338,0.197194,7.04275,0.773872,28.0952
171,0.184343,0.0386,0.0823877,0.00701877,0.323324,240,0.24338,0.197194,2.39349,0.773872,28.0952
172,0.241062,0.0386,0.00843651,0.00701877,0.0331084,240,0.24338,0.197194,23.3739,0.773872,28.0952
173,0.213474,0.0386,0.110791,0.00701877,0.434791,240,0.24338,0.197194,1.77987,0.773872,28.0952
174,0.147407,0.0386,0.0401958,0.00701877,0.157745,240,0.24338,0.197194,4.90584,0.773872,28.0952
175,0.143772,0.0386,0.0154155,0.00701877,0.0604971,240,0.24338,0.197194,12.7919,0.773872,28.0952
176,0.284524,0.0386,0.00530329,0.00701877,0.0208123,240,0.24338,0.197194,37.1834,0.773872,28.0952
177,0.658005,0.0386,0.0399132,0.00701877,0.156636,240,0.24338,0.197194,4.94057,0.773872,28.0952
178,0.104002,0.0386,0.0752912,0.00701877,0.295474,240,0.24338,0.197194,2.61908,0.773872,28.0952
179,0.0418334,0.0386,0.0252714,0.00701877,0.0991756,240,0.24338,0.197194,7.80305,0.773872,28.0952
180,0.471253,0.0386,0.176489,0.00701877,0.692617,240,0.24338,0.197194,1.11732,0.773872,28.0952
181,0.632884,0.0386,0.0348258,0.00701877,0.136671,240,0.24338,0.197194,5.6623,0.773872,28.0952
182,0.360094,0.0386,0.0195104,0.00701877,0.0765668,240,0.24338,0.197194,10.1071,0.773872,28.0952
183,0.309507,0.0386,0.0209103,0.00701877,0.0820608,240,0.24338,0.197194,9.43048,0.773872,28.0952
184,0.181515,0.0386,0.0413296,0.00701877,0.162195,240,0.24338,0.197194,4.77125,0.773872,28.0952
185,0.655893,0.0386,0.0317719,0.00701877,0.124686,240,0.24338,0.197194,6.20657,0.773872,28.0952
186,0.169831,0.0386,0.0430894,0.00701877,0.169101,240,0.24338,0.197194,4.5764,0.773872,28.0952
187,0.369633,0.0386,0.00340842,0.00701877,0.0133761,240,0.24338,0.197194,57.8549,0.773872,28.0952
188,0.083713,0.0386,0.0865164,0.00701877,0.339527,240,0.24338,0.197194,2.27927,0.773872,28.0952
189,0.122259,0.0386,0.109734,0.00701877,0.430641,240,0.24338,0.197194,1.79703,0.773872,28.0952
190,0.154141,0.0386,0.0201858,0.00701877,0.0792176,240,0.24338,0.197194,9.76894,0.773872,28.0952
191,0.263544,0.0386,0.0220413,0.00701877,0.0864994,240,0.24338,0.197194,8.94656,0.773872,28.0952
192,0.411335,0.0386,0.0249134,0.00701877,0.0977706,240,0.24338,0.197194,7.91519,0.773872,28.0952
193,0.0929249,0.0386,0.00962805,0.00701877,0.0377845,240,0.24338,0.197194,20.4812,0.773872,28.0952
194,0.219133,0.0386,0.110071,0.00701877,0.431964,240,0.24338,0.197194,1.79152,0.773872,28.0952
195,0.312493,0.0386,0.0321173,0.00701877,0.126042,240,0.24338,0.197194,6.13982,0.773872,28.0952
196,0.194068,0.0386,0.103794,0.00701877,0.407329,240,0.24338,0.197194,1.89987,0.773872,28.0952
197,0.537135,0.0386,0.261392,0.00701877,1.02581,240,0.24338,0.197194,0.754401,0.773872,28.0952
198,0.376448,0.0386,0.908485,0.00701877,3.56527,240,0.24338,0.197194,0.217058,0.773872,28.0952
199,0.325425,0.0386,0.147251,0.00701877,0.577876,240,0.24338,0.197194,1.33917,0.773872,28.0952
200,0.288541,0.0386,0.314889,0.00701877,1.23576,240,0.24338,0.197194,0.626233,0.773872,28.0952
201,0.214584,0.0386,0.00710972,0.00701877,0.0279015,240,0.24338,0.197194,27.7358,0.773872,28.0952
202,0.524883,0.0386,0.0770993,0.00701877,0.30257,240,0.24338,0.197194,2.55766,0.773872,28.0952
203,0.486908,0.0386,0.0200885,0.00701877,0.0788359,240,0.24338,0.197194,9.81625,0.773872,28.0952
204,0.925664,0.0386,0.0224157,0.00701877,0.0879686,240,0.24338,0.197194,8.79714,0.773872,28.0952
205,0.462521,0.0386,0.0325334,0.00701877,0.127675,240,0.24338,0.197194,6.06128,0.773872,28.0952
206,0.236711,0.0386,0.02965,0.00701877,0.116359,240,0.24338,0.197194,6.65073,0.773872,28.0952
207,0.173987,0.0386,0.0255107,0.00701877,0.100115,240,0.24338,0.197194,7.72987,0.773872,28.0952
208,0.143847,0.0386,0.0401562,0.00701877,0.15759,240,0.24338,0.197194,4.91068,0.773872,28.0952
209,0.178921,0.0386,0.0189155,0.00701877,0.0742322,240,0.24338,0.197194,10.425,0.773872,28.0952
210,0.222388,0.0386,0.0602708,0.00701877,0.236528,240,0.24338,0.197194,3.2718,0.773872,28.0952
211,0.219902,0.0386,0.109611,0.00701877,0.43016,240,0.24338,0.197194,1.79903,0.773872,28.0952
212,0.10526,0.0386,0.197509,0.00701877,0.775108,240,0.24338,0.197194,0.998406,0.773872,28.0952
213,0.397303,0.0386,0.01897,0.00701877,0.0744463,240,0.24338,0.197194,10.395,0.773872,28.0952
214,0.327842,0.0386,0.0882944,0.00701877,0.346504,240,0.24338,0.197194,2.23337,0.773872,28.0952
215,0.190272,0.0386,0.0092243,0.00701877,0.0362,240,0.24338,0.197194,21.3777,0.773872,28.0952
216,0.297174,0.0386,0.0375604,0.00701877,0.147403,240,0.24338,0.197194,5.25005,0.773872,28.0952
217,0.363123,0.0386,0.0208584,0.00701877,0.0818571,240,0.24338,0.197194,9.45395,0.773872,28.0952
218,0.131461,0.0386,0.0332772,0.00701877,0.130594,240,0.24338,0.197194,5.92581,0.773872,28.0952
219,0.103062,0.0386,0.0088019,0.00701877,0.0345423,240,0.24338,0.197194,22.4036,0.773872,28.0952
220,0.0735652,0.0386,0.124444,0.00701877,0.488369,240,0.24338,0.197194,1.5846,0.773872,28.0952
221,0.182878,0.0386,0.00396206,0.00701877,0.0155488,240,0.24338,0.197194,49.7706,0.773872,28.0952
222,0.543457,0.0386,0.105089,0.00701877,0.412415,240,0.24338,0.197194,1.87644,0.773872,28.0952
223,0.130443,0.0386,0.0523587,0.00701877,0.205478,240,0.24338,0.197194,3.76621,0.773872,28.0952
224,0.364613,0.0386,0.0348115,0.00701877,0.136615,240,0.24338,0.197194,5.66462,0.773872,28.0952
225,0.134916,0.0386,0.0136148,0.00701877,0.05343,240,0.24338,0.197194,14.4839,0.773872,28.0952
226,0.228977,0.0386,0.10557,0.00701877,0.4143,240,0.24338,0.197194,1.8679,0.773872,28.0952
227,0.370458,0.0386,0.0211191,0.00701877,0.0828803,240,0.24338,0.197194,9.33723,0.773872,28.0952
228,0.328702,0.0386,0.0225933,0.00701877,0.0886654,240,0.24338,0.197194,8.72801,0.773872,28.0952
229,0.117624,0.0386,0.0733136,0.00701877,0.287713,240,0.24338,0.197194,2.68973,0.773872,28.0952
230,0.386758,0.0386,0.143091,0.00701877,0.561547,240,0.24338,0.197194,1.37811,0.773872,28.0952
231,0.149996,0.0386,0.0328292,0.00701877,0.128835,240,0.24338,0.197194,6.00667,0.773872,28.0952
232,0.0310553,0.0386,0.0272187,0.00701877,0.106818,240,0.24338,0.197194,7.2448,0.773872,28.0952
233,0.0966957,0.0386,0.0664088,0.00701877,0.260616,240,0.24338,0.197194,2.9694,0.773872,28.0952
234,0.172308,0.0386,0.0448728,0.00701877,0.1761,240,0.24338,0.197194,4.39451,0.773872,28.0952
235,0.328381,0.0386,0.0125178,0.00701877,0.0491251,240,0.24338,0.197194,15.7531,0.773872,28.0952
236,0.407551,0.0386,0.131344,0.00701877,0.515449,240,0.24338,0.197194,1.50136,0.773872,28.0952
237,0.298089,0.0386,0.0457328,0.00701877,0.179475,240,0.24338,0.197194,4.31187,0.773872,28.0952
238,0.182609,0.0386,0.0182759,0.00701877,0.0717223,240,0.24338,0.197194,10.7898,0.773872,28.0952
239,0.429375,0.0386,0.0126624,0.00701877,0.0496924,240,0.24338,0.197194,15.5732,0.773872,28.0952
240,0.172338,0.0386,0.00647948,0.00701877,0.0254282,240,0.24338,0.197194,30.4337,0.773872,28.0952
241,0.497068,0.0386,0.0195521,0.00701877,0.0767307,240,0.24338,0.197194,10.0856,0.773872,28.0952
242,0.316789,0.0386,0.0731487,0.00701877,0.287066,240,0.24338,0.197194,2.6958,0.773872,28.0952
243,0.581814,0.0386,0.00232951,0.00701877,0.00914197,240,0.24338,0.197194,84.6505,0.773872,28.0952
244,0.417841,0.0386,0.34252,0.00701877,1.34419,240,0.24338,0.197194,0.575715,0.773872,28.0952
245,0.173494,0.0386,0.0771442,0.00701877,0.302746,240,0.24338,0.197194,2.55618,0.773872,28.0952
246,0.323491,0.0386,0.23098,0.00701877,0.906464,240,0.24338,0.197194,0.853727,0.773872,28.0952
247,0.096592,0.0386,0.0272896,0.00701877,0.107096,240,0.24338,0.197194,7.22599,0.773872,28.0952
248,0.276821,0.0386,0.0243349,0.00701877,0.0955004,240,0.24338,0.197194,8.10334,0.773872,28.0952
249,0.137441,0.0386,0.513876,0.00701877,2.01666,240,0.24338,0.197194,0.383739,0.773872,28.0952
250,0.311079,0.0386,0.0157264,0.00701877,0.061717,240,0.24338,0.197194,12.539,0.773872,28.0952
251,0.326439,0.0386,0.00357258,0.00701877,0.0140203,240,0.24338,0.197194,55.1965,0.773872,28.0952
252,0.0586073,0.0386,0.00384937,0.00701877,0.0151065,240,0.24338,0.197194,51.2276,0.773872,28.0952
253,0.0776776,0.0386,0.968515,0.00701877,3.80086,240,0.24338,0.197194,0.203605,0.773872,28.0952
254,0.347457,0.0386,0.0202589,0.00701877,0.0795042,240,0.24338,0.197194,9.73372,0.773872,28.0952
255,0.0623972,0.0386,0.0661428,0.00701877,0.259572,240,0.24338,0.197194,2.98134,0.773872,28.0952
256,0.616564,0.0386,0.0955374,0.00701877,0.374929,240,0.24338,0.197194,2.06405,0.773872,28.0952
257,0.476518,0.0386,0.0285294,0.00701877,0.111961,240,0.24338,0.197194,6.91197,0.773872,28.0952
258,0.390602,0.0386,0.180305,0.00701877,0.707592,240,0.24338,0.197194,1.09367,0.773872,28.0952
259,0.0924734,0.0386,0.0698115,0.00701877,0.27397,240,0.24338,0.197194,2.82466,0.773872,28.0952
260,0.440082,0.0386,0.00910878,0.00701877,0.0357466,240,0.24338,0.197194,21.6488,0.773872,28.0952
261,0.422282,0.0386,0.261254,0.00701877,1.02527,240,0.24338,0.197194,0.754797,0.773872,28.0952
262,0.420093,0.0386,0.0273189,0.00701877,0.107211,240,0.24338,0.197194,7.21822,0.773872,28.0952
263,0.0823214,0.0386,0.0512331,0.00701877,0.20106,240,0.24338,0.197194,3.84896,0.773872,28.0952
264,0.200754,0.0386,0.0920331,0.00701877,0.361176,240,0.24338,0.197194,2.14264,0.773872,28.0952
265,0.21395,0.0386,0.0411276,0.00701877,0.161402,240,0.24338,0.197194,4.79469,0.773872,28.0952
266,0.261121,0.0386,0.134305,0.00701877,0.527068,240,0.24338,0.197194,1.46826,0.773872,28.0952
267,0.196575,0.0386,0.0161198,0.00701877,0.0632608,240,0.24338,0.197194,12.233,0.773872,28.0952
268,0.322579,0.0386,0.0370366,0.00701877,0.145347,240,0.24338,0.197194,5.3243,0.773872,28.0952
269,0.0374015,0.0386,0.0769678,0.00701877,0.302054,240,0.24338,0.197194,2.56204,0.773872,28.0952
270,0.332252,0.0386,0.0244705,0.00701877,0.0960327,240,0.24338,0.197194,8.05843,0.773872,28.0952
271,0.195164,0.0386,0.0564902,0.00701877,0.221691,240,0.24338,0.197194,3.49077,0.773872,28.0952
272,0.471516,0.0386,0.188711,0.00701877,0.74058,240,0.24338,0.197194,1.04495,0.773872,28.0952
273,0.261621,0.0386,0.03813,0.00701877,0.149638,240,0.24338,0.197194,5.17162,0.773872,28.0952
274,0.66872,0.0386,0.173966,0.00701877,0.682715,240,0.24338,0.197194,1.13352,0.773872,28.0952
275,0.250451,0.0386,0.02552,0.00701877,0.100151,240,0.24338,0.197194,7.72704,0.773872,28.0952
276,0.266404,0.0386,0.266058,0.00701877,1.04412,240,0.24338,0.197194,0.741169,0.773872,28.0952
277,0.678976,0.0386,0.241065,0.00701877,0.946041,240,0.24338,0.197194,0.818011,0.773872,28.0952
278,0.678437,0.0386,0.0216385,0.00701877,0.0849184,240,0.24338,0.197194,9.11313,0.773872,28.0952
279,0.452968,0.0386,0.0376552,0.00701877,0.147775,240,0.24338,0.197194,5.23684,0.773872,28.0952
280,0.114575,0.0386,0.154788,0.00701877,0.607454,240,0.24338,0.197194,1.27396,0.773872,28.0952
281,0.0739403,0.0386,0.0202654,0.00701877,0.07953,240,0.24338,0.197194,9.73057,0.773872,28.0952
282,0.0585185,0.0386,0.0523378,0.00701877,0.205396,240,0.24338,0.197194,3.76772,0.773872,28.0952
283,0.0878434,0.0386,0.034921,0.00701877,0.137045,240,0.24338,0.197194,5.64686,0.773872,28.0952
284,0.575599,0.0386,0.0714369,0.00701877,0.280348,240,0.24338,0.197194,2.7604,0.773872,28.0952
285,0.240354,0.0386,0.1082,0.00701877,0.424621,240,0.24338,0.197194,1.8225,0.773872,28.0952
286,0.421993,0.0386,0.0316376,0.00701877,0.124159,240,0.24338,0.197194,6.2329,0.773872,28.0952
287,0.248163,0.0386,0.00915395,0.00701877,0.0359239,240,0.24338,0.197194,21.542,0.773872,28.0952
288,0.340001,0.0386,0.0391191,0.00701877,0.15352,240,0.24338,0.197194,5.04087,0.773872,28.0952
289,0.140625,0.0386,0.0337724,0.00701877,0.132537,240,0.24338,0.197194,5.83891,0.773872,28.0952
290,0.494209,0.0386,0.00847737,0.00701877,0.0332687,240,0.24338,0.197194,23.2612,0.773872,28.0952
291,0.634996,0.0386,0.147326,0.00701877,0.578171,240,0.24338,0.197194,1.33848,0.773872,28.0952
292,0.238274,0.0386,0.0263134,0.00701877,0.103265,240,0.24338,0.197194,7.49407,0.773872,28.0952
293,0.238041,0.0386,0.085395,0.00701877,0.335126,240,0.24338,0.197194,2.3092,0.773872,28.0952
294,0.191685,0.0386,0.0533259,0.00701877,0.209273,240,0.24338,0.197194,3.69791,0.773872,28.0952
295,0.227888,0.0386,0.0230561,0.00701877,0.0904816,240,0.24338,0.197194,8.55281,0.773872,28.0952
296,0.128104,0.0386,0.0160588,0.00701877,0.0630216,240,0.24338,0.197194,12.2795,0.773872,28.0952
297,0.240372,0.0386,0.0295025,0.00701877,0.11578,240,0.24338,0.197194,6.68398,0.773872,28.0952
298,0.285305,0.0386,0.02294,0.00701877,0.0900261,240,0.24338,0.197194,8.59609,0.773872,28.0952
299,0.365553,0.0386,0.0310577,0.00701877,0.121883,240,0.24338,0.197194,6.34929,0.773872,28.0952
300,0.159966,0.0386,0.0843958,0.00701877,0.331205,240,0.24338,0.197194,2.33654,0.773872,28.0952
301,0.18624,0.0386,0.0204612,0.00701877,0.0802983,240,0.24338,0.197194,9.63747,0.773872,28.0952
302,0.214613,0.0386,0.0230419,0.00701877,0.0904261,240,0.24338,0.197194,8.55806,0.773872,28.0952
303,0.372893,0.0386,0.0475618,0.00701877,0.186652,240,0.24338,0.197194,4.14606,0.773872,28.0952
304,0.593192,0.0386,0.0439981,0.00701877,0.172667,240,0.24338,0.197194,4.48188,0.773872,28.0952
305,0.219903,0.0386,0.0823211,0.00701877,0.323062,240,0.24338,0.197194,2.39543,0.773872,28.0952
306,0.133879,0.0386,0.0103043,0.00701877,0.0404385,240,0.24338,0.197194,19.137,0.773872,28.0952
307,0.0505404,0.0386,0.0178576,0.00701877,0.0700806,240,0.24338,0.197194,11.0426,0.773872,28.0952
308,0.374452,0.0386,0.0421096,0.00701877,0.165256,240,0.24338,0.197194,4.68288,0.773872,28.0952
309,0.0742824,0.0386,0.020557,0.00701877,0.0806744,240,0.24338,0.197194,9.59253,0.773872,28.0952
310,0.281931,0.0386,0.121526,0.00701877,0.476917,240,0.24338,0.197194,1.62266,0.773872,28.0952
311,0.298284,0.0386,0.177432,0.00701877,0.696316,240,0.24338,0.197194,1.11138,0.773872,28.0952
312,0.392809,0.0386,0.194781,0.00701877,0.764402,240,0.24338,0.197194,1.01239,0.773872,28.0952
313,0.21012,0.0386,0.00602752,0.00701877,0.0236545,240,0.24338,0.197194,32.7156,0.773872,28.0952
314,0.230837,0.0386,0.0223609,0.00701877,0.0877535,240,0.24338,0.197194,8.81871,0.773872,28.0952
315,0.355645,0.0386,0.169287,0.00701877,0.664351,240,0.24338,0.197194,1.16485,0.773872,28.0952
316,0.250163,0.0386,0.0118722,0.00701877,0.0465915,240,0.24338,0.197194,16.6097,0.773872,28.0952
317,0.514974,0.0386,0.08765,0.00701877,0.343975,240,0.24338,0.197194,2.24979,0.773872,28.0952
318,0.18247,0.0386,0.026795,0.00701877,0.105155,240,0.24338,0.197194,7.35935,0.773872,28.0952
319,0.187961,0.0386,0.0266611,0.00701877,0.104629,240,0.24338,0.197194,7.39632,0.773872,28.0952
320,0.48573,0.0386,0.0316963,0.00701877,0.124389,240,0.24338,0.197194,6.22137,0.773872,28.0952
321,0.372213,0.0386,0.0197427,0.00701877,0.0774786,240,0.24338,0.197194,9.98821,0.773872,28.0952
322,0.213871,0.0386,0.103691,0.00701877,0.406926,240,0.24338,0.197194,1.90175,0.773872,28.0952
323,0.0600965,0.0386,0.0672862,0.00701877,0.264059,240,0.24338,0.197194,2.93068,0.773872,28.0952
324,0.44394,0.0386,0.237894,0.00701877,0.933595,240,0.24338,0.197194,0.828916,0.773872,28.0952
325,0.795095,0.0386,0.0471299,0.00701877,0.184957,240,0.24338,0.197194,4.18406,0.773872,28.0952
326,0.338699,0.0386,0.0102569,0.00701877,0.0402524,240,0.24338,0.197194,19.2255,0.773872,28.0952
327,0.340194,0.0386,0.0171605,0.00701877,0.067345,240,0.24338,0.197194,11.4912,0.773872,28.0952
328,0.09648,0.0386,0.077562,0.00701877,0.304386,240,0.24338,0.197194,2.54241,0.773872,28.0952
329,0.378484,0.0386,0.10367,0.00701877,0.406844,240,0.24338,0.197194,1.90214,0.773872,28.0952
330,0.107945,0.0386,0.0546091,0.00701877,0.214309,240,0.24338,0.197194,3.61101,0.773872,28.0952
331,0.227316,0.0386,0.00997572,0.00701877,0.0391489,240,0.24338,0.197194,19.7674,0.773872,28.0952
332,0.357585,0.0386,0.0269502,0.00701877,0.105764,240,0.24338,0.197194,7.31698,0.773872,28.0952
333,0.343218,0.0386,0.0135576,0.00701877,0.0532057,240,0.24338,0.197194,14.5449,0.773872,28.0952
334,0.250673,0.0386,0.0745244,0.00701877,0.292465,240,0.24338,0.197194,2.64603,0.773872,28.0952
335,0.386779,0.0386,0.0100144,0.00701877,0.0393006,240,0.24338,0.197194,19.6911,0.773872,28.0952
336,0.114022,0.0386,0.0109418,0.00701877,0.0429403,240,0.24338,0.197194,18.0221,0.773872,28.0952
337,0.175067,0.0386,0.0248362,0.00701877,0.0974678,240,0.24338,0.197194,7.93978,0.773872,28.0952
338,0.133893,0.0386,0.0777984,0.00701877,0.305313,240,0.24338,0.197194,2.53468,0.773872,28.0952
339,0.111186,0.0386,0.0872158,0.00701877,0.342271,240,0.24338,0.197194,2.26099,0.773872,28.0952
340,0.223733,0.0386,0.0610394,0.00701877,0.239544,240,0.24338,0.197194,3.2306,0.773872,28.0952
341,0.366136,0.0386,0.00918936,0.00701877,0.0360629,240,0.24338,0.197194,21.459,0.773872,28.0952
342,0.234415,0.0386,0.0102071,0.00701877,0.040057,240,0.24338,0.197194,19.3193,0.773872,28.0952
343,0.186256,0.0386,0.0206071,0.00701877,0.0808708,240,0.24338,0.197194,9.56924,0.773872,28.0952
344,0.0617698,0.0386,0.1452,0.00701877,0.569827,240,0.24338,0.197194,1.35808,0.773872,28.0952
345,0.128681,0.0386,0.0593598,0.00701877,0.232953,240,0.24338,0.197194,3.32201,0.773872,28.0952
346,0.0721068,0.0386,0.0224578,0.00701877,0.0881337,240,0.24338,0.197194,8.78066,0.773872,28.0952
347,0.247574,0.0386,0.00746573,0.00701877,0.0292986,240,0.24338,0.197194,26.4132,0.773872,28.0952
348,0.441107,0.0386,0.00957627,0.00701877,0.0375813,240,0.24338,0.197194,20.592,0.773872,28.0952
349,0.438709,0.0386,0.120126,0.00701877,0.471426,240,0.24338,0.197194,1.64155,0.773872,28.0952
350,0.214272,0.0386,0.27238,0.00701877,1.06894,240,0.24338,0.197194,0.723966,0.773872,28.0952
351,0.485516,0.0386,0.0222019,0.00701877,0.0871297,240,0.24338,0.197194,8.88184,0.773872,28.0952
352,0.252919,0.0386,0.0373013,0.00701877,0.146386,240,0.24338,0.197194,5.28651,0.773872,28.0952
353,0.0532503,0.0386,0.0163031,0.00701877,0.0639802,240,0.24338,0.197194,12.0955,0.773872,28.0952
354,0.23013,0.0386,0.021421,0.00701877,0.084065,240,0.24338,0.197194,9.20564,0.773872,28.0952
355,0.563778,0.0386,0.0433091,0.00701877,0.169963,240,0.24338,0.197194,4.55318,0.773872,28.0952
356,0.513295,0.0386,0.0240527,0.00701877,0.0943927,240,0.24338,0.197194,8.19843,0.773872,28.0952
357,0.205045,0.0386,0.0527148,0.00701877,0.206875,240,0.24338,0.197194,3.74078,0.773872,28.0952
358,0.301527,0.0386,0.00499127,0.00701877,0.0195878,240,0.24338,0.197194,39.5078,0.773872,28.0952
359,0.10614,0.0386,0.00263735,0.00701877,0.0103501,240,0.24338,0.197194,74.7698,0.773872,28.0952
360,0.345024,0.0386,0.0677556,0.00701877,0.265901,240,0.24338,0.197194,2.91037,0.773872,28.0952
361,0.413042,0.0386,0.0366303,0.00701877,0.143753,240,0.24338,0.197194,5.38336,0.773872,28.0952
362,0.387375,0.0386,0.0315274,0.00701877,0.123727,240,0.24338,0.197194,6.2547,0.773872,28.0952
363,0.300135,0.0386,0.0236558,0.00701877,0.0928352,240,0.24338,0.197194,8.33597,0.773872,28.0952
364,0.292862,0.0386,0.0486924,0.00701877,0.191089,240,0.24338,0.197194,4.04979,0.773872,28.0952
365,0.288388,0.0386,0.425099,0.00701877,1.66827,240,0.24338,0.197194,0.463878,0.773872,28.0952
366,0.0621925,0.0386,0.00898845,0.00701877,0.0352744,240,0.24338,0.197194,21.9386,0.773872,28.0952
367,0.215454,0.0386,0.0316951,0.00701877,0.124385,240,0.24338,0.197194,6.22159,0.773872,28.0952
368,0.130323,0.0386,0.0113926,0.00701877,0.0447094,240,0.24338,0.197194,17.309,0.773872,28.0952
369,0.347249,0.0386,0.0426899,0.00701877,0.167533,240,0.24338,0.197194,4.61922,0.773872,28.0952
370,0.103243,0.0386,0.0180583,0.00701877,0.0708683,240,0.24338,0.197194,10.9199,0.773872,28.0952
371,0.213045,0.0386,0.029887,0.00701877,0.117289,240,0.24338,0.197194,6.59799,0.773872,28.0952
372,0.325709,0.0386,0.0366548,0.00701877,0.143849,240,0.24338,0.197194,5.37976,0.773872,28.0952
373,0.659495,0.0386,0.0266967,0.00701877,0.104769,240,0.24338,0.197194,7.38646,0.773872,28.0952
374,0.168131,0.0386,0.0400199,0.00701877,0.157055,240,0.24338,0.197194,4.92741,0.773872,28.0952
375,0.191795,0.0386,0.00804611,0.00701877,0.0315763,240,0.24338,0.197194,24.508,0.773872,28.0952
376,0.56809,0.0386,0.0953097,0.00701877,0.374035,240,0.24338,0.197194,2.06898,0.773872,28.0952
377,0.0555785,0.0386,0.0243316,0.00701877,0.0954875,240,0.24338,0.197194,8.10444,0.773872,28.0952
378,0.391392,0.0386,0.016114,0.00701877,0.0632381,240,0.24338,0.197194,12.2374,0.773872,28.0952
379,0.31052,0.0386,0.0156691,0.00701877,0.061492,240,0.24338,0.197194,12.5849,0.773872,28.0952
380,0.309555,0.0386,0.39953,0.00701877,1.56792,240,0.24338,0.197194,0.493565,0.773872,28.0952
381,0.101513,0.0386,0.017248,0.00701877,0.0676884,240,0.24338,0.197194,11.4329,0.773872,28.0952
382,0.290385,0.0386,0.0219141,0.00701877,0.0860003,240,0.24338,0.197194,8.99848,0.773872,28.0952
383,0.398391,0.0386,0.0884147,0.00701877,0.346976,240,0.24338,0.197194,2.23033,0.773872,28.0952
384,0.576552,0.0386,0.0536633,0.00701877,0.210597,240,0.24338,0.197194,3.67466,0.773872,28.0952
385,0.0710738,0.0386,0.321483,0.00701877,1.26164,240,0.24338,0.197194,0.613388,0.773872,28.0952
386,0.189245,0.0386,0.0389016,0.00701877,0.152666,240,0.24338,0.197194,5.06905,0.773872,28.0952
387,0.449535,0.0386,0.114322,0.00701877,0.448648,240,0.24338,0.197194,1.7249,0.773872,28.0952
388,0.378143,0.0386,0.0440808,0.00701877,0.172991,240,0.24338,0.197194,4.47347,0.773872,28.0952
389,0.202879,0.0386,0.0514601,0.00701877,0.201951,240,0.24338,0.197194,3.83198,0.773872,28.0952
390,0.0728946,0.0386,0.189817,0.00701877,0.744919,240,0.24338,0.197194,1.03887,0.773872,28.0952
391,0.287736,0.0386,0.033023,0.00701877,0.129596,240,0.24338,0.197194,5.97142,0.773872,28.0952
392,0.0503956,0.0386,0.04368,0.00701877,0.171419,240,0.24338,0.197194,4.51452,0.773872,28.0952
393,0.294005,0.0386,0.0417768,0.00701877,0.16395,240,0.24338,0.197194,4.72019,0.773872,28.0952
394,0.685591,0.0386,0.0218015,0.00701877,0.0855582,240,0.24338,0.197194,9.04498,0.773872,28.0952
395,0.1684,0.0386,0.00544385,0.00701877,0.021364,240,0.24338,0.197194,36.2233,0.773872,28.0952
396,0.103675,0.0386,0.0161414,0.00701877,0.0633456,240,0.24338,0.197194,12.2167,0.773872,28.0952
397,0.338293,0.0386,0.0764049,0.00701877,0.299845,240,0.24338,0.197194,2.58091,0.773872,28.0952
398,0.572389,0.0386,0.0284088,0.00701877,0.111488,240,0.24338,0.197194,6.94131,0.773872,28.0952
399,0.479506,0.0386,0.161027,0.00701877,0.631939,240,0.24338,0.197194,1.2246,0.773872,28.0952
400,0.138101,0.0386,0.0185225,0.00701877,0.0726899,240,0.24338,0.197194,10.6462,0.773872,28.0952
401,0.293814,0.0386,0.0620773,0.00701877,0.243617,240,0.24338,0.197194,3.17659,0.773872,28.0952
402,0.300151,0.0386,0.01843,0.00701877,0.0723272,240,0.24338,0.197194,10.6996,0.773872,28.0952
403,0.206942,0.0386,0.0526644,0.00701877,0.206677,240,0.24338,0.197194,3.74436,0.773872,28.0952
404,0.196707,0.0386,0.182924,0.00701877,0.71787,240,0.24338,0.197194,1.07801,0.773872,28.0952
405,0.358415,0.0386,0.0125517,0.00701877,0.0492582,240,0.24338,0.197194,15.7105,0.773872,28.0952
406,0.20752,0.0386,0.0361103,0.00701877,0.141712,240,0.24338,0.197194,5.46088,0.773872,28.0952
407,0.375465,0.0386,0.0675826,0.00701877,0.265223,240,0.24338,0.197194,2.91782,0.773872,28.0952
408,0.309382,0.0386,0.0208043,0.00701877,0.0816446,240,0.24338,0.197194,9.47854,0.773872,28.0952
409,0.157004,0.0386,0.0110991,0.00701877,0.0435577,240,0.24338,0.197194,17.7666,0.773872,28.0952
410,0.454046,0.0386,0.0951188,0.00701877,0.373286,240,0.24338,0.197194,2.07314,0.773872,28.0952
411,0.140597,0.0386,0.0438473,0.00701877,0.172075,240,0.24338,0.197194,4.49729,0.773872,28.0952
412,0.249548,0.0386,0.029478,0.00701877,0.115684,240,0.24338,0.197194,6.68953,0.773872,28.0952
413,0.452592,0.0386,0.131996,0.00701877,0.518006,240,0.24338,0.197194,1.49394,0.773872,28.0952
414,0.122269,0.0386,0.0759027,0.00701877,0.297874,240,0.24338,0.197194,2.59799,0.773872,28.0952
415,0.230514,0.0386,0.00974871,0.00701877,0.038258,240,0.24338,0.197194,20.2277,0.773872,28.0952
416,0.396957,0.0386,0.023575,0.00701877,0.0925183,240,0.24338,0.197194,8.36453,0.773872,28.0952
417,0.121588,0.0386,0.104151,0.00701877,0.408732,240,0.24338,0.197194,1.89335,0.773872,28.0952
418,0.265832,0.0386,0.0772794,0.00701877,0.303277,240,0.24338,0.197194,2.5517,0.773872,28.0952
419,0.284901,0.0386,0.0183489,0.00701877,0.0720089,240,0.24338,0.197194,10.7469,0.773872,28.0952
420,0.420701,0.0386,0.0316382,0.00701877,0.124162,240,0.24338,0.197194,6.23278,0.773872,28.0952
421,0.157874,0.0386,0.0616445,0.00701877,0.241919,240,0.24338,0.197194,3.19889,0.773872,28.0952
422,0.028886,0.0386,0.0767692,0.00701877,0.301274,240,0.24338,0.197194,2.56866,0.773872,28.0952
423,0.32865,0.0386,0.0510628,0.00701877,0.200392,240,0.24338,0.197194,3.8618,0.773872,28.0952
424,0.103201,0.0386,0.0218371,0.00701877,0.085698,240,0.24338,0.197194,9.03023,0.773872,28.0952
425,0.445114,0.0386,0.0788639,0.00701877,0.309495,240,0.24338,0.197194,2.50043,0.773872,28.0952
426,0.337185,0.0386,0.104066,0.00701877,0.4084,240,0.24338,0.197194,1.89489,0.773872,28.0952
427,0.71864,0.0386,0.0575458,0.00701877,0.225834,240,0.24338,0.197194,3.42673,0.773872,28.0952
428,0.409076,0.0386,0.0664711,0.00701877,0.26086,240,0.24338,0.197194,2.96661,0.773872,28.0952
429,0.330438,0.0386,0.0221713,0.00701877,0.0870095,240,0.24338,0.197194,8.89412,0.773872,28.0952
430,0.0777094,0.0386,0.0407253,0.00701877,0.159823,240,0.24338,0.197194,4.84205,0.773872,28.0952
431,0.152423,0.0386,0.00563725,0.00701877,0.0221229,240,0.24338,0.197194,34.9806,0.773872,28.0952
432,0.369447,0.0386,0.0186408,0.00701877,0.0731543,240,0.24338,0.197194,10.5786,0.773872,28.0952
433,0.229438,0.0386,0.0165011,0.00701877,0.0647572,240,0.24338,0.197194,11.9504,0.773872,28.0952
434,0.374616,0.0386,0.0150752,0.00701877,0.0591615,240,0.24338,0.197194,13.0807,0.773872,28.0952
435,0.230354,0.0386,0.00284012,0.00701877,0.0111458,240,0.24338,0.197194,69.4316,0.773872,28.0952
436,0.36536,0.0386,0.0380518,0.00701877,0.149331,240,0.24338,0.197194,5.18225,0.773872,28.0952
437,0.843441,0.0386,0.00898168,0.00701877,0.0352479,240,0.24338,0.197194,21.9551,0.773872,28.0952
438,0.256543,0.0386,0.296342,0.00701877,1.16297,240,0.24338,0.197194,0.665428,0.773872,28.0952
439,0.188229,0.0386,0.327518,0.00701877,1.28532,240,0.24338,0.197194,0.602085,0.773872,28.0952
440,0.260288,0.0386,0.0488403,0.00701877,0.19167,240,0.24338,0.197194,4.03753,0.773872,28.0952
441,0.0923521,0.0386,0.0222268,0.00701877,0.0872272,240,0.24338,0.197194,8.87191,0.773872,28.0952
442,0.113925,0.0386,0.0139608,0.00701877,0.0547881,240,0.24338,0.197194,14.1248,0.773872,28.0952
443,0.719158,0.0386,0.148132,0.00701877,0.58133,240,0.24338,0.197194,1.33121,0.773872,28.0952
444,0.129651,0.0386,0.0733143,0.00701877,0.287716,240,0.24338,0.197194,2.68971,0.773872,28.0952
445,0.194047,0.0386,0.0918494,0.00701877,0.360456,240,0.24338,0.197194,2.14693,0.773872,28.0952
446,0.26653,0.0386,0.167982,0.00701877,0.659233,240,0.24338,0.197194,1.1739,0.773872,28.0952
447,0.131269,0.0386,0.984278,0.00701877,3.86272,240,0.24338,0.197194,0.200344,0.773872,28.0952
448,0.251369,0.0386,0.0228446,0.00701877,0.0896519,240,0.24338,0.197194,8.63196,0.773872,28.0952
449,0.403074,0.0386,0.0951577,0.00701877,0.373439,240,0.24338,0.197194,2.07229,0.773872,28.0952
450,0.270515,0.0386,0.0308537,0.00701877,0.121083,240,0.24338,0.197194,6.39127,0.773872,28.0952
451,0.11395,0.0386,0.0396271,0.00701877,0.155513,240,0.24338,0.197194,4.97624,0.773872,28.0952
452,0.163845,0.0386,0.0253723,0.00701877,0.0995714,240,0.24338,0.197194,7.77203,0.773872,28.0952
453,0.452321,0.0386,0.0312367,0.00701877,0.122586,240,0.24338,0.197194,6.3129,0.773872,28.0952
454,0.319903,0.0386,0.0818245,0.00701877,0.321114,240,0.24338,0.197194,2.40996,0.773872,28.0952
455,0.545096,0.0386,0.093353,0.00701877,0.366356,240,0.24338,0.197194,2.11235,0.773872,28.0952
456,0.105516,0.0386,0.0219414,0.00701877,0.0861073,240,0.24338,0.197194,8.9873,0.773872,28.0952
457,0.28884,0.0386,0.0172164,0.00701877,0.0675643,240,0.24338,0.197194,11.4539,0.773872,28.0952
458,0.551794,0.0386,0.0593846,0.00701877,0.23305,240,0.24338,0.197194,3.32063,0.773872,28.0952
459,0.575692,0.0386,0.24822,0.00701877,0.974119,240,0.24338,0.197194,0.794433,0.773872,28.0952
460,0.22599,0.0386,0.0328842,0.00701877,0.129051,240,0.24338,0.197194,5.99662,0.773872,28.0952
461,0.209394,0.0386,0.0553743,0.00701877,0.217312,240,0.24338,0.197194,3.56111,0.773872,28.0952
462,0.286059,0.0386,0.0154643,0.00701877,0.0606885,240,0.24338,0.197194,12.7516,0.773872,28.0952
463,0.34485,0.0386,0.0182189,0.00701877,0.0714987,240,0.24338,0.197194,10.8236,0.773872,28.0952
464,0.194508,0.0386,0.00740044,0.00701877,0.0290424,240,0.24338,0.197194,26.6463,0.773872,28.0952
465,0.489367,0.0386,0.00615719,0.00701877,0.0241634,240,0.24338,0.197194,32.0266,0.773872,28.0952
466,0.0819022,0.0386,0.037071,0.00701877,0.145482,240,0.24338,0.197194,5.31936,0.773872,28.0952
467,0.0436928,0.0386,0.0190154,0.00701877,0.0746244,240,0.24338,0.197194,10.3702,0.773872,28.0952
468,0.539819,0.0386,0.463734,0.00701877,1.81989,240,0.24338,0.197194,0.425231,0.773872,28.0952
469,0.0897221,0.0386,0.0204204,0.00701877,0.0801382,240,0.24338,0.197194,9.65672,0.773872,28.0952
470,0.133618,0.0386,0.0126132,0.00701877,0.0494996,240,0.24338,0.197194,15.6339,0.773872,28.0952
471,0.0821698,0.0386,0.0313087,0.00701877,0.122869,240,0.24338,0.197194,6.29837,0.773872,28.0952
472,0.278796,0.0386,0.0434833,0.00701877,0.170646,240,0.24338,0.197194,4.53494,0.773872,28.0952
473,0.455485,0.0386,0.0254464,0.00701877,0.0998622,240,0.24338,0.197194,7.7494,0.773872,28.0952
474,0.370204,0.0386,0.101082,0.00701877,0.396687,240,0.24338,0.197194,1.95084,0.773872,28.0952
475,0.232147,0.0386,0.046526,0.00701877,0.182587,240,0.24338,0.197194,4.23837,0.773872,28.0952
476,0.345194,0.0386,0.0275146,0.00701877,0.107979,240,0.24338,0.197194,7.16689,0.773872,28.0952
477,0.167716,0.0386,0.0130047,0.00701877,0.0510358,240,0.24338,0.197194,15.1633,0.773872,28.0952
478,0.25435,0.0386,0.0173197,0.00701877,0.0679696,240,0.24338,0.197194,11.3856,0.773872,28.0952
479,0.426417,0.0386,0.00546568,0.00701877,0.0214496,240,0.24338,0.197194,36.0786,0.773872,28.0952
480,0.362808,0.0386,0.023687,0.00701877,0.0929576,240,0.24338,0.197194,8.32501,0.773872,28.0952
481,0.123356,0.0386,0.0577924,0.00701877,0.226802,240,0.24338,0.197194,3.41211,0.773872,28.0952
482,0.269832,0.0386,0.237195,0.00701877,0.930852,240,0.24338,0.197194,0.831359,0.773872,28.0952
483,0.17702,0.0386,0.0304523,0.00701877,0.119508,240,0.24338,0.197194,6.4755,0.773872,28.0952
484,0.107896,0.0386,0.0554138,0.00701877,0.217467,240,0.24338,0.197194,3.55858,0.773872,28.0952
485,0.191773,0.0386,0.0388476,0.00701877,0.152454,240,0.24338,0.197194,5.0761,0.773872,28.0952
486,0.167625,0.0386,0.0268046,0.00701877,0.105192,240,0.24338,0.197194,7.35673,0.773872,28.0952
487,0.194532,0.0386,0.0135392,0.00701877,0.0531336,240,0.24338,0.197194,14.5647,0.773872,28.0952
488,0.16902,0.0386,0.0414448,0.00701877,0.162647,240,0.24338,0.197194,4.75799,0.773872,28.0952
489,0.202794,0.0386,0.0184289,0.00701877,0.0723226,240,0.24338,0.197194,10.7003,0.773872,28.0952
490,0.215337,0.0386,0.0995011,0.00701877,0.390484,240,0.24338,0.197194,1.98183,0.773872,28.0952
491,0.33426,0.0386,0.0296294,0.00701877,0.116278,240,0.24338,0.197194,6.65535,0.773872,28.0952
492,0.501893,0.0386,0.0385497,0.00701877,0.151285,240,0.24338,0.197194,5.11532,0.773872,28.0952
493,0.677949,0.0386,0.122663,0.00701877,0.481381,240,0.24338,0.197194,1.60761,0.773872,28.0952
494,0.232747,0.0386,0.0471539,0.00701877,0.185052,240,0.24338,0.197194,4.18192,0.773872,28.0952
495,0.14867,0.0386,0.0520223,0.00701877,0.204157,240,0.24338,0.197194,3.79057,0.773872,28.0952
496,0.449184,0.0386,0.18161,0.00701877,0.712715,240,0.24338,0.197194,1.08581,0.773872,28.0952
497,0.656582,0.0386,0.0124513,0.00701877,0.0488643,240,0.24338,0.197194,15.8372,0.773872,28.0952
498,0.256586,0.0386,0.0998438,0.00701877,0.391829,240,0.24338,0.197194,1.97503,0.773872,28.0952
499,0.305474,0.0386,0.024139,0.00701877,0.0947316,240,0.24338,0.197194,8.16911,0.773872,28.0952
