-0,0
8.39287e-13,1
5.08653e-09,2
4.24847e-07,3
6.25224e-06,4
3.60157e-05,5
0.000115835,6
0.000251367,7
0.000412166,8
0.000549431,9
0.000625846,10
0.000630955,11
0.000577548,12
0.0134059,13
0.0588318,14
0.108334,15
0.144869,16
0.169134,17
0.183966,18
0.191708,19
0.194056,20
0.192195,21
0.186961,22
0.17897,23
0.168707,24
0.237625,25
0.275217,26
0.292999,27
0.300999,28
0.304583,29
0.306017,30
0.306198,31
0.305439,32
0.303782,33
0.30111,34
0.297203,35
0.291777,36
0.308454,37
0.313089,38
0.314631,39
0.315232,40
0.31547,41
0.315527,42
0.31546,43
0.315278,44
0.314959,45
0.314455,46
0.313684,47
0.312517,48
0.315261,49
0.316002,50
0.316262,51
0.316365,52
0.316403,53
0.316403,54
0.316373,55
0.316313,56
0.316213,57
0.316056,58
0.315816,59
0.315447,60
0.316228,61
0.316454,62
0.316537,63
0.31657,64
0.316581,65
0.316578,66
0.316562,67
0.316534,68
0.316487,69
0.316416,70
0.316305,71
0.316135,72
0.315873,73
0.315466,74
0.314831,75
0.313842,76
0.312306,77
0.309949,78
0.306402,79
0.301223,80
0.293972,81
0.284332,82
0.272227,83
0.257858,84
0.241625,85
0.224,86
0.205423,87
0.186257,88
0.166789,89
0.147255,90
0.127872,91
0.108873,92
0.09054,93
0.073223,94
0.0573396,95
0.0433274,96
0.0315467,97
0.0221654,98
0.0150951,99
0.0100272,100
0.00654086,101
0.00421528,102
0.00269669,103
0.00171855,104
0.00109363,105
0.000696085,106
0.000443611,107
0.00028327,108
0.000181328,109
0.000116394,110
7.4938e-05,111
4.83999e-05,112
3.13626e-05,113
2.03915e-05,114
1.33041e-05,115
8.71079e-06,116
5.72384e-06,117
3.77485e-06,118
2.49872e-06,119
1.6602e-06,120
1.10726e-06,121
7.41315e-07,122
4.98238e-07,123
3.36178e-07,124
2.27727e-07,125
1.54878e-07,126
1.05756e-07,127
7.25066e-08,128
4.99134e-08,129
3.45013e-08,130
2.39466e-08,131
1.66897e-08,132
1.16805e-08,133
8.20891e-09,134
5.79336e-09,135
4.10583e-09,136
2.92214e-09,137
2.0885e-09,138
1.499e-09,139
1.08045e-09,140
7.82069e-10,141
5.68486e-10,142
4.14981e-10,143
3.04205e-10,144
2.23939e-10,145
1.65545e-10,146
1.2289e-10,147
9.16062e-11,148
6.85699e-11,149
5.15387e-11,150
3.88968e-11,151
2.94757e-11,152
2.24272e-11,153
1.71329e-11,154
1.31407e-11,155
1.01187e-11,156
7.82229e-12,157
6.0706e-12,158
4.72933e-12,159
3.69847e-12,160
2.90322e-12,161
2.28748e-12,162
1.80897e-12,163
1.43577e-12,164
1.14366e-12,165
9.14218e-13,166
7.33362e-13,167
5.90315e-13,168
4.76785e-13,169
3.86376e-13,170
3.14147e-13,171
2.56249e-13,172
2.09684e-13,173
1.72122e-13,174
1.41725e-13,175
1.1705e-13,176
9.69595e-14,177
8.05513e-14,178
6.71084e-14,179
5.60709e-14,180
4.69763e-14,181
3.94592e-14,182
3.32373e-14,183
2.80701e-14,184
2.37634e-14,185
2.01691e-14,186
1.71576e-14,187
1.46318e-14,188
1.25085e-14,189
1.07137e-14,190
9.20097e-15,191
7.91496e-15,192
6.82787e-15,193
5.89806e-15,194
5.10703e-15,195
4.43164e-15,196
3.8534e-15,197
3.3538e-15,198
2.92821e-15,199
2.55814e-15,200
2.23895e-15,201
1.96602e-15,202
1.72547e-15,203
1.5173e-15,204
1.33689e-15,205
1.17961e-15,206
1.04546e-15,207
9.25186e-16,208
8.18789e-16,209
7.26271e-16,210
6.4763e-16,211
5.73615e-16,212
5.13478e-16,213
4.57967e-16,214
4.07082e-16,215
3.65448e-16,216
3.28441e-16,217
2.91434e-16,218
2.63678e-16,219
2.35922e-16,220
2.12793e-16,221
1.89663e-16,222
1.71159e-16,223
1.57282e-16,224
1.38778e-16,225
1.249e-16,226
1.15648e-16,227
1.0177e-16,228
9.25186e-17,229
8.32667e-17,230
7.86408e-17,231
6.93889e-17,232
6.4763e-17,233
5.55112e-17,234
5.08852e-17,235
4.62593e-17,236
4.16334e-17,237
4.16334e-17,238
3.70074e-17,239
3.23815e-17,240
2.77556e-17,241
2.77556e-17,242
2.31296e-17,243
2.31296e-17,244
1.85037e-17,245
1.85037e-17,246
1.85037e-17,247
1.38778e-17,248
1.38778e-17,249
1.38778e-17,250
1.38778e-17,251
9.25186e-18,252
9.25186e-18,253
9.25186e-18,254
9.25186e-18,255
9.25186e-18,256
9.25186e-18,257
4.62593e-18,258
4.62593e-18,259
4.62593e-18,260
4.62593e-18,261
4.62593e-18,262
4.62593e-18,263
4.62593e-18,264
4.62593e-18,265
4.62593e-18,266
4.62593e-18,267
4.62593e-18,268
4.62593e-18,269
4.62593e-18,270
-0,271
-0,272
-0,273
-0,274
-0,275
-0,276
-0,277
-0,278
-0,279
-0,280
-0,281
-0,282
-0,283
-0,284
-0,285
-0,286
-0,287
-0,288
-0,289
-0,290
-0,291
-0,292
-0,293
-0,294
-0,295
-0,296
-0,297
-0,298
-0,299
-0,300
-0,301
-0,302
-0,303
-0,304
-0,305
-0,306
-0,307
-0,308
-0,309
-0,310
-0,311
-0,312
-0,313
-0,314
-0,315
-0,316
-0,317
-0,318
-0,319
-0,320
-0,321
-0,322
-0,323
-0,324
-0,325
-0,326
-0,327
-0,328
-0,329
-0,330
-0,331
-0,332
-0,333
-0,334
-0,335
-0,336
-0,337
-0,338
-0,339
-0,340
-0,341
-0,342
-0,343
-0,344
-0,345
-0,346
-0,347
-0,348
-0,349
-0,350
-0,351
-0,352
-0,353
-0,354
-0,355
-0,356
-0,357
-0,358
-0,359
-0,360
-0,361
-0,362
-0,363
-0,364
-0,365
-0,366
-0,367
-0,368
-0,369
-0,370
-0,371
-0,372
-0,373
-0,374
-0,375
-0,376
-0,377
-0,378
-0,379
-0,380
-0,381
-0,382
-0,383
-0,384
-0,385
-0,386
-0,387
-0,388
-0,389
-0,390
-0,391
-0,392
-0,393
-0,394
-0,395
-0,396
-0,397
-0,398
-0,399
-0,400
-0,401
-0,402
-0,403
-0,404
-0,405
-0,406
-0,407
-0,408
-0,409
-0,410
-0,411
-0,412
-0,413
-0,414
-0,415
-0,416
-0,417
-0,418
-0,419
-0,420
-0,421
-0,422
-0,423
-0,424
-0,425
-0,426
-0,427
-0,428
-0,429
-0,430
-0,431
-0,432
-0,433
-0,434
-0,435
-0,436
-0,437
-0,438
-0,439
-0,440
-0,441
-0,442
-0,443
-0,444
-0,445
-0,446
-0,447
-0,448
-0,449
-0,450
-0,451
-0,452
-0,453
-0,454
-0,455
-0,456
-0,457
-0,458
-0,459
-0,460
-0,461
-0,462
-0,463
-0,464
-0,465
-0,466
-0,467
-0,468
-0,469
-0,470
-0,471
-0,472
-0,473
-0,474
-0,475
-0,476
-0,477
-0,478
-0,479
-0,480
-0,481
-0,482
-0,483
-0,484
-0,485
-0,486
-0,487
-0,488
-0,489
-0,490
-0,491
-0,492
-0,493
-0,494
-0,495
-0,496
-0,497
-0,498
-0,499
-0,500
-0,501
-0,502
-0,503
-0,504
-0,505
-0,506
-0,507
-0,508
-0,509
-0,510
-0,511
-0,512
-0,513
-0,514
-0,515
-0,516
-0,517
-0,518
-0,519
-0,520
-0,521
-0,522
-0,523
-0,524
-0,525
-0,526
-0,527
-0,528
-0,529
-0,530
-0,531
-0,532
-0,533
-0,534
-0,535
-0,536
-0,537
-0,538
-0,539
-0,540
-0,541
-0,542
-0,543
-0,544
-0,545
-0,546
-0,547
-0,548
-0,549
-0,550
-0,551
-0,552
-0,553
-0,554
-0,555
-0,556
-0,557
-0,558
-0,559
-0,560
-0,561
-0,562
-0,563
-0,564
-0,565
-0,566
-0,567
-0,568
-0,569
-0,570
-0,571
-0,572
-0,573
-0,574
-0,575
-0,576
-0,577
-0,578
-0,579
-0,580
-0,581
-0,582
-0,583
-0,584
-0,585
-0,586
-0,587
-0,588
-0,589
-0,590
-0,591
-0,592
-0,593
-0,594
-0,595
-0,596
-0,597
-0,598
-0,599
-0,600
-0,601
-0,602
-0,603
-0,604
-0,605
-0,606
-0,607
-0,608
-0,609
-0,610
-0,611
-0,612
-0,613
-0,614
-0,615
-0,616
-0,617
-0,618
-0,619
-0,620
-0,621
-0,622
-0,623
-0,624
-0,625
-0,626
-0,627
-0,628
-0,629
-0,630
-0,631
-0,632
-0,633
-0,634
-0,635
-0,636
-0,637
-0,638
-0,639
-0,640
-0,641
-0,642
-0,643
-0,644
-0,645
-0,646
-0,647
-0,648
-0,649
-0,650
-0,651
-0,652
-0,653
-0,654
-0,655
-0,656
-0,657
-0,658
-0,659
-0,660
-0,661
-0,662
-0,663
-0,664
-0,665
-0,666
-0,667
-0,668
-0,669
-0,670
-0,671
-0,672
