PID,i_lum_F1_indiv,i_lum_k12(KA),i_lum_k23(Q/V),i_lum_k32(Q/VP),i_lum_k20(CL/V),total_mg_dose_per_occassion,DS,Q,V,CL,VP
0,0.148875,0.0386,0.00977815,0.00558183,0.0383736,480,0.286776,0.392057,40.0952,1.53859,70.2381
1,0.544703,0.0386,0.0212169,0.00558183,0.083264,480,0.286776,0.392057,18.4785,1.53859,70.2381
2,0.138324,0.0386,0.047323,0.00558183,0.185715,480,0.286776,0.392057,8.2847,1.53859,70.2381
3,0.119099,0.0386,0.067572,0.00558183,0.265181,480,0.286776,0.392057,5.80206,1.53859,70.2381
4,0.401151,0.0386,0.00423839,0.00558183,0.0166332,480,0.286776,0.392057,92.5013,1.53859,70.2381
5,0.552773,0.0386,0.0130652,0.00558183,0.0512733,480,0.286776,0.392057,30.0077,1.53859,70.2381
6,0.404438,0.0386,0.01289,0.00558183,0.0505856,480,0.286776,0.392057,30.4157,1.53859,70.2381
7,0.27464,0.0386,0.0662757,0.00558183,0.260094,480,0.286776,0.392057,5.91554,1.53859,70.2381
8,0.310351,0.0386,0.0109287,0.00558183,0.0428887,480,0.286776,0.392057,35.8741,1.53859,70.2381
9,0.200156,0.0386,0.00971632,0.00558183,0.0381309,480,0.286776,0.392057,40.3504,1.53859,70.2381
10,0.492523,0.0386,0.111073,0.00558183,0.435896,480,0.286776,0.392057,3.52973,1.53859,70.2381
11,0.319615,0.0386,0.0261627,0.00558183,0.102673,480,0.286776,0.392057,14.9853,1.53859,70.2381
12,0.0735332,0.0386,0.00854725,0.00558183,0.033543,480,0.286776,0.392057,45.8693,1.53859,70.2381
13,0.426304,0.0386,0.00915437,0.00558183,0.0359256,480,0.286776,0.392057,42.8273,1.53859,70.2381
14,0.554636,0.0386,0.018551,0.00558183,0.0728018,480,0.286776,0.392057,21.134,1.53859,70.2381
15,0.0907486,0.0386,0.0200745,0.00558183,0.0787808,480,0.286776,0.392057,19.5301,1.53859,70.2381
16,0.34457,0.0386,0.0349753,0.00558183,0.137258,480,0.286776,0.392057,11.2095,1.53859,70.2381
17,0.498487,0.0386,0.0159025,0.00558183,0.062408,480,0.286776,0.392057,24.6538,1.53859,70.2381
18,0.106762,0.0386,0.00360707,0.00558183,0.0141556,480,0.286776,0.392057,108.691,1.53859,70.2381
19,0.362454,0.0386,0.00549215,0.00558183,0.0215535,480,0.286776,0.392057,71.385,1.53859,70.2381
20,0.251906,0.0386,0.0294848,0.00558183,0.115711,480,0.286776,0.392057,13.2969,1.53859,70.2381
21,0.258752,0.0386,0.406843,0.00558183,1.59662,480,0.286776,0.392057,0.963657,1.53859,70.2381
22,0.315162,0.0386,0.113673,0.00558183,0.446099,480,0.286776,0.392057,3.449,1.53859,70.2381
23,0.329647,0.0386,0.0175274,0.00558183,0.068785,480,0.286776,0.392057,22.3682,1.53859,70.2381
24,0.28795,0.0386,0.0128997,0.00558183,0.0506238,480,0.286776,0.392057,30.3927,1.53859,70.2381
25,0.248857,0.0386,0.0090407,0.00558183,0.0354795,480,0.286776,0.392057,43.3658,1.53859,70.2381
26,0.285411,0.0386,0.281194,0.00558183,1.10352,480,0.286776,0.392057,1.39426,1.53859,70.2381
27,0.500139,0.0386,0.0353947,0.00558183,0.138904,480,0.286776,0.392057,11.0767,1.53859,70.2381
28,0.657764,0.0386,0.00602481,0.00558183,0.0236439,480,0.286776,0.392057,65.0737,1.53859,70.2381
29,0.15428,0.0386,0.0187409,0.00558183,0.0735471,480,0.286776,0.392057,20.9199,1.53859,70.2381
30,0.233728,0.0386,0.00635677,0.00558183,0.0249466,480,0.286776,0.392057,61.6755,1.53859,70.2381
31,0.183057,0.0386,0.0175329,0.00558183,0.0688064,480,0.286776,0.392057,22.3612,1.53859,70.2381
32,0.350923,0.0386,0.00931939,0.00558183,0.0365732,480,0.286776,0.392057,42.0689,1.53859,70.2381
33,0.322307,0.0386,0.0539162,0.00558183,0.21159,480,0.286776,0.392057,7.27159,1.53859,70.2381
34,0.859024,0.0386,0.010208,0.00558183,0.0400603,480,0.286776,0.392057,38.407,1.53859,70.2381
35,0.178434,0.0386,0.114532,0.00558183,0.449472,480,0.286776,0.392057,3.42312,1.53859,70.2381
36,0.483843,0.0386,0.0739609,0.00558183,0.290254,480,0.286776,0.392057,5.30086,1.53859,70.2381
37,0.646295,0.0386,0.0201227,0.00558183,0.07897,480,0.286776,0.392057,19.4833,1.53859,70.2381
38,0.228327,0.0386,0.0750524,0.00558183,0.294537,480,0.286776,0.392057,5.22377,1.53859,70.2381
39,0.379045,0.0386,0.0449527,0.00558183,0.176413,480,0.286776,0.392057,8.72154,1.53859,70.2381
40,0.509175,0.0386,0.0078361,0.00558183,0.0307522,480,0.286776,0.392057,50.0321,1.53859,70.2381
41,0.980547,0.0386,0.042891,0.00558183,0.168322,480,0.286776,0.392057,9.14077,1.53859,70.2381
42,0.165812,0.0386,0.0291167,0.00558183,0.114266,480,0.286776,0.392057,13.465,1.53859,70.2381
43,0.357915,0.0386,0.069047,0.00558183,0.270969,480,0.286776,0.392057,5.67811,1.53859,70.2381
44,0.426882,0.0386,0.00232538,0.00558183,0.00912575,480,0.286776,0.392057,168.599,1.53859,70.2381
45,0.23447,0.0386,0.061474,0.00558183,0.24125,480,0.286776,0.392057,6.3776,1.53859,70.2381
46,0.451573,0.0386,0.01892,0.00558183,0.0742501,480,0.286776,0.392057,20.7218,1.53859,70.2381
47,0.215154,0.0386,0.00994986,0.00558183,0.0390474,480,0.286776,0.392057,39.4033,1.53859,70.2381
48,0.574035,0.0386,0.0293799,0.00558183,0.115299,480,0.286776,0.392057,13.3444,1.53859,70.2381
49,0.36894,0.0386,0.0155797,0.00558183,0.0611411,480,0.286776,0.392057,25.1647,1.53859,70.2381
50,0.105152,0.0386,0.0206115,0.00558183,0.0808883,480,0.286776,0.392057,19.0212,1.53859,70.2381
51,0.816595,0.0386,0.016841,0.00558183,0.066091,480,0.286776,0.392057,23.2799,1.53859,70.2381
52,0.190313,0.0386,0.0281058,0.00558183,0.110299,480,0.286776,0.392057,13.9493,1.53859,70.2381
53,0.137964,0.0386,0.123397,0.00558183,0.484261,480,0.286776,0.392057,3.1772,1.53859,70.2381
54,0.247657,0.0386,0.476878,0.00558183,1.87147,480,0.286776,0.392057,0.822132,1.53859,70.2381
55,0.258322,0.0386,0.106839,0.00558183,0.419281,480,0.286776,0.392057,3.6696,1.53859,70.2381
56,0.141165,0.0386,0.169426,0.00558183,0.664899,480,0.286776,0.392057,2.31403,1.53859,70.2381
57,0.246665,0.0386,0.0661854,0.00558183,0.259739,480,0.286776,0.392057,5.92361,1.53859,70.2381
58,0.22782,0.0386,0.619983,0.00558183,2.43307,480,0.286776,0.392057,0.632367,1.53859,70.2381
59,0.200404,0.0386,0.0100705,0.00558183,0.0395209,480,0.286776,0.392057,38.9312,1.53859,70.2381
60,0.254606,0.0386,0.0393077,0.00558183,0.15426,480,0.286776,0.392057,9.97405,1.53859,70.2381
61,0.382401,0.0386,0.0228081,0.00558183,0.0895087,480,0.286776,0.392057,17.1893,1.53859,70.2381
62,0.425908,0.0386,0.0424348,0.00558183,0.166532,480,0.286776,0.392057,9.23904,1.53859,70.2381
63,0.117351,0.0386,0.0180694,0.00558183,0.0709118,480,0.286776,0.392057,21.6973,1.53859,70.2381
64,0.4271,0.0386,0.0110531,0.00558183,0.0433769,480,0.286776,0.392057,35.4704,1.53859,70.2381
65,0.18064,0.0386,0.0106421,0.00558183,0.041764,480,0.286776,0.392057,36.8402,1.53859,70.2381
66,0.413524,0.0386,0.0320251,0.00558183,0.12568,480,0.286776,0.392057,12.2422,1.53859,70.2381
67,0.133528,0.0386,0.104013,0.00558183,0.408191,480,0.286776,0.392057,3.7693,1.53859,70.2381
68,0.227115,0.0386,0.213128,0.00558183,0.836402,480,0.286776,0.392057,1.83954,1.53859,70.2381
69,0.201694,0.0386,0.0140487,0.00558183,0.0551328,480,0.286776,0.392057,27.9071,1.53859,70.2381
70,0.184899,0.0386,0.0767032,0.00558183,0.301016,480,0.286776,0.392057,5.11135,1.53859,70.2381
71,0.15829,0.0386,0.0141111,0.00558183,0.0553779,480,0.286776,0.392057,27.7835,1.53859,70.2381
72,0.306639,0.0386,0.0600819,0.00558183,0.235786,480,0.286776,0.392057,6.52538,1.53859,70.2381
73,0.0560478,0.0386,0.22964,0.00558183,0.901203,480,0.286776,0.392057,1.70727,1.53859,70.2381
74,0.610766,0.0386,0.103132,0.00558183,0.404732,480,0.286776,0.392057,3.80152,1.53859,70.2381
75,0.459615,0.0386,0.003776,0.00558183,0.0148186,480,0.286776,0.392057,103.829,1.53859,70.2381
76,0.0395236,0.0386,0.0186858,0.00558183,0.0733309,480,0.286776,0.392057,20.9815,1.53859,70.2381
77,0.356281,0.0386,0.0165523,0.00558183,0.0649581,480,0.286776,0.392057,23.6859,1.53859,70.2381
78,0.134869,0.0386,0.0559333,0.00558183,0.219506,480,0.286776,0.392057,7.00936,1.53859,70.2381
79,0.0848269,0.0386,0.0986045,0.00558183,0.386965,480,0.286776,0.392057,3.97606,1.53859,70.2381
80,0.471456,0.0386,0.064366,0.00558183,0.252599,480,0.286776,0.392057,6.09105,1.53859,70.2381
81,0.21621,0.0386,0.0589588,0.00558183,0.231379,480,0.286776,0.392057,6.64968,1.53859,70.2381
82,0.162321,0.0386,0.0098032,0.00558183,0.0384719,480,0.286776,0.392057,39.9927,1.53859,70.2381
83,0.284949,0.0386,0.0326863,0.00558183,0.128275,480,0.286776,0.392057,11.9945,1.53859,70.2381
84,0.179081,0.0386,0.0108228,0.00558183,0.0424733,480,0.286776,0.392057,36.225,1.53859,70.2381
85,0.0383456,0.0386,0.170848,0.00558183,0.670478,480,0.286776,0.392057,2.29477,1.53859,70.2381
86,0.136638,0.0386,0.0248009,0.00558183,0.097329,480,0.286776,0.392057,15.8082,1.53859,70.2381
87,0.207507,0.0386,0.0118975,0.00558183,0.0466909,480,0.286776,0.392057,32.9528,1.53859,70.2381
88,0.429226,0.0386,0.0269051,0.00558183,0.105587,480,0.286776,0.392057,14.5718,1.53859,70.2381
89,0.347977,0.0386,0.0356156,0.00558183,0.139771,480,0.286776,0.392057,11.008,1.53859,70.2381
90,0.327429,0.0386,0.0256972,0.00558183,0.100846,480,0.286776,0.392057,15.2568,1.53859,70.2381
91,0.369286,0.0386,0.0672135,0.00558183,0.263774,480,0.286776,0.392057,5.83301,1.53859,70.2381
92,0.176641,0.0386,0.133098,0.00558183,0.522332,480,0.286776,0.392057,2.94563,1.53859,70.2381
93,0.362699,0.0386,0.0813893,0.00558183,0.319406,480,0.286776,0.392057,4.81706,1.53859,70.2381
94,0.533589,0.0386,0.0173513,0.00558183,0.0680938,480,0.286776,0.392057,22.5952,1.53859,70.2381
95,0.012114,0.0386,0.0896709,0.00558183,0.351906,480,0.286776,0.392057,4.37218,1.53859,70.2381
96,0.508664,0.0386,0.0378982,0.00558183,0.148729,480,0.286776,0.392057,10.345,1.53859,70.2381
97,0.30022,0.0386,0.350244,0.00558183,1.3745,480,0.286776,0.392057,1.11938,1.53859,70.2381
98,0.107767,0.0386,0.0142707,0.00558183,0.0560043,480,0.286776,0.392057,27.4728,1.53859,70.2381
99,0.400238,0.0386,0.0224016,0.00558183,0.0879134,480,0.286776,0.392057,17.5013,1.53859,70.2381
100,0.358671,0.0386,0.0507463,0.00558183,0.19915,480,0.286776,0.392057,7.72582,1.53859,70.2381
101,0.131355,0.0386,0.002695,0.00558183,0.0105763,480,0.286776,0.392057,145.475,1.53859,70.2381
102,0.159274,0.0386,0.0785678,0.00558183,0.308333,480,0.286776,0.392057,4.99005,1.53859,70.2381
103,0.401813,0.0386,0.00786272,0.00558183,0.0308566,480,0.286776,0.392057,49.8628,1.53859,70.2381
104,0.307337,0.0386,0.0518159,0.00558183,0.203347,480,0.286776,0.392057,7.56634,1.53859,70.2381
105,0.169456,0.0386,0.0262797,0.00558183,0.103132,480,0.286776,0.392057,14.9186,1.53859,70.2381
106,0.553798,0.0386,0.0255048,0.00558183,0.100091,480,0.286776,0.392057,15.3719,1.53859,70.2381
107,0.360593,0.0386,0.0163956,0.00558183,0.0643431,480,0.286776,0.392057,23.9123,1.53859,70.2381
108,0.367171,0.0386,0.0382371,0.00558183,0.150058,480,0.286776,0.392057,10.2533,1.53859,70.2381
109,0.387508,0.0386,0.0404869,0.00558183,0.158888,480,0.286776,0.392057,9.68355,1.53859,70.2381
110,0.0869962,0.0386,0.0705901,0.00558183,0.277025,480,0.286776,0.392057,5.55399,1.53859,70.2381
111,0.17363,0.0386,0.0749057,0.00558183,0.293961,480,0.286776,0.392057,5.234,1.53859,70.2381
112,0.0847997,0.0386,0.268141,0.00558183,1.0523,480,0.286776,0.392057,1.46213,1.53859,70.2381
113,0.480502,0.0386,0.0219588,0.00558183,0.0861757,480,0.286776,0.392057,17.8542,1.53859,70.2381
114,0.699552,0.0386,0.112362,0.00558183,0.440957,480,0.286776,0.392057,3.48922,1.53859,70.2381
115,0.423649,0.0386,0.0191372,0.00558183,0.0751023,480,0.286776,0.392057,20.4867,1.53859,70.2381
116,0.216699,0.0386,0.0553056,0.00558183,0.217042,480,0.286776,0.392057,7.08891,1.53859,70.2381
117,0.409793,0.0386,0.0214269,0.00558183,0.0840881,480,0.286776,0.392057,18.2974,1.53859,70.2381
118,0.0619862,0.0386,0.0027044,0.00558183,0.0106132,480,0.286776,0.392057,144.97,1.53859,70.2381
119,0.23419,0.0386,0.0265838,0.00558183,0.104326,480,0.286776,0.392057,14.748,1.53859,70.2381
120,0.475115,0.0386,0.021787,0.00558183,0.0855013,480,0.286776,0.392057,17.995,1.53859,70.2381
121,0.343776,0.0386,0.00904882,0.00558183,0.0355114,480,0.286776,0.392057,43.3268,1.53859,70.2381
122,0.0423625,0.0386,0.00422697,0.00558183,0.0165884,480,0.286776,0.392057,92.7513,1.53859,70.2381
123,0.379623,0.0386,0.00969438,0.00558183,0.0380448,480,0.286776,0.392057,40.4416,1.53859,70.2381
124,0.165469,0.0386,0.0637419,0.00558183,0.25015,480,0.286776,0.392057,6.15069,1.53859,70.2381
125,0.819495,0.0386,0.00706195,0.00558183,0.027714,480,0.286776,0.392057,55.5168,1.53859,70.2381
126,0.0633613,0.0386,0.0806216,0.00558183,0.316393,480,0.286776,0.392057,4.86293,1.53859,70.2381
127,0.457598,0.0386,0.0426277,0.00558183,0.167289,480,0.286776,0.392057,9.19723,1.53859,70.2381
128,1.02941,0.0386,0.012351,0.00558183,0.0484704,480,0.286776,0.392057,31.743,1.53859,70.2381
129,0.154832,0.0386,0.175445,0.00558183,0.688519,480,0.286776,0.392057,2.23465,1.53859,70.2381
130,0.573957,0.0386,0.00922741,0.00558183,0.0362122,480,0.286776,0.392057,42.4883,1.53859,70.2381
131,0.135513,0.0386,0.232927,0.00558183,0.914104,480,0.286776,0.392057,1.68317,1.53859,70.2381
132,0.167337,0.0386,0.00517662,0.00558183,0.0203152,480,0.286776,0.392057,75.736,1.53859,70.2381
133,0.10933,0.0386,0.0426956,0.00558183,0.167556,480,0.286776,0.392057,9.18259,1.53859,70.2381
134,0.375106,0.0386,0.0331317,0.00558183,0.130023,480,0.286776,0.392057,11.8333,1.53859,70.2381
135,0.206556,0.0386,0.0042323,0.00558183,0.0166093,480,0.286776,0.392057,92.6345,1.53859,70.2381
136,0.429134,0.0386,0.030117,0.00558183,0.118192,480,0.286776,0.392057,13.0178,1.53859,70.2381
137,0.226198,0.0386,0.101232,0.00558183,0.397276,480,0.286776,0.392057,3.87287,1.53859,70.2381
138,0.13963,0.0386,0.0246737,0.00558183,0.0968298,480,0.286776,0.392057,15.8897,1.53859,70.2381
139,0.0351686,0.0386,0.0200862,0.00558183,0.0788265,480,0.286776,0.392057,19.5187,1.53859,70.2381
140,0.321379,0.0386,0.276395,0.00558183,1.08469,480,0.286776,0.392057,1.41846,1.53859,70.2381
141,0.41417,0.0386,0.0193755,0.00558183,0.0760374,480,0.286776,0.392057,20.2347,1.53859,70.2381
142,0.58933,0.0386,0.0180192,0.00558183,0.070715,480,0.286776,0.392057,21.7577,1.53859,70.2381
143,0.256591,0.0386,0.0160024,0.00558183,0.0628001,480,0.286776,0.392057,24.4999,1.53859,70.2381
144,0.601203,0.0386,0.0106749,0.00558183,0.0418929,480,0.286776,0.392057,36.7269,1.53859,70.2381
145,0.153096,0.0386,0.0950684,0.00558183,0.373088,480,0.286776,0.392057,4.12395,1.53859,70.2381
146,0.213267,0.0386,0.0166295,0.00558183,0.0652609,480,0.286776,0.392057,23.576,1.53859,70.2381
147,0.169928,0.0386,0.0174243,0.00558183,0.0683801,480,0.286776,0.392057,22.5006,1.53859,70.2381
148,0.328567,0.0386,0.0570111,0.00558183,0.223735,480,0.286776,0.392057,6.87686,1.53859,70.2381
149,0.301724,0.0386,0.0311808,0.00558183,0.122367,480,0.286776,0.392057,12.5736,1.53859,70.2381
150,0.110985,0.0386,0.0581461,0.00558183,0.22819,480,0.286776,0.392057,6.74261,1.53859,70.2381
151,0.289913,0.0386,0.0453162,0.00558183,0.17784,480,0.286776,0.392057,8.65158,1.53859,70.2381
152,0.465916,0.0386,0.0211351,0.00558183,0.0829431,480,0.286776,0.392057,18.55,1.53859,70.2381
153,0.447802,0.0386,0.0755779,0.00558183,0.296599,480,0.286776,0.392057,5.18745,1.53859,70.2381
154,0.0472728,0.0386,0.0234388,0.00558183,0.0919837,480,0.286776,0.392057,16.7268,1.53859,70.2381
155,0.137357,0.0386,0.0640811,0.00558183,0.251481,480,0.286776,0.392057,6.11813,1.53859,70.2381
156,0.0932827,0.0386,0.0819222,0.00558183,0.321497,480,0.286776,0.392057,4.78572,1.53859,70.2381
157,0.324401,0.0386,0.0115338,0.00558183,0.0452635,480,0.286776,0.392057,33.9919,1.53859,70.2381
158,0.572768,0.0386,0.0904289,0.00558183,0.354881,480,0.286776,0.392057,4.33553,1.53859,70.2381
159,0.0311058,0.0386,0.0513583,0.00558183,0.201552,480,0.286776,0.392057,7.63375,1.53859,70.2381
160,0.157228,0.0386,0.00374859,0.00558183,0.014711,480,0.286776,0.392057,104.588,1.53859,70.2381
161,0.173449,0.0386,0.0969406,0.00558183,0.380435,480,0.286776,0.392057,4.0443,1.53859,70.2381
162,0.238081,0.0386,0.172664,0.00558183,0.677607,480,0.286776,0.392057,2.27063,1.53859,70.2381
163,0.167173,0.0386,0.0465781,0.00558183,0.182792,480,0.286776,0.392057,8.4172,1.53859,70.2381
164,0.281344,0.0386,0.0214495,0.00558183,0.0841768,480,0.286776,0.392057,18.2781,1.53859,70.2381
165,0.24719,0.0386,0.0716672,0.00558183,0.281252,480,0.286776,0.392057,5.47052,1.53859,70.2381
166,0.50332,0.0386,0.00729338,0.00558183,0.0286223,480,0.286776,0.392057,53.7552,1.53859,70.2381
167,0.176368,0.0386,0.0118109,0.00558183,0.0463509,480,0.286776,0.392057,33.1945,1.53859,70.2381
168,0.266881,0.0386,0.0322326,0.00558183,0.126494,480,0.286776,0.392057,12.1634,1.53859,70.2381
169,0.167132,0.0386,0.012715,0.00558183,0.0498991,480,0.286776,0.392057,30.8342,1.53859,70.2381
170,0.449274,0.0386,0.278198,0.00558183,1.09177,480,0.286776,0.392057,1.40927,1.53859,70.2381
171,0.418235,0.0386,0.0121681,0.00558183,0.0477529,480,0.286776,0.392057,32.2199,1.53859,70.2381
172,0.509431,0.0386,0.0713281,0.00558183,0.279922,480,0.286776,0.392057,5.49652,1.53859,70.2381
173,0.758713,0.0386,0.0683493,0.00558183,0.268231,480,0.286776,0.392057,5.73608,1.53859,70.2381
174,0.0360807,0.0386,0.0207724,0.00558183,0.0815198,480,0.286776,0.392057,18.8739,1.53859,70.2381
175,0.394206,0.0386,0.0545014,0.00558183,0.213886,480,0.286776,0.392057,7.19352,1.53859,70.2381
176,0.369046,0.0386,0.0556339,0.00558183,0.218331,480,0.286776,0.392057,7.04708,1.53859,70.2381
177,0.415115,0.0386,0.00766423,0.00558183,0.0300776,480,0.286776,0.392057,51.1541,1.53859,70.2381
178,0.317199,0.0386,0.0547583,0.00558183,0.214894,480,0.286776,0.392057,7.15977,1.53859,70.2381
179,0.278348,0.0386,0.088628,0.00558183,0.347813,480,0.286776,0.392057,4.42362,1.53859,70.2381
180,0.220857,0.0386,0.137647,0.00558183,0.540183,480,0.286776,0.392057,2.84829,1.53859,70.2381
181,0.320616,0.0386,0.0135865,0.00558183,0.053319,480,0.286776,0.392057,28.8564,1.53859,70.2381
182,0.323017,0.0386,0.0329642,0.00558183,0.129366,480,0.286776,0.392057,11.8934,1.53859,70.2381
183,0.101168,0.0386,0.0522053,0.00558183,0.204875,480,0.286776,0.392057,7.5099,1.53859,70.2381
184,0.330347,0.0386,0.0380486,0.00558183,0.149319,480,0.286776,0.392057,10.3041,1.53859,70.2381
185,0.615623,0.0386,0.0064897,0.00558183,0.0254683,480,0.286776,0.392057,60.4122,1.53859,70.2381
186,0.414278,0.0386,0.0177033,0.00558183,0.0694752,480,0.286776,0.392057,22.146,1.53859,70.2381
187,0.345036,0.0386,0.0822179,0.00558183,0.322657,480,0.286776,0.392057,4.76851,1.53859,70.2381
188,0.0633011,0.0386,0.00264005,0.00558183,0.0103607,480,0.286776,0.392057,148.503,1.53859,70.2381
189,0.876065,0.0386,0.129167,0.00558183,0.506906,480,0.286776,0.392057,3.03527,1.53859,70.2381
190,0.302774,0.0386,0.0960813,0.00558183,0.377063,480,0.286776,0.392057,4.08047,1.53859,70.2381
191,0.429391,0.0386,0.0202377,0.00558183,0.0794212,480,0.286776,0.392057,19.3726,1.53859,70.2381
192,0.291137,0.0386,0.191875,0.00558183,0.752999,480,0.286776,0.392057,2.04329,1.53859,70.2381
193,0.188387,0.0386,0.0222728,0.00558183,0.0874078,480,0.286776,0.392057,17.6025,1.53859,70.2381
194,0.176858,0.0386,0.0207533,0.00558183,0.0814446,480,0.286776,0.392057,18.8913,1.53859,70.2381
195,0.222284,0.0386,0.067488,0.00558183,0.264851,480,0.286776,0.392057,5.80929,1.53859,70.2381
196,0.620992,0.0386,0.0144196,0.00558183,0.0565884,480,0.286776,0.392057,27.1892,1.53859,70.2381
197,0.516194,0.0386,0.0903703,0.00558183,0.354651,480,0.286776,0.392057,4.33834,1.53859,70.2381
198,0.196918,0.0386,0.0925008,0.00558183,0.363012,480,0.286776,0.392057,4.23842,1.53859,70.2381
199,0.344729,0.0386,0.046589,0.00558183,0.182835,480,0.286776,0.392057,8.41522,1.53859,70.2381
200,0.251705,0.0386,0.0283033,0.00558183,0.111074,480,0.286776,0.392057,13.852,1.53859,70.2381
201,0.4693,0.0386,0.0123099,0.00558183,0.0483091,480,0.286776,0.392057,31.8489,1.53859,70.2381
202,0.424612,0.0386,0.0738572,0.00558183,0.289846,480,0.286776,0.392057,5.30831,1.53859,70.2381
203,0.431469,0.0386,0.00875253,0.00558183,0.0343486,480,0.286776,0.392057,44.7935,1.53859,70.2381
204,0.270327,0.0386,0.00903844,0.00558183,0.0354706,480,0.286776,0.392057,43.3766,1.53859,70.2381
205,0.60895,0.0386,0.0245157,0.00558183,0.0962099,480,0.286776,0.392057,15.9921,1.53859,70.2381
206,0.123922,0.0386,0.0464584,0.00558183,0.182322,480,0.286776,0.392057,8.43887,1.53859,70.2381
207,1.05269,0.0386,0.0827232,0.00558183,0.324641,480,0.286776,0.392057,4.73938,1.53859,70.2381
208,0.232485,0.0386,0.0311382,0.00558183,0.122199,480,0.286776,0.392057,12.5909,1.53859,70.2381
209,0.112612,0.0386,0.0810123,0.00558183,0.317926,480,0.286776,0.392057,4.83947,1.53859,70.2381
210,0.506053,0.0386,0.0532363,0.00558183,0.208922,480,0.286776,0.392057,7.36446,1.53859,70.2381
211,0.518162,0.0386,0.0260197,0.00558183,0.102112,480,0.286776,0.392057,15.0677,1.53859,70.2381
212,0.2379,0.0386,0.0641183,0.00558183,0.251627,480,0.286776,0.392057,6.11458,1.53859,70.2381
213,0.385875,0.0386,0.0986535,0.00558183,0.387158,480,0.286776,0.392057,3.97408,1.53859,70.2381
214,0.246352,0.0386,0.00648881,0.00558183,0.0254648,480,0.286776,0.392057,60.4205,1.53859,70.2381
215,0.0433264,0.0386,0.00292033,0.00558183,0.0114606,480,0.286776,0.392057,134.251,1.53859,70.2381
216,0.321291,0.0386,0.0148349,0.00558183,0.0582184,480,0.286776,0.392057,26.428,1.53859,70.2381
217,0.433885,0.0386,0.0245554,0.00558183,0.0963655,480,0.286776,0.392057,15.9662,1.53859,70.2381
218,0.14082,0.0386,0.0660072,0.00558183,0.25904,480,0.286776,0.392057,5.9396,1.53859,70.2381
219,0.538609,0.0386,0.0243537,0.00558183,0.0955743,480,0.286776,0.392057,16.0984,1.53859,70.2381
220,0.202832,0.0386,0.0587327,0.00558183,0.230492,480,0.286776,0.392057,6.67527,1.53859,70.2381
221,0.891111,0.0386,0.0278188,0.00558183,0.109173,480,0.286776,0.392057,14.0932,1.53859,70.2381
222,0.232554,0.0386,0.0237144,0.00558183,0.093065,480,0.286776,0.392057,16.5325,1.53859,70.2381
223,0.350455,0.0386,0.0144393,0.00558183,0.0566659,480,0.286776,0.392057,27.152,1.53859,70.2381
224,0.126098,0.0386,0.0445085,0.00558183,0.17467,480,0.286776,0.392057,8.80859,1.53859,70.2381
225,0.434954,0.0386,0.0123661,0.00558183,0.0485296,480,0.286776,0.392057,31.7043,1.53859,70.2381
226,0.21558,0.0386,0.0231748,0.00558183,0.0909478,480,0.286776,0.392057,16.9173,1.53859,70.2381
227,0.184407,0.0386,0.0298771,0.00558183,0.11725,480,0.286776,0.392057,13.1223,1.53859,70.2381
228,0.203246,0.0386,0.0226169,0.00558183,0.0887583,480,0.286776,0.392057,17.3347,1.53859,70.2381
229,0.134989,0.0386,0.0567671,0.00558183,0.222778,480,0.286776,0.392057,6.90641,1.53859,70.2381
230,0.108061,0.0386,0.018908,0.00558183,0.0742029,480,0.286776,0.392057,20.735,1.53859,70.2381
231,0.0647249,0.0386,0.0419978,0.00558183,0.164817,480,0.286776,0.392057,9.33517,1.53859,70.2381
232,0.211522,0.0386,0.0224248,0.00558183,0.0880044,480,0.286776,0.392057,17.4832,1.53859,70.2381
233,0.0607129,0.0386,0.0271628,0.00558183,0.106598,480,0.286776,0.392057,14.4336,1.53859,70.2381
234,0.417983,0.0386,0.0307522,0.00558183,0.120685,480,0.286776,0.392057,12.7489,1.53859,70.2381
235,0.473382,0.0386,0.0234603,0.00558183,0.0920681,480,0.286776,0.392057,16.7115,1.53859,70.2381
236,0.197994,0.0386,0.0104202,0.00558183,0.040893,480,0.286776,0.392057,37.6249,1.53859,70.2381
237,0.0977346,0.0386,0.0088985,0.00558183,0.0349214,480,0.286776,0.392057,44.0587,1.53859,70.2381
238,0.314045,0.0386,0.0485593,0.00558183,0.190567,480,0.286776,0.392057,8.07377,1.53859,70.2381
239,0.500625,0.0386,0.0175927,0.00558183,0.0690412,480,0.286776,0.392057,22.2852,1.53859,70.2381
240,0.283462,0.0386,0.0415007,0.00558183,0.162866,480,0.286776,0.392057,9.447,1.53859,70.2381
241,0.255929,0.0386,0.0573633,0.00558183,0.225118,480,0.286776,0.392057,6.83462,1.53859,70.2381
242,0.0789523,0.0386,0.0176777,0.00558183,0.0693748,480,0.286776,0.392057,22.178,1.53859,70.2381
243,0.0741064,0.0386,0.0120474,0.00558183,0.047279,480,0.286776,0.392057,32.5429,1.53859,70.2381
244,0.258201,0.0386,0.0201387,0.00558183,0.0790327,480,0.286776,0.392057,19.4678,1.53859,70.2381
245,0.452654,0.0386,0.0180456,0.00558183,0.0708187,480,0.286776,0.392057,21.7258,1.53859,70.2381
246,0.284386,0.0386,0.0645308,0.00558183,0.253246,480,0.286776,0.392057,6.0755,1.53859,70.2381
247,0.35409,0.0386,0.0687408,0.00558183,0.269768,480,0.286776,0.392057,5.70341,1.53859,70.2381
248,0.315594,0.0386,0.0331336,0.00558183,0.13003,480,0.286776,0.392057,11.8326,1.53859,70.2381
249,0.827816,0.0386,0.0166988,0.00558183,0.0655329,480,0.286776,0.392057,23.4782,1.53859,70.2381
250,0.24743,0.0386,0.0563099,0.00558183,0.220983,480,0.286776,0.392057,6.96249,1.53859,70.2381
251,0.32757,0.0386,0.0216467,0.00558183,0.0849508,480,0.286776,0.392057,18.1116,1.53859,70.2381
252,0.337528,0.0386,0.238807,0.00558183,0.937178,480,0.286776,0.392057,1.64173,1.53859,70.2381
253,0.697111,0.0386,0.0549177,0.00558183,0.21552,480,0.286776,0.392057,7.13899,1.53859,70.2381
254,0.00688878,0.0386,0.0613175,0.00558183,0.240635,480,0.286776,0.392057,6.39388,1.53859,70.2381
255,0.273535,0.0386,0.00983589,0.00558183,0.0386001,480,0.286776,0.392057,39.8598,1.53859,70.2381
256,0.453168,0.0386,0.0220064,0.00558183,0.0863622,480,0.286776,0.392057,17.8156,1.53859,70.2381
257,0.279717,0.0386,0.0548525,0.00558183,0.215264,480,0.286776,0.392057,7.14748,1.53859,70.2381
258,0.329425,0.0386,0.14684,0.00558183,0.576262,480,0.286776,0.392057,2.66996,1.53859,70.2381
259,0.338249,0.0386,0.0339176,0.00558183,0.133107,480,0.286776,0.392057,11.5591,1.53859,70.2381
260,0.657978,0.0386,0.0273497,0.00558183,0.107332,480,0.286776,0.392057,14.3349,1.53859,70.2381
261,0.243132,0.0386,0.00675275,0.00558183,0.0265006,480,0.286776,0.392057,58.0588,1.53859,70.2381
262,0.241669,0.0386,0.0310534,0.00558183,0.121867,480,0.286776,0.392057,12.6252,1.53859,70.2381
263,0.274443,0.0386,0.0200177,0.00558183,0.0785577,480,0.286776,0.392057,19.5856,1.53859,70.2381
264,0.260436,0.0386,0.0854293,0.00558183,0.33526,480,0.286776,0.392057,4.58925,1.53859,70.2381
265,0.391974,0.0386,0.0191075,0.00558183,0.074986,480,0.286776,0.392057,20.5184,1.53859,70.2381
266,0.701234,0.0386,0.0490353,0.00558183,0.192435,480,0.286776,0.392057,7.9954,1.53859,70.2381
267,0.137037,0.0386,0.0204358,0.00558183,0.0801987,480,0.286776,0.392057,19.1848,1.53859,70.2381
268,0.549913,0.0386,0.0643682,0.00558183,0.252608,480,0.286776,0.392057,6.09085,1.53859,70.2381
269,0.267427,0.0386,0.0144588,0.00558183,0.0567424,480,0.286776,0.392057,27.1154,1.53859,70.2381
270,0.367727,0.0386,0.0113604,0.00558183,0.0445829,480,0.286776,0.392057,34.5108,1.53859,70.2381
271,0.256205,0.0386,0.00804014,0.00558183,0.0315529,480,0.286776,0.392057,48.7624,1.53859,70.2381
272,0.246282,0.0386,0.0332432,0.00558183,0.13046,480,0.286776,0.392057,11.7936,1.53859,70.2381
273,0.215575,0.0386,0.151781,0.00558183,0.595652,480,0.286776,0.392057,2.58304,1.53859,70.2381
274,0.0829969,0.0386,0.0322418,0.00558183,0.12653,480,0.286776,0.392057,12.1599,1.53859,70.2381
275,0.245629,0.0386,0.00347641,0.00558183,0.0136429,480,0.286776,0.392057,112.776,1.53859,70.2381
276,0.259338,0.0386,0.0172088,0.00558183,0.0675347,480,0.286776,0.392057,22.7823,1.53859,70.2381
277,0.469448,0.0386,0.067171,0.00558183,0.263607,480,0.286776,0.392057,5.83669,1.53859,70.2381
278,0.547713,0.0386,0.0487196,0.00558183,0.191196,480,0.286776,0.392057,8.0472,1.53859,70.2381
279,0.458924,0.0386,0.0433575,0.00558183,0.170153,480,0.286776,0.392057,9.04241,1.53859,70.2381
280,0.41768,0.0386,0.153883,0.00558183,0.603903,480,0.286776,0.392057,2.54775,1.53859,70.2381
281,0.190459,0.0386,0.0279342,0.00558183,0.109625,480,0.286776,0.392057,14.035,1.53859,70.2381
282,0.190869,0.0386,0.0806505,0.00558183,0.316506,480,0.286776,0.392057,4.86118,1.53859,70.2381
283,0.294951,0.0386,0.0285093,0.00558183,0.111882,480,0.286776,0.392057,13.7519,1.53859,70.2381
284,0.208786,0.0386,0.037561,0.00558183,0.147405,480,0.286776,0.392057,10.4379,1.53859,70.2381
285,1.23522,0.0386,0.0794626,0.00558183,0.311845,480,0.286776,0.392057,4.93385,1.53859,70.2381
286,0.769612,0.0386,0.0136977,0.00558183,0.0537554,480,0.286776,0.392057,28.6221,1.53859,70.2381
287,0.596289,0.0386,0.0106614,0.00558183,0.0418396,480,0.286776,0.392057,36.7736,1.53859,70.2381
288,0.0839407,0.0386,0.0270557,0.00558183,0.106178,480,0.286776,0.392057,14.4908,1.53859,70.2381
289,0.288058,0.0386,0.0117147,0.00558183,0.0459734,480,0.286776,0.392057,33.4671,1.53859,70.2381
290,0.422308,0.0386,0.0198891,0.00558183,0.0780532,480,0.286776,0.392057,19.7121,1.53859,70.2381
291,0.0672217,0.0386,0.12204,0.00558183,0.478934,480,0.286776,0.392057,3.21254,1.53859,70.2381
292,0.502978,0.0386,0.0285463,0.00558183,0.112028,480,0.286776,0.392057,13.734,1.53859,70.2381
293,0.278192,0.0386,0.045171,0.00558183,0.17727,480,0.286776,0.392057,8.67939,1.53859,70.2381
294,0.33709,0.0386,0.0248005,0.00558183,0.0973276,480,0.286776,0.392057,15.8084,1.53859,70.2381
295,0.153492,0.0386,0.0574435,0.00558183,0.225432,480,0.286776,0.392057,6.82508,1.53859,70.2381
296,0.121462,0.0386,0.304895,0.00558183,1.19654,480,0.286776,0.392057,1.28587,1.53859,70.2381
297,0.842596,0.0386,0.0139884,0.00558183,0.0548962,480,0.286776,0.392057,28.0273,1.53859,70.2381
298,0.180416,0.0386,0.186085,0.00558183,0.730274,480,0.286776,0.392057,2.10687,1.53859,70.2381
299,0.317609,0.0386,0.0598994,0.00558183,0.23507,480,0.286776,0.392057,6.54526,1.53859,70.2381
300,0.499166,0.0386,0.0157708,0.00558183,0.0618913,480,0.286776,0.392057,24.8596,1.53859,70.2381
301,0.274553,0.0386,0.0135039,0.00558183,0.052995,480,0.286776,0.392057,29.0328,1.53859,70.2381
302,0.0783376,0.0386,0.0132884,0.00558183,0.0521492,480,0.286776,0.392057,29.5037,1.53859,70.2381
303,0.306464,0.0386,0.0909624,0.00558183,0.356975,480,0.286776,0.392057,4.3101,1.53859,70.2381
304,0.613013,0.0386,0.00293188,0.00558183,0.0115059,480,0.286776,0.392057,133.722,1.53859,70.2381
305,0.567931,0.0386,0.0158099,0.00558183,0.0620446,480,0.286776,0.392057,24.7982,1.53859,70.2381
306,0.283916,0.0386,0.0342088,0.00558183,0.13425,480,0.286776,0.392057,11.4607,1.53859,70.2381
307,0.358376,0.0386,0.0972803,0.00558183,0.381769,480,0.286776,0.392057,4.03018,1.53859,70.2381
308,0.369784,0.0386,0.205954,0.00558183,0.808251,480,0.286776,0.392057,1.90361,1.53859,70.2381
309,0.668103,0.0386,0.0509295,0.00558183,0.199869,480,0.286776,0.392057,7.69802,1.53859,70.2381
310,0.473114,0.0386,0.00795498,0.00558183,0.0312187,480,0.286776,0.392057,49.2845,1.53859,70.2381
311,0.222938,0.0386,0.0285484,0.00558183,0.112036,480,0.286776,0.392057,13.7331,1.53859,70.2381
312,0.207403,0.0386,0.00152555,0.00558183,0.00598689,480,0.286776,0.392057,256.994,1.53859,70.2381
313,0.094728,0.0386,0.0283337,0.00558183,0.111193,480,0.286776,0.392057,13.8371,1.53859,70.2381
314,0.286482,0.0386,0.00102923,0.00558183,0.00403915,480,0.286776,0.392057,380.921,1.53859,70.2381
315,0.313722,0.0386,0.0299494,0.00558183,0.117534,480,0.286776,0.392057,13.0906,1.53859,70.2381
316,0.153916,0.0386,0.328662,0.00558183,1.28981,480,0.286776,0.392057,1.19289,1.53859,70.2381
317,0.395658,0.0386,0.0641202,0.00558183,0.251635,480,0.286776,0.392057,6.1144,1.53859,70.2381
318,0.257072,0.0386,0.0325515,0.00558183,0.127746,480,0.286776,0.392057,12.0442,1.53859,70.2381
319,0.328442,0.0386,0.0181115,0.00558183,0.0710773,480,0.286776,0.392057,21.6468,1.53859,70.2381
320,0.618334,0.0386,0.00346592,0.00558183,0.0136017,480,0.286776,0.392057,113.118,1.53859,70.2381
321,0.343891,0.0386,0.019956,0.00558183,0.0783158,480,0.286776,0.392057,19.646,1.53859,70.2381
322,0.397381,0.0386,0.586422,0.00558183,2.30136,480,0.286776,0.392057,0.668558,1.53859,70.2381
323,0.291329,0.0386,0.0274687,0.00558183,0.107799,480,0.286776,0.392057,14.2728,1.53859,70.2381
324,0.166384,0.0386,0.0310106,0.00558183,0.121698,480,0.286776,0.392057,12.6427,1.53859,70.2381
325,0.272841,0.0386,0.00480382,0.00558183,0.0188522,480,0.286776,0.392057,81.6135,1.53859,70.2381
326,0.252728,0.0386,0.0245862,0.00558183,0.0964866,480,0.286776,0.392057,15.9462,1.53859,70.2381
327,0.136432,0.0386,0.124001,0.00558183,0.486632,480,0.286776,0.392057,3.16172,1.53859,70.2381
328,0.151183,0.0386,0.00775046,0.00558183,0.030416,480,0.286776,0.392057,50.585,1.53859,70.2381
329,0.81444,0.0386,0.00428191,0.00558183,0.016804,480,0.286776,0.392057,91.5611,1.53859,70.2381
330,0.277965,0.0386,0.00872618,0.00558183,0.0342452,480,0.286776,0.392057,44.9288,1.53859,70.2381
331,0.147164,0.0386,0.0445793,0.00558183,0.174948,480,0.286776,0.392057,8.7946,1.53859,70.2381
332,0.433405,0.0386,0.159768,0.00558183,0.626996,480,0.286776,0.392057,2.45391,1.53859,70.2381
333,0.214538,0.0386,0.0228237,0.00558183,0.0895699,480,0.286776,0.392057,17.1776,1.53859,70.2381
334,0.536898,0.0386,0.128053,0.00558183,0.502532,480,0.286776,0.392057,3.06168,1.53859,70.2381
335,0.573884,0.0386,0.0746529,0.00558183,0.292969,480,0.286776,0.392057,5.25173,1.53859,70.2381
336,0.471117,0.0386,0.029508,0.00558183,0.115802,480,0.286776,0.392057,13.2864,1.53859,70.2381
337,0.0934794,0.0386,0.0476247,0.00558183,0.186899,480,0.286776,0.392057,8.23221,1.53859,70.2381
338,0.278362,0.0386,0.00977227,0.00558183,0.0383505,480,0.286776,0.392057,40.1193,1.53859,70.2381
339,0.396272,0.0386,0.00644202,0.00558183,0.0252812,480,0.286776,0.392057,60.8593,1.53859,70.2381
340,0.266091,0.0386,0.0529294,0.00558183,0.207717,480,0.286776,0.392057,7.40717,1.53859,70.2381
341,0.186745,0.0386,0.130573,0.00558183,0.512421,480,0.286776,0.392057,3.0026,1.53859,70.2381
342,0.131379,0.0386,0.0483652,0.00558183,0.189805,480,0.286776,0.392057,8.10617,1.53859,70.2381
343,0.212673,0.0386,0.0809155,0.00558183,0.317546,480,0.286776,0.392057,4.84526,1.53859,70.2381
344,0.30678,0.0386,0.00710837,0.00558183,0.0278962,480,0.286776,0.392057,55.1542,1.53859,70.2381
345,0.274207,0.0386,0.0263814,0.00558183,0.103532,480,0.286776,0.392057,14.8611,1.53859,70.2381
346,0.398264,0.0386,0.118514,0.00558183,0.465097,480,0.286776,0.392057,3.30812,1.53859,70.2381
347,1.02855,0.0386,0.147342,0.00558183,0.578233,480,0.286776,0.392057,2.66086,1.53859,70.2381
348,0.115411,0.0386,0.05088,0.00558183,0.199675,480,0.286776,0.392057,7.70551,1.53859,70.2381
349,0.332783,0.0386,0.0176622,0.00558183,0.0693139,480,0.286776,0.392057,22.1975,1.53859,70.2381
350,0.264172,0.0386,0.0148726,0.00558183,0.0583664,480,0.286776,0.392057,26.361,1.53859,70.2381
351,0.260199,0.0386,0.0951229,0.00558183,0.373302,480,0.286776,0.392057,4.12158,1.53859,70.2381
352,0.389089,0.0386,0.048476,0.00558183,0.19024,480,0.286776,0.392057,8.08764,1.53859,70.2381
353,0.49543,0.0386,0.153391,0.00558183,0.60197,480,0.286776,0.392057,2.55593,1.53859,70.2381
354,0.749662,0.0386,0.00563165,0.00558183,0.022101,480,0.286776,0.392057,69.6167,1.53859,70.2381
355,0.138767,0.0386,0.0152658,0.00558183,0.0599095,480,0.286776,0.392057,25.682,1.53859,70.2381
356,0.0704457,0.0386,0.00490904,0.00558183,0.0192651,480,0.286776,0.392057,79.8642,1.53859,70.2381
357,0.479799,0.0386,0.0163753,0.00558183,0.0642634,480,0.286776,0.392057,23.942,1.53859,70.2381
358,0.206401,0.0386,0.0137766,0.00558183,0.0540653,480,0.286776,0.392057,28.4581,1.53859,70.2381
359,0.147891,0.0386,0.116244,0.00558183,0.45619,480,0.286776,0.392057,3.3727,1.53859,70.2381
360,0.472821,0.0386,0.0174403,0.00558183,0.068443,480,0.286776,0.392057,22.4799,1.53859,70.2381
361,0.314378,0.0386,0.0257998,0.00558183,0.101249,480,0.286776,0.392057,15.1961,1.53859,70.2381
362,0.0907352,0.0386,0.0422971,0.00558183,0.165992,480,0.286776,0.392057,9.26912,1.53859,70.2381
363,0.687502,0.0386,0.0559657,0.00558183,0.219633,480,0.286776,0.392057,7.00531,1.53859,70.2381
364,0.698639,0.0386,0.17473,0.00558183,0.685713,480,0.286776,0.392057,2.24379,1.53859,70.2381
365,0.127294,0.0386,0.0162819,0.00558183,0.0638968,480,0.286776,0.392057,24.0794,1.53859,70.2381
366,0.12842,0.0386,0.0207522,0.00558183,0.0814404,480,0.286776,0.392057,18.8923,1.53859,70.2381
367,0.310337,0.0386,0.254973,0.00558183,1.00062,480,0.286776,0.392057,1.53764,1.53859,70.2381
368,0.158195,0.0386,0.0514663,0.00558183,0.201975,480,0.286776,0.392057,7.61773,1.53859,70.2381
369,0.185713,0.0386,0.0197757,0.00558183,0.0776082,480,0.286776,0.392057,19.8252,1.53859,70.2381
370,0.339968,0.0386,0.0746851,0.00558183,0.293096,480,0.286776,0.392057,5.24946,1.53859,70.2381
371,0.132761,0.0386,0.00969822,0.00558183,0.0380599,480,0.286776,0.392057,40.4256,1.53859,70.2381
372,0.156109,0.0386,0.0192934,0.00558183,0.0757155,480,0.286776,0.392057,20.3207,1.53859,70.2381
373,0.335281,0.0386,0.0201016,0.00558183,0.078887,480,0.286776,0.392057,19.5038,1.53859,70.2381
374,0.244138,0.0386,0.131514,0.00558183,0.516116,480,0.286776,0.392057,2.9811,1.53859,70.2381
375,0.444954,0.0386,0.0838599,0.00558183,0.329101,480,0.286776,0.392057,4.67514,1.53859,70.2381
376,0.326811,0.0386,0.119519,0.00558183,0.469043,480,0.286776,0.392057,3.28029,1.53859,70.2381
377,0.073141,0.0386,0.0189091,0.00558183,0.0742071,480,0.286776,0.392057,20.7338,1.53859,70.2381
378,0.705641,0.0386,0.0182411,0.00558183,0.0715857,480,0.286776,0.392057,21.4931,1.53859,70.2381
379,0.415193,0.0386,0.00567511,0.00558183,0.0222715,480,0.286776,0.392057,69.0836,1.53859,70.2381
380,0.219889,0.0386,0.0642655,0.00558183,0.252205,480,0.286776,0.392057,6.10058,1.53859,70.2381
381,1.32638,0.0386,0.0524709,0.00558183,0.205918,480,0.286776,0.392057,7.4719,1.53859,70.2381
382,0.360498,0.0386,0.0313497,0.00558183,0.123029,480,0.286776,0.392057,12.5059,1.53859,70.2381
383,0.232805,0.0386,0.0085895,0.00558183,0.0337088,480,0.286776,0.392057,45.6437,1.53859,70.2381
384,0.403479,0.0386,0.00691527,0.00558183,0.0271384,480,0.286776,0.392057,56.6943,1.53859,70.2381
385,0.137959,0.0386,0.0155472,0.00558183,0.0610135,480,0.286776,0.392057,25.2173,1.53859,70.2381
386,0.570761,0.0386,0.0170653,0.00558183,0.0669712,480,0.286776,0.392057,22.974,1.53859,70.2381
387,0.0954436,0.0386,0.030553,0.00558183,0.119903,480,0.286776,0.392057,12.832,1.53859,70.2381
388,0.143532,0.0386,0.00127743,0.00558183,0.00501317,480,0.286776,0.392057,306.911,1.53859,70.2381
389,0.188767,0.0386,0.00932634,0.00558183,0.0366004,480,0.286776,0.392057,42.0376,1.53859,70.2381
390,0.244847,0.0386,0.0257232,0.00558183,0.100949,480,0.286776,0.392057,15.2414,1.53859,70.2381
391,0.207208,0.0386,0.0248629,0.00558183,0.0975726,480,0.286776,0.392057,15.7687,1.53859,70.2381
392,0.144043,0.0386,0.172233,0.00558183,0.675915,480,0.286776,0.392057,2.27632,1.53859,70.2381
393,0.241866,0.0386,0.00340016,0.00558183,0.0133436,480,0.286776,0.392057,115.305,1.53859,70.2381
394,0.368207,0.0386,0.00173112,0.00558183,0.00679365,480,0.286776,0.392057,226.475,1.53859,70.2381
395,0.266532,0.0386,0.14929,0.00558183,0.585877,480,0.286776,0.392057,2.62614,1.53859,70.2381
396,0.412866,0.0386,0.0714504,0.00558183,0.280401,480,0.286776,0.392057,5.48712,1.53859,70.2381
397,0.261171,0.0386,0.0647308,0.00558183,0.254031,480,0.286776,0.392057,6.05673,1.53859,70.2381
398,0.0872334,0.0386,0.0495671,0.00558183,0.194522,480,0.286776,0.392057,7.90962,1.53859,70.2381
399,0.518338,0.0386,0.0038661,0.00558183,0.0151722,480,0.286776,0.392057,101.409,1.53859,70.2381
400,0.499816,0.0386,0.117723,0.00558183,0.461994,480,0.286776,0.392057,3.33034,1.53859,70.2381
401,0.323673,0.0386,0.0557382,0.00558183,0.21874,480,0.286776,0.392057,7.0339,1.53859,70.2381
402,0.301455,0.0386,0.0153971,0.00558183,0.0604246,480,0.286776,0.392057,25.4631,1.53859,70.2381
403,0.153378,0.0386,0.0841617,0.00558183,0.330286,480,0.286776,0.392057,4.65837,1.53859,70.2381
404,0.289857,0.0386,0.037581,0.00558183,0.147484,480,0.286776,0.392057,10.4323,1.53859,70.2381
405,0.153332,0.0386,0.00593088,0.00558183,0.0232753,480,0.286776,0.392057,66.1043,1.53859,70.2381
406,0.152889,0.0386,0.0836564,0.00558183,0.328303,480,0.286776,0.392057,4.68651,1.53859,70.2381
407,0.455097,0.0386,0.182913,0.00558183,0.717829,480,0.286776,0.392057,2.1434,1.53859,70.2381
408,0.153353,0.0386,0.0139627,0.00558183,0.0547954,480,0.286776,0.392057,28.0789,1.53859,70.2381
409,0.465033,0.0386,0.0761472,0.00558183,0.298834,480,0.286776,0.392057,5.14867,1.53859,70.2381
410,0.373787,0.0386,0.0292494,0.00558183,0.114787,480,0.286776,0.392057,13.4039,1.53859,70.2381
411,0.394501,0.0386,0.0353154,0.00558183,0.138592,480,0.286776,0.392057,11.1016,1.53859,70.2381
412,0.260003,0.0386,0.0499038,0.00558183,0.195843,480,0.286776,0.392057,7.85625,1.53859,70.2381
413,0.411653,0.0386,0.105684,0.00558183,0.414747,480,0.286776,0.392057,3.70972,1.53859,70.2381
414,0.827383,0.0386,0.0169753,0.00558183,0.0666183,480,0.286776,0.392057,23.0957,1.53859,70.2381
415,0.323151,0.0386,0.0191329,0.00558183,0.0750857,480,0.286776,0.392057,20.4912,1.53859,70.2381
416,0.23774,0.0386,0.095677,0.00558183,0.375476,480,0.286776,0.392057,4.09771,1.53859,70.2381
417,0.255103,0.0386,0.0289628,0.00558183,0.113662,480,0.286776,0.392057,13.5366,1.53859,70.2381
418,0.174339,0.0386,0.00607218,0.00558183,0.0238298,480,0.286776,0.392057,64.5661,1.53859,70.2381
419,0.366208,0.0386,0.0143721,0.00558183,0.056402,480,0.286776,0.392057,27.2791,1.53859,70.2381
420,0.15142,0.0386,0.0143913,0.00558183,0.0564774,480,0.286776,0.392057,27.2427,1.53859,70.2381
421,1.08042,0.0386,0.00881725,0.00558183,0.0346026,480,0.286776,0.392057,44.4647,1.53859,70.2381
422,0.0847607,0.0386,0.100293,0.00558183,0.393594,480,0.286776,0.392057,3.9091,1.53859,70.2381
423,0.17812,0.0386,0.177241,0.00558183,0.695569,480,0.286776,0.392057,2.212,1.53859,70.2381
424,0.183689,0.0386,0.0139186,0.00558183,0.0546224,480,0.286776,0.392057,28.1678,1.53859,70.2381
425,0.198711,0.0386,0.0612642,0.00558183,0.240426,480,0.286776,0.392057,6.39944,1.53859,70.2381
426,0.247073,0.0386,0.00640684,0.00558183,0.0251431,480,0.286776,0.392057,61.1935,1.53859,70.2381
427,0.795146,0.0386,0.167227,0.00558183,0.656268,480,0.286776,0.392057,2.34446,1.53859,70.2381
428,0.215989,0.0386,0.0117971,0.00558183,0.0462966,480,0.286776,0.392057,33.2334,1.53859,70.2381
429,0.445869,0.0386,0.169711,0.00558183,0.666017,480,0.286776,0.392057,2.31014,1.53859,70.2381
430,0.174786,0.0386,0.174431,0.00558183,0.684538,480,0.286776,0.392057,2.24764,1.53859,70.2381
431,0.116928,0.0386,0.0494863,0.00558183,0.194205,480,0.286776,0.392057,7.92253,1.53859,70.2381
432,0.188927,0.0386,0.0240754,0.00558183,0.0944819,480,0.286776,0.392057,16.2846,1.53859,70.2381
433,0.0972775,0.0386,0.181708,0.00558183,0.713099,480,0.286776,0.392057,2.15762,1.53859,70.2381
434,0.718874,0.0386,0.0394487,0.00558183,0.154813,480,0.286776,0.392057,9.9384,1.53859,70.2381
435,0.200636,0.0386,0.0092563,0.00558183,0.0363256,480,0.286776,0.392057,42.3557,1.53859,70.2381
436,0.327333,0.0386,0.0195718,0.00558183,0.0768079,480,0.286776,0.392057,20.0317,1.53859,70.2381
437,0.247436,0.0386,0.00985238,0.00558183,0.0386649,480,0.286776,0.392057,39.7931,1.53859,70.2381
438,0.477602,0.0386,0.131809,0.00558183,0.517272,480,0.286776,0.392057,2.97444,1.53859,70.2381
439,0.731478,0.0386,0.0496266,0.00558183,0.194755,480,0.286776,0.392057,7.90014,1.53859,70.2381
440,0.223408,0.0386,0.0246099,0.00558183,0.0965797,480,0.286776,0.392057,15.9308,1.53859,70.2381
441,0.352081,0.0386,0.00808904,0.00558183,0.0317448,480,0.286776,0.392057,48.4677,1.53859,70.2381
442,0.186352,0.0386,0.0108228,0.00558183,0.0424733,480,0.286776,0.392057,36.225,1.53859,70.2381
443,0.297357,0.0386,0.00851655,0.00558183,0.0334225,480,0.286776,0.392057,46.0347,1.53859,70.2381
444,0.960372,0.0386,0.0215772,0.00558183,0.0846779,480,0.286776,0.392057,18.17,1.53859,70.2381
445,0.662146,0.0386,0.0146525,0.00558183,0.0575026,480,0.286776,0.392057,26.7569,1.53859,70.2381
446,0.301871,0.0386,0.0482651,0.00558183,0.189412,480,0.286776,0.392057,8.12299,1.53859,70.2381
447,0.684209,0.0386,0.0184193,0.00558183,0.0722849,480,0.286776,0.392057,21.2852,1.53859,70.2381
448,0.393345,0.0386,0.00882877,0.00558183,0.0346478,480,0.286776,0.392057,44.4067,1.53859,70.2381
449,0.623076,0.0386,0.0178709,0.00558183,0.0701328,480,0.286776,0.392057,21.9383,1.53859,70.2381
450,0.359483,0.0386,0.0560205,0.00558183,0.219848,480,0.286776,0.392057,6.99845,1.53859,70.2381
451,0.149758,0.0386,0.0242184,0.00558183,0.095043,480,0.286776,0.392057,16.1884,1.53859,70.2381
452,0.43854,0.0386,0.00862586,0.00558183,0.0338515,480,0.286776,0.392057,45.4513,1.53859,70.2381
453,0.296709,0.0386,0.0271979,0.00558183,0.106736,480,0.286776,0.392057,14.415,1.53859,70.2381
454,0.220382,0.0386,0.0108979,0.00558183,0.0427678,480,0.286776,0.392057,35.9755,1.53859,70.2381
455,0.382549,0.0386,0.0123755,0.00558183,0.0485667,480,0.286776,0.392057,31.68,1.53859,70.2381
456,0.18778,0.0386,0.0484395,0.00558183,0.190097,480,0.286776,0.392057,8.09373,1.53859,70.2381
457,0.295622,0.0386,0.00682275,0.00558183,0.0267753,480,0.286776,0.392057,57.4631,1.53859,70.2381
458,0.137177,0.0386,0.0333331,0.00558183,0.130813,480,0.286776,0.392057,11.7618,1.53859,70.2381
459,0.200231,0.0386,0.00235718,0.00558183,0.00925054,480,0.286776,0.392057,166.325,1.53859,70.2381
460,0.136056,0.0386,0.0324686,0.00558183,0.12742,480,0.286776,0.392057,12.075,1.53859,70.2381
461,0.111982,0.0386,0.0199709,0.00558183,0.0783743,480,0.286776,0.392057,19.6314,1.53859,70.2381
462,0.486128,0.0386,0.079309,0.00558183,0.311242,480,0.286776,0.392057,4.94341,1.53859,70.2381
463,0.530007,0.0386,0.0229834,0.00558183,0.0901966,480,0.286776,0.392057,17.0582,1.53859,70.2381
464,0.0517044,0.0386,0.0819991,0.00558183,0.321799,480,0.286776,0.392057,4.78123,1.53859,70.2381
465,0.342845,0.0386,0.241995,0.00558183,0.94969,480,0.286776,0.392057,1.6201,1.53859,70.2381
466,0.32881,0.0386,0.0142307,0.00558183,0.0558473,480,0.286776,0.392057,27.5501,1.53859,70.2381
467,0.53307,0.0386,0.0289457,0.00558183,0.113595,480,0.286776,0.392057,13.5446,1.53859,70.2381
468,0.0984578,0.0386,0.100133,0.00558183,0.392965,480,0.286776,0.392057,3.91535,1.53859,70.2381
469,0.0813688,0.0386,0.0188508,0.00558183,0.0739785,480,0.286776,0.392057,20.7979,1.53859,70.2381
470,0.457286,0.0386,0.136077,0.00558183,0.534022,480,0.286776,0.392057,2.88115,1.53859,70.2381
471,0.775542,0.0386,0.100078,0.00558183,0.392747,480,0.286776,0.392057,3.91752,1.53859,70.2381
472,0.276393,0.0386,0.0303357,0.00558183,0.11905,480,0.286776,0.392057,12.9239,1.53859,70.2381
473,0.035193,0.0386,0.142641,0.00558183,0.559782,480,0.286776,0.392057,2.74856,1.53859,70.2381
474,0.248579,0.0386,0.0181416,0.00558183,0.0711951,480,0.286776,0.392057,21.611,1.53859,70.2381
475,0.461217,0.0386,0.0450053,0.00558183,0.176619,480,0.286776,0.392057,8.71136,1.53859,70.2381
476,0.599213,0.0386,0.136809,0.00558183,0.536897,480,0.286776,0.392057,2.86572,1.53859,70.2381
477,0.298109,0.0386,0.00417473,0.00558183,0.0163834,480,0.286776,0.392057,93.9119,1.53859,70.2381
478,0.506908,0.0386,0.0109986,0.00558183,0.043163,480,0.286776,0.392057,35.6461,1.53859,70.2381
479,0.241372,0.0386,0.0330519,0.00558183,0.129709,480,0.286776,0.392057,11.8619,1.53859,70.2381
480,0.144212,0.0386,0.00476587,0.00558183,0.0187033,480,0.286776,0.392057,82.2634,1.53859,70.2381
481,1.00749,0.0386,0.0235717,0.00558183,0.0925052,480,0.286776,0.392057,16.6325,1.53859,70.2381
482,0.118176,0.0386,0.00876241,0.00558183,0.0343874,480,0.286776,0.392057,44.743,1.53859,70.2381
483,0.121312,0.0386,0.00377334,0.00558183,0.0148082,480,0.286776,0.392057,103.902,1.53859,70.2381
484,0.393532,0.0386,0.0594597,0.00558183,0.233345,480,0.286776,0.392057,6.59365,1.53859,70.2381
485,0.50431,0.0386,0.0314287,0.00558183,0.123339,480,0.286776,0.392057,12.4745,1.53859,70.2381
486,0.653714,0.0386,0.771219,0.00558183,3.02659,480,0.286776,0.392057,0.50836,1.53859,70.2381
487,0.594494,0.0386,0.00783376,0.00558183,0.030743,480,0.286776,0.392057,50.0471,1.53859,70.2381
488,0.150666,0.0386,0.0315816,0.00558183,0.12394,480,0.286776,0.392057,12.4141,1.53859,70.2381
489,0.234271,0.0386,0.0259072,0.00558183,0.101671,480,0.286776,0.392057,15.1331,1.53859,70.2381
490,0.285369,0.0386,0.0874328,0.00558183,0.343123,480,0.286776,0.392057,4.48409,1.53859,70.2381
491,0.247431,0.0386,0.0229149,0.00558183,0.0899275,480,0.286776,0.392057,17.1093,1.53859,70.2381
492,0.287563,0.0386,0.0308901,0.00558183,0.121226,480,0.286776,0.392057,12.692,1.53859,70.2381
493,0.0697475,0.0386,0.0283222,0.00558183,0.111148,480,0.286776,0.392057,13.8428,1.53859,70.2381
494,0.127847,0.0386,0.0183379,0.00558183,0.0719658,480,0.286776,0.392057,21.3795,1.53859,70.2381
495,0.54802,0.0386,0.0372498,0.00558183,0.146184,480,0.286776,0.392057,10.5251,1.53859,70.2381
496,0.294337,0.0386,0.0639387,0.00558183,0.250922,480,0.286776,0.392057,6.13176,1.53859,70.2381
497,0.659312,0.0386,0.00972274,0.00558183,0.0381561,480,0.286776,0.392057,40.3237,1.53859,70.2381
498,0.266742,0.0386,0.193844,0.00558183,0.760724,480,0.286776,0.392057,2.02254,1.53859,70.2381
499,0.30265,0.0386,0.0354618,0.00558183,0.139167,480,0.286776,0.392057,11.0557,1.53859,70.2381
