PID,i_artemether_F1_indiv,i_artemether_KTR,total_mg_dose_per_occassion,TVCL,CL,TVV2,V2, i_artemether_k20 (CL/V2)
0,-0.761068,8.14664,80,67.5046,67.5046,106.392,106.363,0.4
1,-0.407319,8.14664,80,67.5046,67.5046,106.392,96.5473,0.4
2,-0.0951979,8.14664,80,67.5046,67.5046,106.392,89.2892,0.4
3,-0.298746,8.14664,80,67.5046,67.5046,106.392,107.274,0.4
4,0.131826,8.14664,80,67.5046,67.5046,106.392,126.582,0.4
5,0.369918,8.14664,80,67.5046,67.5046,106.392,92.3312,0.4
6,-1.12341,8.14664,80,67.5046,67.5046,106.392,85.284,0.4
7,-0.378335,8.14664,80,67.5046,67.5046,106.392,83.6578,0.4
8,1.87836,8.14664,80,67.5046,67.5046,106.392,94.7343,0.4
9,-0.284329,8.14664,80,67.5046,67.5046,106.392,94.1345,0.4
10,0.252251,8.14664,80,67.5046,67.5046,106.392,117.528,0.4
11,0.216557,8.14664,80,67.5046,67.5046,106.392,95.1775,0.4
12,-0.776997,8.14664,80,67.5046,67.5046,106.392,108.139,0.4
13,-0.204132,8.14664,80,67.5046,67.5046,106.392,103.602,0.4
14,0.93867,8.14664,80,67.5046,67.5046,106.392,105.743,0.4
15,0.098541,8.14664,80,67.5046,67.5046,106.392,89.9259,0.4
16,1.17844,8.14664,80,67.5046,67.5046,106.392,113.803,0.4
17,-0.540361,8.14664,80,67.5046,67.5046,106.392,100.367,0.4
18,0.0935241,8.14664,80,67.5046,67.5046,106.392,105.752,0.4
19,0.470657,8.14664,80,67.5046,67.5046,106.392,90.7179,0.4
20,0.324849,8.14664,80,67.5046,67.5046,106.392,106.054,0.4
21,1.49717,8.14664,80,67.5046,67.5046,106.392,104.144,0.4
22,-0.597731,8.14664,80,67.5046,67.5046,106.392,88.0946,0.4
23,0.738299,8.14664,80,67.5046,67.5046,106.392,78.5116,0.4
24,0.679203,8.14664,80,67.5046,67.5046,106.392,95.5226,0.4
25,-1.51612,8.14664,80,67.5046,67.5046,106.392,93.7303,0.4
26,-1.58971,8.14664,80,67.5046,67.5046,106.392,119.172,0.4
27,2.05983,8.14664,80,67.5046,67.5046,106.392,95.6385,0.4
28,0.158383,8.14664,80,67.5046,67.5046,106.392,111.196,0.4
29,-0.339069,8.14664,80,67.5046,67.5046,106.392,96.4156,0.4
30,-0.0291909,8.14664,80,67.5046,67.5046,106.392,101.62,0.4
31,0.519435,8.14664,80,67.5046,67.5046,106.392,122.658,0.4
32,0.0397303,8.14664,80,67.5046,67.5046,106.392,108.114,0.4
33,1.46262,8.14664,80,67.5046,67.5046,106.392,120.529,0.4
34,-0.284175,8.14664,80,67.5046,67.5046,106.392,101.713,0.4
35,0.0698215,8.14664,80,67.5046,67.5046,106.392,103.226,0.4
36,-0.0231717,8.14664,80,67.5046,67.5046,106.392,117.099,0.4
37,-1.0115,8.14664,80,67.5046,67.5046,106.392,108.592,0.4
38,-0.197956,8.14664,80,67.5046,67.5046,106.392,99.8539,0.4
39,-0.068576,8.14664,80,67.5046,67.5046,106.392,94.327,0.4
40,0.145543,8.14664,80,67.5046,67.5046,106.392,140.645,0.4
41,0.366701,8.14664,80,67.5046,67.5046,106.392,112.538,0.4
42,0.135688,8.14664,80,67.5046,67.5046,106.392,85.4455,0.4
43,0.798572,8.14664,80,67.5046,67.5046,106.392,139.195,0.4
44,0.430242,8.14664,80,67.5046,67.5046,106.392,119.575,0.4
45,-0.180184,8.14664,80,67.5046,67.5046,106.392,116.178,0.4
46,-0.388103,8.14664,80,67.5046,67.5046,106.392,99.4777,0.4
47,0.341434,8.14664,80,67.5046,67.5046,106.392,120.306,0.4
48,0.741183,8.14664,80,67.5046,67.5046,106.392,102.21,0.4
49,-1.14121,8.14664,80,67.5046,67.5046,106.392,100.007,0.4
50,-0.19707,8.14664,80,67.5046,67.5046,106.392,79.2494,0.4
51,0.692629,8.14664,80,67.5046,67.5046,106.392,87.5662,0.4
52,-0.248038,8.14664,80,67.5046,67.5046,106.392,108.104,0.4
53,0.518528,8.14664,80,67.5046,67.5046,106.392,105.422,0.4
54,-1.39923,8.14664,80,67.5046,67.5046,106.392,125.934,0.4
55,0.472402,8.14664,80,67.5046,67.5046,106.392,104.414,0.4
56,0.196565,8.14664,80,67.5046,67.5046,106.392,103.284,0.4
57,-0.877452,8.14664,80,67.5046,67.5046,106.392,99.4413,0.4
58,0.337899,8.14664,80,67.5046,67.5046,106.392,95.0126,0.4
59,-0.844044,8.14664,80,67.5046,67.5046,106.392,130.983,0.4
60,-0.983922,8.14664,80,67.5046,67.5046,106.392,87.306,0.4
61,-1.45868,8.14664,80,67.5046,67.5046,106.392,103.068,0.4
62,0.921502,8.14664,80,67.5046,67.5046,106.392,125.197,0.4
63,-0.334325,8.14664,80,67.5046,67.5046,106.392,112.435,0.4
64,-0.449964,8.14664,80,67.5046,67.5046,106.392,111.688,0.4
65,0.555229,8.14664,80,67.5046,67.5046,106.392,91.7833,0.4
66,-0.0826669,8.14664,80,67.5046,67.5046,106.392,126.15,0.4
67,-0.225364,8.14664,80,67.5046,67.5046,106.392,85.6291,0.4
68,0.448115,8.14664,80,67.5046,67.5046,106.392,115.324,0.4
69,0.0327962,8.14664,80,67.5046,67.5046,106.392,116.655,0.4
70,0.763277,8.14664,80,67.5046,67.5046,106.392,98.6993,0.4
71,-0.540628,8.14664,80,67.5046,67.5046,106.392,115.823,0.4
72,-0.763151,8.14664,80,67.5046,67.5046,106.392,128.043,0.4
73,0.406022,8.14664,80,67.5046,67.5046,106.392,84.3773,0.4
74,1.76559,8.14664,80,67.5046,67.5046,106.392,90.823,0.4
75,-1.19255,8.14664,80,67.5046,67.5046,106.392,108.023,0.4
76,2.06358,8.14664,80,67.5046,67.5046,106.392,162.394,0.4
77,1.08261,8.14664,80,67.5046,67.5046,106.392,117.052,0.4
78,-0.618145,8.14664,80,67.5046,67.5046,106.392,130.183,0.4
79,-0.425322,8.14664,80,67.5046,67.5046,106.392,128.032,0.4
80,0.786848,8.14664,80,67.5046,67.5046,106.392,98.3364,0.4
81,0.0858768,8.14664,80,67.5046,67.5046,106.392,99.694,0.4
82,-0.439406,8.14664,80,67.5046,67.5046,106.392,106.326,0.4
83,-0.698596,8.14664,80,67.5046,67.5046,106.392,108.976,0.4
84,-1.27455,8.14664,80,67.5046,67.5046,106.392,112.401,0.4
85,0.716839,8.14664,80,67.5046,67.5046,106.392,105.418,0.4
86,0.844242,8.14664,80,67.5046,67.5046,106.392,75.9194,0.4
87,-0.293167,8.14664,80,67.5046,67.5046,106.392,84.9235,0.4
88,-0.689794,8.14664,80,67.5046,67.5046,106.392,93.8315,0.4
89,0.944921,8.14664,80,67.5046,67.5046,106.392,111.888,0.4
90,-2.04135,8.14664,80,67.5046,67.5046,106.392,123.687,0.4
91,-1.07986,8.14664,80,67.5046,67.5046,106.392,104.804,0.4
92,0.675561,8.14664,80,67.5046,67.5046,106.392,114.14,0.4
93,1.58413,8.14664,80,67.5046,67.5046,106.392,96.7271,0.4
94,-0.394948,8.14664,80,67.5046,67.5046,106.392,98.006,0.4
95,1.62645,8.14664,80,67.5046,67.5046,106.392,114.714,0.4
96,-0.104217,8.14664,80,67.5046,67.5046,106.392,102.258,0.4
97,-0.269024,8.14664,80,67.5046,67.5046,106.392,107.082,0.4
98,0.323543,8.14664,80,67.5046,67.5046,106.392,116.859,0.4
99,-0.520804,8.14664,80,67.5046,67.5046,106.392,112.008,0.4
100,-0.764098,8.14664,80,67.5046,67.5046,106.392,111.186,0.4
101,-2.24978,8.14664,80,67.5046,67.5046,106.392,102.236,0.4
102,0.226293,8.14664,80,67.5046,67.5046,106.392,141.244,0.4
103,0.503866,8.14664,80,67.5046,67.5046,106.392,112.054,0.4
104,-0.557478,8.14664,80,67.5046,67.5046,106.392,107.762,0.4
105,-0.288751,8.14664,80,67.5046,67.5046,106.392,91.3576,0.4
106,-0.925072,8.14664,80,67.5046,67.5046,106.392,115.017,0.4
107,0.778155,8.14664,80,67.5046,67.5046,106.392,115.519,0.4
108,-2.36127,8.14664,80,67.5046,67.5046,106.392,106.213,0.4
109,1.24687,8.14664,80,67.5046,67.5046,106.392,104.227,0.4
110,1.19859,8.14664,80,67.5046,67.5046,106.392,81.8955,0.4
111,1.1924,8.14664,80,67.5046,67.5046,106.392,113.915,0.4
112,0.981207,8.14664,80,67.5046,67.5046,106.392,122.338,0.4
113,-0.340498,8.14664,80,67.5046,67.5046,106.392,103.301,0.4
114,0.533593,8.14664,80,67.5046,67.5046,106.392,128.515,0.4
115,-0.0245922,8.14664,80,67.5046,67.5046,106.392,96.3648,0.4
116,0.233027,8.14664,80,67.5046,67.5046,106.392,121.68,0.4
117,0.143422,8.14664,80,67.5046,67.5046,106.392,95.7405,0.4
118,0.563757,8.14664,80,67.5046,67.5046,106.392,134.795,0.4
119,-0.217306,8.14664,80,67.5046,67.5046,106.392,89.7131,0.4
120,-0.759144,8.14664,80,67.5046,67.5046,106.392,88.7693,0.4
121,-0.622255,8.14664,80,67.5046,67.5046,106.392,114.659,0.4
122,0.947327,8.14664,80,67.5046,67.5046,106.392,88.463,0.4
123,0.31057,8.14664,80,67.5046,67.5046,106.392,124.909,0.4
124,-0.643742,8.14664,80,67.5046,67.5046,106.392,94.1838,0.4
125,0.572864,8.14664,80,67.5046,67.5046,106.392,126.289,0.4
126,-1.15794,8.14664,80,67.5046,67.5046,106.392,126.932,0.4
127,-0.971046,8.14664,80,67.5046,67.5046,106.392,85.6901,0.4
128,0.801925,8.14664,80,67.5046,67.5046,106.392,99.6287,0.4
129,0.66368,8.14664,80,67.5046,67.5046,106.392,110.814,0.4
130,-1.17945,8.14664,80,67.5046,67.5046,106.392,130.359,0.4
131,0.584297,8.14664,80,67.5046,67.5046,106.392,107.591,0.4
132,0.575746,8.14664,80,67.5046,67.5046,106.392,110.349,0.4
133,0.253542,8.14664,80,67.5046,67.5046,106.392,90.4393,0.4
134,-0.54191,8.14664,80,67.5046,67.5046,106.392,111.363,0.4
135,0.798062,8.14664,80,67.5046,67.5046,106.392,86.7181,0.4
136,-0.348971,8.14664,80,67.5046,67.5046,106.392,96.2586,0.4
137,0.594192,8.14664,80,67.5046,67.5046,106.392,104.397,0.4
138,0.544146,8.14664,80,67.5046,67.5046,106.392,92.7887,0.4
139,-0.460094,8.14664,80,67.5046,67.5046,106.392,95.5253,0.4
140,-0.375144,8.14664,80,67.5046,67.5046,106.392,100.835,0.4
141,-0.983859,8.14664,80,67.5046,67.5046,106.392,103.948,0.4
142,1.10168,8.14664,80,67.5046,67.5046,106.392,83.0118,0.4
143,1.82741,8.14664,80,67.5046,67.5046,106.392,89.4288,0.4
144,0.375106,8.14664,80,67.5046,67.5046,106.392,108.344,0.4
145,0.837154,8.14664,80,67.5046,67.5046,106.392,126.821,0.4
146,0.278607,8.14664,80,67.5046,67.5046,106.392,114.341,0.4
147,1.328,8.14664,80,67.5046,67.5046,106.392,80.227,0.4
148,-0.13298,8.14664,80,67.5046,67.5046,106.392,129.509,0.4
149,1.96622,8.14664,80,67.5046,67.5046,106.392,103.299,0.4
150,-0.727889,8.14664,80,67.5046,67.5046,106.392,78.9948,0.4
151,-0.315035,8.14664,80,67.5046,67.5046,106.392,118.027,0.4
152,0.269304,8.14664,80,67.5046,67.5046,106.392,97.9238,0.4
153,-0.667483,8.14664,80,67.5046,67.5046,106.392,111.758,0.4
154,0.833707,8.14664,80,67.5046,67.5046,106.392,92.5431,0.4
155,0.403498,8.14664,80,67.5046,67.5046,106.392,111.738,0.4
156,1.01292,8.14664,80,67.5046,67.5046,106.392,104.686,0.4
157,0.397479,8.14664,80,67.5046,67.5046,106.392,99.4093,0.4
158,0.657837,8.14664,80,67.5046,67.5046,106.392,106.467,0.4
159,0.804069,8.14664,80,67.5046,67.5046,106.392,114.595,0.4
160,0.058002,8.14664,80,67.5046,67.5046,106.392,110.346,0.4
161,-0.198142,8.14664,80,67.5046,67.5046,106.392,88.2671,0.4
162,0.258679,8.14664,80,67.5046,67.5046,106.392,107.461,0.4
163,1.53794,8.14664,80,67.5046,67.5046,106.392,107.881,0.4
164,-0.373985,8.14664,80,67.5046,67.5046,106.392,122.012,0.4
165,1.88152,8.14664,80,67.5046,67.5046,106.392,101.796,0.4
166,0.258039,8.14664,80,67.5046,67.5046,106.392,115.455,0.4
167,2.18709,8.14664,80,67.5046,67.5046,106.392,121.635,0.4
168,0.363485,8.14664,80,67.5046,67.5046,106.392,150.053,0.4
169,0.617043,8.14664,80,67.5046,67.5046,106.392,108.977,0.4
170,-1.23259,8.14664,80,67.5046,67.5046,106.392,113.908,0.4
171,0.494422,8.14664,80,67.5046,67.5046,106.392,119.71,0.4
172,-0.134084,8.14664,80,67.5046,67.5046,106.392,111.284,0.4
173,-0.421439,8.14664,80,67.5046,67.5046,106.392,89.4096,0.4
174,1.14173,8.14664,80,67.5046,67.5046,106.392,107.625,0.4
175,0.516476,8.14664,80,67.5046,67.5046,106.392,104.456,0.4
176,0.438502,8.14664,80,67.5046,67.5046,106.392,112.322,0.4
177,-1.54046,8.14664,80,67.5046,67.5046,106.392,104.719,0.4
178,0.219551,8.14664,80,67.5046,67.5046,106.392,94.4514,0.4
179,-0.324668,8.14664,80,67.5046,67.5046,106.392,90.5809,0.4
180,0.0323238,8.14664,80,67.5046,67.5046,106.392,104.039,0.4
181,0.51933,8.14664,80,67.5046,67.5046,106.392,104.785,0.4
182,1.04234,8.14664,80,67.5046,67.5046,106.392,114.829,0.4
183,0.822499,8.14664,80,67.5046,67.5046,106.392,128.36,0.4
184,-1.15598,8.14664,80,67.5046,67.5046,106.392,93.9191,0.4
185,-1.28963,8.14664,80,67.5046,67.5046,106.392,97.0907,0.4
186,-0.208925,8.14664,80,67.5046,67.5046,106.392,96.6929,0.4
187,-0.545198,8.14664,80,67.5046,67.5046,106.392,99.7655,0.4
188,0.915946,8.14664,80,67.5046,67.5046,106.392,111.076,0.4
189,-0.158287,8.14664,80,67.5046,67.5046,106.392,100.779,0.4
190,-0.0433458,8.14664,80,67.5046,67.5046,106.392,138.551,0.4
191,0.493995,8.14664,80,67.5046,67.5046,106.392,100.518,0.4
192,0.367146,8.14664,80,67.5046,67.5046,106.392,113.9,0.4
193,0.299825,8.14664,80,67.5046,67.5046,106.392,118.961,0.4
194,2.13778,8.14664,80,67.5046,67.5046,106.392,117.538,0.4
195,-0.0925195,8.14664,80,67.5046,67.5046,106.392,109.051,0.4
196,1.11107,8.14664,80,67.5046,67.5046,106.392,93.8566,0.4
197,-0.794649,8.14664,80,67.5046,67.5046,106.392,105.749,0.4
198,0.00337163,8.14664,80,67.5046,67.5046,106.392,107.535,0.4
199,0.697283,8.14664,80,67.5046,67.5046,106.392,127.514,0.4
200,-0.882349,8.14664,80,67.5046,67.5046,106.392,124.201,0.4
201,-1.42944,8.14664,80,67.5046,67.5046,106.392,105.774,0.4
202,-0.653776,8.14664,80,67.5046,67.5046,106.392,129.912,0.4
203,1.68815,8.14664,80,67.5046,67.5046,106.392,107.843,0.4
204,0.0341602,8.14664,80,67.5046,67.5046,106.392,154.653,0.4
205,0.156137,8.14664,80,67.5046,67.5046,106.392,111.654,0.4
206,0.950491,8.14664,80,67.5046,67.5046,106.392,101.09,0.4
207,-0.804292,8.14664,80,67.5046,67.5046,106.392,110.756,0.4
208,0.364501,8.14664,80,67.5046,67.5046,106.392,98.4301,0.4
209,-0.0861451,8.14664,80,67.5046,67.5046,106.392,106.09,0.4
210,1.23807,8.14664,80,67.5046,67.5046,106.392,93.0827,0.4
211,0.704089,8.14664,80,67.5046,67.5046,106.392,125.917,0.4
212,0.945074,8.14664,80,67.5046,67.5046,106.392,91.5724,0.4
213,0.516401,8.14664,80,67.5046,67.5046,106.392,120.501,0.4
214,-0.904788,8.14664,80,67.5046,67.5046,106.392,108.195,0.4
215,-0.902834,8.14664,80,67.5046,67.5046,106.392,103.601,0.4
216,-0.229273,8.14664,80,67.5046,67.5046,106.392,112.923,0.4
217,0.299012,8.14664,80,67.5046,67.5046,106.392,134.955,0.4
218,0.15569,8.14664,80,67.5046,67.5046,106.392,97.1811,0.4
219,-1.68199,8.14664,80,67.5046,67.5046,106.392,95.7081,0.4
220,-0.251096,8.14664,80,67.5046,67.5046,106.392,102.463,0.4
221,-0.366836,8.14664,80,67.5046,67.5046,106.392,93.7048,0.4
222,0.532772,8.14664,80,67.5046,67.5046,106.392,99.7292,0.4
223,-0.0206729,8.14664,80,67.5046,67.5046,106.392,140.455,0.4
224,-0.580718,8.14664,80,67.5046,67.5046,106.392,116.131,0.4
225,-0.753078,8.14664,80,67.5046,67.5046,106.392,100.833,0.4
226,0.0355695,8.14664,80,67.5046,67.5046,106.392,109.172,0.4
227,0.941843,8.14664,80,67.5046,67.5046,106.392,100.301,0.4
228,1.02752,8.14664,80,67.5046,67.5046,106.392,118.87,0.4
229,-0.383251,8.14664,80,67.5046,67.5046,106.392,102.221,0.4
230,1.26814,8.14664,80,67.5046,67.5046,106.392,102.476,0.4
231,-1.94461,8.14664,80,67.5046,67.5046,106.392,113.596,0.4
232,-0.452765,8.14664,80,67.5046,67.5046,106.392,129.675,0.4
233,-1.38583,8.14664,80,67.5046,67.5046,106.392,95.3739,0.4
234,-0.0498566,8.14664,80,67.5046,67.5046,106.392,146.997,0.4
235,0.457519,8.14664,80,67.5046,67.5046,106.392,118.461,0.4
236,-2.10537,8.14664,80,67.5046,67.5046,106.392,101.322,0.4
237,-0.216825,8.14664,80,67.5046,67.5046,106.392,101.311,0.4
238,-1.11397,8.14664,80,67.5046,67.5046,106.392,107.358,0.4
239,-0.179805,8.14664,80,67.5046,67.5046,106.392,110.765,0.4
240,-0.836394,8.14664,80,67.5046,67.5046,106.392,83.3274,0.4
241,-1.46161,8.14664,80,67.5046,67.5046,106.392,140.677,0.4
242,-1.40433,8.14664,80,67.5046,67.5046,106.392,124.679,0.4
243,-0.522605,8.14664,80,67.5046,67.5046,106.392,117.823,0.4
244,-1.98786,8.14664,80,67.5046,67.5046,106.392,94.0114,0.4
245,0.616633,8.14664,80,67.5046,67.5046,106.392,100.358,0.4
246,0.181472,8.14664,80,67.5046,67.5046,106.392,108.791,0.4
247,0.834253,8.14664,80,67.5046,67.5046,106.392,100.765,0.4
248,0.280586,8.14664,80,67.5046,67.5046,106.392,83.9707,0.4
249,1.25216,8.14664,80,67.5046,67.5046,106.392,107.759,0.4
250,0.397907,8.14664,80,67.5046,67.5046,106.392,104.535,0.4
251,-1.53278,8.14664,80,67.5046,67.5046,106.392,100.306,0.4
252,0.303064,8.14664,80,67.5046,67.5046,106.392,111.259,0.4
253,0.664964,8.14664,80,67.5046,67.5046,106.392,112.711,0.4
254,-0.672804,8.14664,80,67.5046,67.5046,106.392,105.654,0.4
255,-1.24974,8.14664,80,67.5046,67.5046,106.392,124.623,0.4
256,-0.447364,8.14664,80,67.5046,67.5046,106.392,100.877,0.4
257,-1.0598,8.14664,80,67.5046,67.5046,106.392,108.951,0.4
258,1.11573,8.14664,80,67.5046,67.5046,106.392,115.52,0.4
259,-0.585779,8.14664,80,67.5046,67.5046,106.392,86.399,0.4
260,0.51495,8.14664,80,67.5046,67.5046,106.392,106.074,0.4
261,0.660895,8.14664,80,67.5046,67.5046,106.392,98.5975,0.4
262,2.19708,8.14664,80,67.5046,67.5046,106.392,106.957,0.4
263,0.32765,8.14664,80,67.5046,67.5046,106.392,114.694,0.4
264,1.13669,8.14664,80,67.5046,67.5046,106.392,96.4642,0.4
265,-1.42366,8.14664,80,67.5046,67.5046,106.392,101.633,0.4
266,0.0758148,8.14664,80,67.5046,67.5046,106.392,84.5697,0.4
267,0.653362,8.14664,80,67.5046,67.5046,106.392,120.747,0.4
268,-0.668388,8.14664,80,67.5046,67.5046,106.392,122.684,0.4
269,1.20218,8.14664,80,67.5046,67.5046,106.392,126.874,0.4
270,0.483164,8.14664,80,67.5046,67.5046,106.392,115.349,0.4
271,-1.20671,8.14664,80,67.5046,67.5046,106.392,114.456,0.4
272,0.984354,8.14664,80,67.5046,67.5046,106.392,110.56,0.4
273,-0.897291,8.14664,80,67.5046,67.5046,106.392,146.531,0.4
274,-0.0975311,8.14664,80,67.5046,67.5046,106.392,97.8822,0.4
275,1.72532,8.14664,80,67.5046,67.5046,106.392,115.104,0.4
276,0.80453,8.14664,80,67.5046,67.5046,106.392,121.767,0.4
277,-0.505665,8.14664,80,67.5046,67.5046,106.392,120.097,0.4
278,1.83243,8.14664,80,67.5046,67.5046,106.392,97.5783,0.4
279,-0.897722,8.14664,80,67.5046,67.5046,106.392,97.6576,0.4
280,-0.637633,8.14664,80,67.5046,67.5046,106.392,104.771,0.4
281,-0.181175,8.14664,80,67.5046,67.5046,106.392,105.946,0.4
282,0.717011,8.14664,80,67.5046,67.5046,106.392,118.059,0.4
283,-0.571485,8.14664,80,67.5046,67.5046,106.392,111.016,0.4
284,0.976958,8.14664,80,67.5046,67.5046,106.392,122.512,0.4
285,-0.380294,8.14664,80,67.5046,67.5046,106.392,133.839,0.4
286,-0.208527,8.14664,80,67.5046,67.5046,106.392,100.201,0.4
287,1.49139,8.14664,80,67.5046,67.5046,106.392,117.096,0.4
288,-0.421189,8.14664,80,67.5046,67.5046,106.392,87.6815,0.4
289,0.96199,8.14664,80,67.5046,67.5046,106.392,101.266,0.4
290,-0.151955,8.14664,80,67.5046,67.5046,106.392,77.0853,0.4
291,-1.0066,8.14664,80,67.5046,67.5046,106.392,101.504,0.4
292,-0.5348,8.14664,80,67.5046,67.5046,106.392,124.122,0.4
293,-1.08978,8.14664,80,67.5046,67.5046,106.392,109.949,0.4
294,0.55579,8.14664,80,67.5046,67.5046,106.392,91.6802,0.4
295,1.06554,8.14664,80,67.5046,67.5046,106.392,97.8933,0.4
296,0.500869,8.14664,80,67.5046,67.5046,106.392,90.6234,0.4
297,0.245346,8.14664,80,67.5046,67.5046,106.392,114.471,0.4
298,-0.794008,8.14664,80,67.5046,67.5046,106.392,95.5407,0.4
299,0.378524,8.14664,80,67.5046,67.5046,106.392,82.0881,0.4
300,-0.659343,8.14664,80,67.5046,67.5046,106.392,96.4641,0.4
301,0.206805,8.14664,80,67.5046,67.5046,106.392,109.858,0.4
302,-0.542874,8.14664,80,67.5046,67.5046,106.392,100.673,0.4
303,2.48572,8.14664,80,67.5046,67.5046,106.392,103.481,0.4
304,0.77547,8.14664,80,67.5046,67.5046,106.392,110.456,0.4
305,-0.268831,8.14664,80,67.5046,67.5046,106.392,128.151,0.4
306,-0.412686,8.14664,80,67.5046,67.5046,106.392,96.1722,0.4
307,-0.731158,8.14664,80,67.5046,67.5046,106.392,108.141,0.4
308,0.273083,8.14664,80,67.5046,67.5046,106.392,102.761,0.4
309,0.450265,8.14664,80,67.5046,67.5046,106.392,97.3144,0.4
310,-0.00725103,8.14664,80,67.5046,67.5046,106.392,133.408,0.4
311,-0.39586,8.14664,80,67.5046,67.5046,106.392,107.577,0.4
312,-0.325198,8.14664,80,67.5046,67.5046,106.392,109.194,0.4
313,0.379956,8.14664,80,67.5046,67.5046,106.392,135.412,0.4
314,-1.09875,8.14664,80,67.5046,67.5046,106.392,102.153,0.4
315,-0.361667,8.14664,80,67.5046,67.5046,106.392,116.972,0.4
316,-2.02267,8.14664,80,67.5046,67.5046,106.392,124.832,0.4
317,0.241952,8.14664,80,67.5046,67.5046,106.392,98.7535,0.4
318,-0.900862,8.14664,80,67.5046,67.5046,106.392,98.8434,0.4
319,-1.48035,8.14664,80,67.5046,67.5046,106.392,98.8573,0.4
320,0.561879,8.14664,80,67.5046,67.5046,106.392,115.603,0.4
321,2.06013,8.14664,80,67.5046,67.5046,106.392,81.4002,0.4
322,-0.573224,8.14664,80,67.5046,67.5046,106.392,96.0095,0.4
323,-0.285162,8.14664,80,67.5046,67.5046,106.392,92.4014,0.4
324,1.15097,8.14664,80,67.5046,67.5046,106.392,104.744,0.4
325,-0.252335,8.14664,80,67.5046,67.5046,106.392,94.8045,0.4
326,-0.506612,8.14664,80,67.5046,67.5046,106.392,91.1638,0.4
327,-1.704,8.14664,80,67.5046,67.5046,106.392,97.894,0.4
328,0.507404,8.14664,80,67.5046,67.5046,106.392,121.952,0.4
329,1.09123,8.14664,80,67.5046,67.5046,106.392,101.285,0.4
330,-0.434951,8.14664,80,67.5046,67.5046,106.392,99.6594,0.4
331,-0.142372,8.14664,80,67.5046,67.5046,106.392,99.1392,0.4
332,0.195813,8.14664,80,67.5046,67.5046,106.392,127.894,0.4
333,-1.34611,8.14664,80,67.5046,67.5046,106.392,101.283,0.4
334,-0.859263,8.14664,80,67.5046,67.5046,106.392,120.027,0.4
335,-0.719348,8.14664,80,67.5046,67.5046,106.392,105.835,0.4
336,0.639604,8.14664,80,67.5046,67.5046,106.392,133.594,0.4
337,-0.00845116,8.14664,80,67.5046,67.5046,106.392,125.217,0.4
338,-0.678267,8.14664,80,67.5046,67.5046,106.392,108.727,0.4
339,0.036771,8.14664,80,67.5046,67.5046,106.392,87.495,0.4
340,-0.979516,8.14664,80,67.5046,67.5046,106.392,128.26,0.4
341,-0.121614,8.14664,80,67.5046,67.5046,106.392,106.271,0.4
342,-0.592865,8.14664,80,67.5046,67.5046,106.392,95.8334,0.4
343,-0.817608,8.14664,80,67.5046,67.5046,106.392,119.365,0.4
344,0.389567,8.14664,80,67.5046,67.5046,106.392,104.246,0.4
345,0.359088,8.14664,80,67.5046,67.5046,106.392,112.536,0.4
346,0.00711969,8.14664,80,67.5046,67.5046,106.392,123.704,0.4
347,1.61455,8.14664,80,67.5046,67.5046,106.392,105.016,0.4
348,-1.63713,8.14664,80,67.5046,67.5046,106.392,111.441,0.4
349,0.285795,8.14664,80,67.5046,67.5046,106.392,95.5219,0.4
350,0.527679,8.14664,80,67.5046,67.5046,106.392,101.346,0.4
351,-0.0867586,8.14664,80,67.5046,67.5046,106.392,96.3342,0.4
352,-0.901142,8.14664,80,67.5046,67.5046,106.392,90.0023,0.4
353,0.712032,8.14664,80,67.5046,67.5046,106.392,122.13,0.4
354,-0.877944,8.14664,80,67.5046,67.5046,106.392,126.167,0.4
355,1.34321,8.14664,80,67.5046,67.5046,106.392,111.798,0.4
356,1.1493,8.14664,80,67.5046,67.5046,106.392,95.8545,0.4
357,-1.09335,8.14664,80,67.5046,67.5046,106.392,131.421,0.4
358,-0.117177,8.14664,80,67.5046,67.5046,106.392,108.226,0.4
359,-0.165361,8.14664,80,67.5046,67.5046,106.392,78.8847,0.4
360,0.0783072,8.14664,80,67.5046,67.5046,106.392,92.8809,0.4
361,-2.22912,8.14664,80,67.5046,67.5046,106.392,96.3006,0.4
362,-0.21706,8.14664,80,67.5046,67.5046,106.392,100.397,0.4
363,0.851096,8.14664,80,67.5046,67.5046,106.392,97.4842,0.4
364,0.606993,8.14664,80,67.5046,67.5046,106.392,117.715,0.4
365,0.018325,8.14664,80,67.5046,67.5046,106.392,102.075,0.4
366,0.051067,8.14664,80,67.5046,67.5046,106.392,111.422,0.4
367,-0.815074,8.14664,80,67.5046,67.5046,106.392,128.53,0.4
368,-0.946656,8.14664,80,67.5046,67.5046,106.392,103.135,0.4
369,-0.195117,8.14664,80,67.5046,67.5046,106.392,101.197,0.4
370,-0.986052,8.14664,80,67.5046,67.5046,106.392,98.4833,0.4
371,0.19115,8.14664,80,67.5046,67.5046,106.392,95.3952,0.4
372,-0.153381,8.14664,80,67.5046,67.5046,106.392,107.14,0.4
373,0.42048,8.14664,80,67.5046,67.5046,106.392,111.9,0.4
374,0.433365,8.14664,80,67.5046,67.5046,106.392,93.82,0.4
375,0.466381,8.14664,80,67.5046,67.5046,106.392,108.321,0.4
376,0.265717,8.14664,80,67.5046,67.5046,106.392,96.8614,0.4
377,-0.909677,8.14664,80,67.5046,67.5046,106.392,106.293,0.4
378,0.376452,8.14664,80,67.5046,67.5046,106.392,97.2745,0.4
379,1.13531,8.14664,80,67.5046,67.5046,106.392,94.7061,0.4
380,0.726268,8.14664,80,67.5046,67.5046,106.392,119.69,0.4
381,-0.102343,8.14664,80,67.5046,67.5046,106.392,94.9495,0.4
382,1.10853,8.14664,80,67.5046,67.5046,106.392,86.7417,0.4
383,-0.098841,8.14664,80,67.5046,67.5046,106.392,103.239,0.4
384,0.309637,8.14664,80,67.5046,67.5046,106.392,81.6062,0.4
385,0.0366606,8.14664,80,67.5046,67.5046,106.392,103.049,0.4
386,0.768494,8.14664,80,67.5046,67.5046,106.392,106.125,0.4
387,0.38338,8.14664,80,67.5046,67.5046,106.392,104.343,0.4
388,-1.24543,8.14664,80,67.5046,67.5046,106.392,81.5277,0.4
389,0.119349,8.14664,80,67.5046,67.5046,106.392,92.785,0.4
390,-0.0618641,8.14664,80,67.5046,67.5046,106.392,101.924,0.4
391,-0.502145,8.14664,80,67.5046,67.5046,106.392,129.515,0.4
392,1.5197,8.14664,80,67.5046,67.5046,106.392,115.53,0.4
393,0.998019,8.14664,80,67.5046,67.5046,106.392,91.5883,0.4
394,-0.399589,8.14664,80,67.5046,67.5046,106.392,89.4661,0.4
395,-0.326281,8.14664,80,67.5046,67.5046,106.392,114.162,0.4
396,1.0617,8.14664,80,67.5046,67.5046,106.392,125.764,0.4
397,0.657361,8.14664,80,67.5046,67.5046,106.392,110.314,0.4
398,0.59443,8.14664,80,67.5046,67.5046,106.392,82.2466,0.4
399,0.558958,8.14664,80,67.5046,67.5046,106.392,119.569,0.4
400,-0.406026,8.14664,80,67.5046,67.5046,106.392,109.903,0.4
401,-0.890836,8.14664,80,67.5046,67.5046,106.392,108.228,0.4
402,0.663295,8.14664,80,67.5046,67.5046,106.392,118.349,0.4
403,0.0881349,8.14664,80,67.5046,67.5046,106.392,123.084,0.4
404,-0.42378,8.14664,80,67.5046,67.5046,106.392,106.259,0.4
405,0.0633168,8.14664,80,67.5046,67.5046,106.392,120.578,0.4
406,-1.11855,8.14664,80,67.5046,67.5046,106.392,108.433,0.4
407,1.4992,8.14664,80,67.5046,67.5046,106.392,86.9937,0.4
408,-0.267944,8.14664,80,67.5046,67.5046,106.392,83.3609,0.4
409,-0.0620977,8.14664,80,67.5046,67.5046,106.392,103.473,0.4
410,1.07394,8.14664,80,67.5046,67.5046,106.392,96.6729,0.4
411,0.208626,8.14664,80,67.5046,67.5046,106.392,76.1574,0.4
412,-0.558532,8.14664,80,67.5046,67.5046,106.392,97.0461,0.4
413,-0.978153,8.14664,80,67.5046,67.5046,106.392,111.907,0.4
414,0.843966,8.14664,80,67.5046,67.5046,106.392,95.671,0.4
415,-0.59958,8.14664,80,67.5046,67.5046,106.392,96.8885,0.4
416,-0.805204,8.14664,80,67.5046,67.5046,106.392,91.5284,0.4
417,0.516522,8.14664,80,67.5046,67.5046,106.392,106.005,0.4
418,-0.0653918,8.14664,80,67.5046,67.5046,106.392,100.783,0.4
419,-0.0888801,8.14664,80,67.5046,67.5046,106.392,115.779,0.4
420,1.57326,8.14664,80,67.5046,67.5046,106.392,99.6974,0.4
421,-1.19586,8.14664,80,67.5046,67.5046,106.392,102.81,0.4
422,-0.648537,8.14664,80,67.5046,67.5046,106.392,172.202,0.4
423,0.872604,8.14664,80,67.5046,67.5046,106.392,116.341,0.4
424,0.538275,8.14664,80,67.5046,67.5046,106.392,98.1386,0.4
425,-0.617988,8.14664,80,67.5046,67.5046,106.392,97.9124,0.4
426,0.492398,8.14664,80,67.5046,67.5046,106.392,95.3384,0.4
427,-1.40078,8.14664,80,67.5046,67.5046,106.392,110.178,0.4
428,0.892309,8.14664,80,67.5046,67.5046,106.392,77.1234,0.4
429,0.723515,8.14664,80,67.5046,67.5046,106.392,103.313,0.4
430,-0.930516,8.14664,80,67.5046,67.5046,106.392,108.253,0.4
431,1.04486,8.14664,80,67.5046,67.5046,106.392,112.197,0.4
432,-1.86445,8.14664,80,67.5046,67.5046,106.392,114.568,0.4
433,1.42964,8.14664,80,67.5046,67.5046,106.392,89.2268,0.4
434,-0.624279,8.14664,80,67.5046,67.5046,106.392,78.629,0.4
435,1.05872,8.14664,80,67.5046,67.5046,106.392,101.565,0.4
436,0.702298,8.14664,80,67.5046,67.5046,106.392,124.042,0.4
437,-0.453445,8.14664,80,67.5046,67.5046,106.392,116.341,0.4
438,0.569647,8.14664,80,67.5046,67.5046,106.392,95.8911,0.4
439,1.21195,8.14664,80,67.5046,67.5046,106.392,121.738,0.4
440,-0.0714977,8.14664,80,67.5046,67.5046,106.392,97.396,0.4
441,-0.62484,8.14664,80,67.5046,67.5046,106.392,92.7485,0.4
442,-1.13849,8.14664,80,67.5046,67.5046,106.392,90.8534,0.4
443,-0.502652,8.14664,80,67.5046,67.5046,106.392,113.242,0.4
444,-1.26611,8.14664,80,67.5046,67.5046,106.392,95.8116,0.4
445,-0.885854,8.14664,80,67.5046,67.5046,106.392,112.956,0.4
446,-0.52253,8.14664,80,67.5046,67.5046,106.392,86.9094,0.4
447,0.0555316,8.14664,80,67.5046,67.5046,106.392,105.228,0.4
448,1.58135,8.14664,80,67.5046,67.5046,106.392,102.398,0.4
449,-1.35002,8.14664,80,67.5046,67.5046,106.392,109.957,0.4
450,-0.358868,8.14664,80,67.5046,67.5046,106.392,103.797,0.4
451,0.0981346,8.14664,80,67.5046,67.5046,106.392,119.212,0.4
452,-0.752913,8.14664,80,67.5046,67.5046,106.392,119.286,0.4
453,0.784179,8.14664,80,67.5046,67.5046,106.392,87.3029,0.4
454,0.504278,8.14664,80,67.5046,67.5046,106.392,98.9543,0.4
455,0.0534466,8.14664,80,67.5046,67.5046,106.392,105.812,0.4
456,-0.785257,8.14664,80,67.5046,67.5046,106.392,99.5748,0.4
457,0.892474,8.14664,80,67.5046,67.5046,106.392,103.809,0.4
458,-0.0857034,8.14664,80,67.5046,67.5046,106.392,108.389,0.4
459,0.114075,8.14664,80,67.5046,67.5046,106.392,90.2216,0.4
460,-1.30805,8.14664,80,67.5046,67.5046,106.392,80.6341,0.4
461,-0.427412,8.14664,80,67.5046,67.5046,106.392,86.6422,0.4
462,-0.341298,8.14664,80,67.5046,67.5046,106.392,94.163,0.4
463,0.559136,8.14664,80,67.5046,67.5046,106.392,119.007,0.4
464,0.742071,8.14664,80,67.5046,67.5046,106.392,99.0195,0.4
465,-0.774175,8.14664,80,67.5046,67.5046,106.392,104.765,0.4
466,-0.845932,8.14664,80,67.5046,67.5046,106.392,94.2539,0.4
467,0.137858,8.14664,80,67.5046,67.5046,106.392,130.477,0.4
468,0.349023,8.14664,80,67.5046,67.5046,106.392,110.869,0.4
469,-0.339716,8.14664,80,67.5046,67.5046,106.392,119.911,0.4
470,-0.621897,8.14664,80,67.5046,67.5046,106.392,90.8363,0.4
471,-0.0720371,8.14664,80,67.5046,67.5046,106.392,120.328,0.4
472,1.56593,8.14664,80,67.5046,67.5046,106.392,95.593,0.4
473,-0.695257,8.14664,80,67.5046,67.5046,106.392,96.8211,0.4
474,1.23344,8.14664,80,67.5046,67.5046,106.392,119.145,0.4
475,-0.517377,8.14664,80,67.5046,67.5046,106.392,123.458,0.4
476,-0.00498707,8.14664,80,67.5046,67.5046,106.392,126.117,0.4
477,-0.252797,8.14664,80,67.5046,67.5046,106.392,119.281,0.4
478,0.586319,8.14664,80,67.5046,67.5046,106.392,116.018,0.4
479,0.636489,8.14664,80,67.5046,67.5046,106.392,92.6069,0.4
480,1.10371,8.14664,80,67.5046,67.5046,106.392,102.028,0.4
481,-0.930811,8.14664,80,67.5046,67.5046,106.392,112.156,0.4
482,-0.56,8.14664,80,67.5046,67.5046,106.392,108.317,0.4
483,-0.836812,8.14664,80,67.5046,67.5046,106.392,113.842,0.4
484,0.398495,8.14664,80,67.5046,67.5046,106.392,96.9153,0.4
485,0.795535,8.14664,80,67.5046,67.5046,106.392,120.626,0.4
486,-0.30755,8.14664,80,67.5046,67.5046,106.392,98.9591,0.4
487,0.466966,8.14664,80,67.5046,67.5046,106.392,100.059,0.4
488,0.0823774,8.14664,80,67.5046,67.5046,106.392,127.297,0.4
489,-1.90581,8.14664,80,67.5046,67.5046,106.392,110.407,0.4
490,-0.0561919,8.14664,80,67.5046,67.5046,106.392,123.09,0.4
491,-0.425948,8.14664,80,67.5046,67.5046,106.392,103.316,0.4
492,-0.223576,8.14664,80,67.5046,67.5046,106.392,105.491,0.4
493,-0.977823,8.14664,80,67.5046,67.5046,106.392,110.773,0.4
494,0.293757,8.14664,80,67.5046,67.5046,106.392,95.4234,0.4
495,-0.295399,8.14664,80,67.5046,67.5046,106.392,114.522,0.4
496,0.0528153,8.14664,80,67.5046,67.5046,106.392,116.996,0.4
497,0.37646,8.14664,80,67.5046,67.5046,106.392,100.509,0.4
498,0.273028,8.14664,80,67.5046,67.5046,106.392,130.637,0.4
499,-1.95827,8.14664,80,67.5046,67.5046,106.392,103.597,0.4
