PID,i_lum_F1_indiv,i_lum_k12(KA),i_lum_k23(Q/V),i_lum_k32(Q/VP),i_lum_k20(CL/V),total_mg_dose_per_occassion,DS,Q,V,CL,VP
0,0.548935,0.0386,0.00527477,0.00590206,0.0207004,480,0.24338,0.33164,62.8728,1.30149,56.1905
1,0.24087,0.0386,0.0165555,0.00590206,0.0649707,480,0.24338,0.33164,20.032,1.30149,56.1905
2,0.405116,0.0386,0.019254,0.00590206,0.0755609,480,0.24338,0.33164,17.2244,1.30149,56.1905
3,0.0958873,0.0386,0.0267404,0.00590206,0.10494,480,0.24338,0.33164,12.4022,1.30149,56.1905
4,0.130867,0.0386,0.00775335,0.00590206,0.0304274,480,0.24338,0.33164,42.7737,1.30149,56.1905
5,0.16599,0.0386,0.203009,0.00590206,0.796694,480,0.24338,0.33164,1.63362,1.30149,56.1905
6,0.17285,0.0386,0.0236467,0.00590206,0.0927995,480,0.24338,0.33164,14.0248,1.30149,56.1905
7,0.125556,0.0386,0.0125207,0.00590206,0.0491365,480,0.24338,0.33164,26.4873,1.30149,56.1905
8,0.0706717,0.0386,0.0220555,0.00590206,0.0865551,480,0.24338,0.33164,15.0366,1.30149,56.1905
9,0.323248,0.0386,0.128129,0.00590206,0.502831,480,0.24338,0.33164,2.58833,1.30149,56.1905
10,0.125013,0.0386,0.0733726,0.00590206,0.287945,480,0.24338,0.33164,4.51994,1.30149,56.1905
11,0.226936,0.0386,0.0149385,0.00590206,0.0586249,480,0.24338,0.33164,22.2003,1.30149,56.1905
12,0.374649,0.0386,0.0289196,0.00590206,0.113493,480,0.24338,0.33164,11.4677,1.30149,56.1905
13,0.11665,0.0386,0.0294263,0.00590206,0.115481,480,0.24338,0.33164,11.2702,1.30149,56.1905
14,0.208282,0.0386,0.0350832,0.00590206,0.137681,480,0.24338,0.33164,9.45295,1.30149,56.1905
15,0.352662,0.0386,0.021071,0.00590206,0.0826914,480,0.24338,0.33164,15.7392,1.30149,56.1905
16,0.297869,0.0386,0.0252411,0.00590206,0.0990566,480,0.24338,0.33164,13.1389,1.30149,56.1905
17,0.666263,0.0386,0.0930657,0.00590206,0.365229,480,0.24338,0.33164,3.5635,1.30149,56.1905
18,0.192238,0.0386,0.00839667,0.00590206,0.032952,480,0.24338,0.33164,39.4966,1.30149,56.1905
19,0.339111,0.0386,0.0288128,0.00590206,0.113073,480,0.24338,0.33164,11.5102,1.30149,56.1905
20,0.133847,0.0386,0.0156526,0.00590206,0.0614273,480,0.24338,0.33164,21.1875,1.30149,56.1905
21,0.303438,0.0386,0.0213356,0.00590206,0.08373,480,0.24338,0.33164,15.5439,1.30149,56.1905
22,0.614792,0.0386,0.0177391,0.00590206,0.0696157,480,0.24338,0.33164,18.6954,1.30149,56.1905
23,0.1484,0.0386,0.122378,0.00590206,0.480262,480,0.24338,0.33164,2.70997,1.30149,56.1905
24,0.111904,0.0386,0.057843,0.00590206,0.227,480,0.24338,0.33164,5.73344,1.30149,56.1905
25,0.361418,0.0386,0.302895,0.00590206,1.18869,480,0.24338,0.33164,1.0949,1.30149,56.1905
26,0.285848,0.0386,0.00462683,0.00590206,0.0181576,480,0.24338,0.33164,71.6776,1.30149,56.1905
27,0.200085,0.0386,0.0205431,0.00590206,0.0806196,480,0.24338,0.33164,16.1436,1.30149,56.1905
28,0.11623,0.0386,0.0218063,0.00590206,0.085577,480,0.24338,0.33164,15.2084,1.30149,56.1905
29,0.191335,0.0386,0.0685681,0.00590206,0.26909,480,0.24338,0.33164,4.83664,1.30149,56.1905
30,0.341554,0.0386,0.00739444,0.00590206,0.0290189,480,0.24338,0.33164,44.8498,1.30149,56.1905
31,0.50544,0.0386,0.0455878,0.00590206,0.178905,480,0.24338,0.33164,7.27475,1.30149,56.1905
32,0.407254,0.0386,0.0226521,0.00590206,0.0888963,480,0.24338,0.33164,14.6406,1.30149,56.1905
33,0.243467,0.0386,0.0289552,0.00590206,0.113632,480,0.24338,0.33164,11.4536,1.30149,56.1905
34,0.185861,0.0386,0.0715512,0.00590206,0.280797,480,0.24338,0.33164,4.635,1.30149,56.1905
35,0.223096,0.0386,0.00791549,0.00590206,0.0310637,480,0.24338,0.33164,41.8976,1.30149,56.1905
36,0.286405,0.0386,0.00767874,0.00590206,0.0301346,480,0.24338,0.33164,43.1893,1.30149,56.1905
37,0.422835,0.0386,0.0484676,0.00590206,0.190207,480,0.24338,0.33164,6.8425,1.30149,56.1905
38,0.338964,0.0386,0.00116854,0.00590206,0.00458585,480,0.24338,0.33164,283.806,1.30149,56.1905
39,0.495594,0.0386,0.0274277,0.00590206,0.107638,480,0.24338,0.33164,12.0914,1.30149,56.1905
40,0.321804,0.0386,0.031313,0.00590206,0.122885,480,0.24338,0.33164,10.5911,1.30149,56.1905
41,0.16588,0.0386,0.091085,0.00590206,0.357456,480,0.24338,0.33164,3.64099,1.30149,56.1905
42,0.445606,0.0386,0.0344784,0.00590206,0.135308,480,0.24338,0.33164,9.61876,1.30149,56.1905
43,0.42311,0.0386,0.0166402,0.00590206,0.0653029,480,0.24338,0.33164,19.9301,1.30149,56.1905
44,0.41976,0.0386,0.0296917,0.00590206,0.116523,480,0.24338,0.33164,11.1694,1.30149,56.1905
45,0.331854,0.0386,0.0300712,0.00590206,0.118012,480,0.24338,0.33164,11.0285,1.30149,56.1905
46,0.135925,0.0386,0.0139865,0.00590206,0.0548888,480,0.24338,0.33164,23.7115,1.30149,56.1905
47,0.320727,0.0386,0.0130861,0.00590206,0.0513555,480,0.24338,0.33164,25.3428,1.30149,56.1905
48,0.287255,0.0386,0.0102403,0.00590206,0.0401872,480,0.24338,0.33164,32.3858,1.30149,56.1905
49,0.126682,0.0386,0.12913,0.00590206,0.506762,480,0.24338,0.33164,2.56825,1.30149,56.1905
50,0.255829,0.0386,0.0614009,0.00590206,0.240963,480,0.24338,0.33164,5.40122,1.30149,56.1905
51,0.489739,0.0386,0.0200282,0.00590206,0.0785992,480,0.24338,0.33164,16.5586,1.30149,56.1905
52,0.453303,0.0386,0.00298084,0.00590206,0.0116981,480,0.24338,0.33164,111.257,1.30149,56.1905
53,0.815473,0.0386,0.0156966,0.00590206,0.0616,480,0.24338,0.33164,21.1281,1.30149,56.1905
54,0.45716,0.0386,0.0235,0.00590206,0.0922239,480,0.24338,0.33164,14.1123,1.30149,56.1905
55,0.118037,0.0386,0.00263175,0.00590206,0.0103281,480,0.24338,0.33164,126.015,1.30149,56.1905
56,0.287617,0.0386,0.0716545,0.00590206,0.281202,480,0.24338,0.33164,4.62831,1.30149,56.1905
57,0.16875,0.0386,0.0544354,0.00590206,0.213627,480,0.24338,0.33164,6.09235,1.30149,56.1905
58,0.373899,0.0386,0.031893,0.00590206,0.125161,480,0.24338,0.33164,10.3985,1.30149,56.1905
59,0.364391,0.0386,0.0175367,0.00590206,0.0688214,480,0.24338,0.33164,18.9112,1.30149,56.1905
60,0.193967,0.0386,0.00631914,0.00590206,0.024799,480,0.24338,0.33164,52.4817,1.30149,56.1905
61,0.155799,0.0386,0.0945211,0.00590206,0.37094,480,0.24338,0.33164,3.50863,1.30149,56.1905
62,0.188317,0.0386,0.0144814,0.00590206,0.0568309,480,0.24338,0.33164,22.9011,1.30149,56.1905
63,0.163026,0.0386,0.0022432,0.00590206,0.00880325,480,0.24338,0.33164,147.842,1.30149,56.1905
64,0.455298,0.0386,0.010421,0.00590206,0.0408964,480,0.24338,0.33164,31.8242,1.30149,56.1905
65,0.155799,0.0386,0.0374099,0.00590206,0.146812,480,0.24338,0.33164,8.86502,1.30149,56.1905
66,0.387651,0.0386,0.0773788,0.00590206,0.303667,480,0.24338,0.33164,4.28592,1.30149,56.1905
67,0.0836488,0.0386,0.0144259,0.00590206,0.0566133,480,0.24338,0.33164,22.9892,1.30149,56.1905
68,0.501337,0.0386,0.0192354,0.00590206,0.0754879,480,0.24338,0.33164,17.2411,1.30149,56.1905
69,0.542218,0.0386,0.0446579,0.00590206,0.175256,480,0.24338,0.33164,7.42622,1.30149,56.1905
70,0.406908,0.0386,0.0243375,0.00590206,0.0955105,480,0.24338,0.33164,13.6267,1.30149,56.1905
71,0.0939066,0.0386,0.0135376,0.00590206,0.0531272,480,0.24338,0.33164,24.4977,1.30149,56.1905
72,0.308446,0.0386,0.0111218,0.00590206,0.0436465,480,0.24338,0.33164,29.819,1.30149,56.1905
73,0.0952796,0.0386,0.042972,0.00590206,0.16864,480,0.24338,0.33164,7.71757,1.30149,56.1905
74,0.217947,0.0386,0.0422772,0.00590206,0.165913,480,0.24338,0.33164,7.84442,1.30149,56.1905
75,0.350402,0.0386,0.0285549,0.00590206,0.112061,480,0.24338,0.33164,11.6141,1.30149,56.1905
76,0.266591,0.0386,0.0274921,0.00590206,0.10789,480,0.24338,0.33164,12.0631,1.30149,56.1905
77,0.161593,0.0386,0.0615164,0.00590206,0.241416,480,0.24338,0.33164,5.39108,1.30149,56.1905
78,0.224708,0.0386,0.115667,0.00590206,0.453928,480,0.24338,0.33164,2.86718,1.30149,56.1905
79,0.0744312,0.0386,0.935012,0.00590206,3.66938,480,0.24338,0.33164,0.35469,1.30149,56.1905
80,0.312754,0.0386,0.0102482,0.00590206,0.0402181,480,0.24338,0.33164,32.3608,1.30149,56.1905
81,0.452723,0.0386,0.0798895,0.00590206,0.31352,480,0.24338,0.33164,4.15123,1.30149,56.1905
82,0.276983,0.0386,0.0935958,0.00590206,0.367309,480,0.24338,0.33164,3.54332,1.30149,56.1905
83,0.450274,0.0386,0.0285575,0.00590206,0.112072,480,0.24338,0.33164,11.613,1.30149,56.1905
84,0.138158,0.0386,0.0946428,0.00590206,0.371418,480,0.24338,0.33164,3.50412,1.30149,56.1905
85,0.0843722,0.0386,0.0107239,0.00590206,0.0420851,480,0.24338,0.33164,30.9252,1.30149,56.1905
86,0.413717,0.0386,0.0404913,0.00590206,0.158905,480,0.24338,0.33164,8.1904,1.30149,56.1905
87,0.411308,0.0386,0.00725895,0.00590206,0.0284872,480,0.24338,0.33164,45.687,1.30149,56.1905
88,0.112959,0.0386,0.0194366,0.00590206,0.0762774,480,0.24338,0.33164,17.0626,1.30149,56.1905
89,0.40692,0.0386,0.0156464,0.00590206,0.061403,480,0.24338,0.33164,21.1959,1.30149,56.1905
90,0.574899,0.0386,0.0944011,0.00590206,0.370469,480,0.24338,0.33164,3.51309,1.30149,56.1905
91,0.14043,0.0386,0.0268683,0.00590206,0.105442,480,0.24338,0.33164,12.3432,1.30149,56.1905
92,0.155413,0.0386,0.0271686,0.00590206,0.106621,480,0.24338,0.33164,12.2067,1.30149,56.1905
93,0.342907,0.0386,0.001754,0.00590206,0.00688345,480,0.24338,0.33164,189.076,1.30149,56.1905
94,0.194559,0.0386,0.0135792,0.00590206,0.0532905,480,0.24338,0.33164,24.4226,1.30149,56.1905
95,0.126354,0.0386,0.320199,0.00590206,1.25659,480,0.24338,0.33164,1.03573,1.30149,56.1905
96,0.403677,0.0386,0.0368068,0.00590206,0.144445,480,0.24338,0.33164,9.01028,1.30149,56.1905
97,0.0575425,0.0386,0.0716463,0.00590206,0.28117,480,0.24338,0.33164,4.62884,1.30149,56.1905
98,0.169864,0.0386,0.0282293,0.00590206,0.110784,480,0.24338,0.33164,11.7481,1.30149,56.1905
99,0.292099,0.0386,0.0221358,0.00590206,0.0868703,480,0.24338,0.33164,14.982,1.30149,56.1905
100,0.242115,0.0386,0.0368906,0.00590206,0.144774,480,0.24338,0.33164,8.98981,1.30149,56.1905
101,0.374661,0.0386,0.0468158,0.00590206,0.183725,480,0.24338,0.33164,7.08393,1.30149,56.1905
102,0.0796151,0.0386,0.0105858,0.00590206,0.0415431,480,0.24338,0.33164,31.3288,1.30149,56.1905
103,0.32784,0.0386,0.0540967,0.00590206,0.212298,480,0.24338,0.33164,6.13049,1.30149,56.1905
104,0.0799207,0.0386,0.0248384,0.00590206,0.0974763,480,0.24338,0.33164,13.3519,1.30149,56.1905
105,0.314491,0.0386,0.0768754,0.00590206,0.301691,480,0.24338,0.33164,4.31399,1.30149,56.1905
106,0.139192,0.0386,0.0384136,0.00590206,0.150751,480,0.24338,0.33164,8.6334,1.30149,56.1905
107,0.323948,0.0386,0.0601677,0.00590206,0.236123,480,0.24338,0.33164,5.51193,1.30149,56.1905
108,0.399248,0.0386,0.0641044,0.00590206,0.251572,480,0.24338,0.33164,5.17343,1.30149,56.1905
109,0.191603,0.0386,0.0296266,0.00590206,0.116267,480,0.24338,0.33164,11.194,1.30149,56.1905
110,0.33381,0.0386,0.0217006,0.00590206,0.0851622,480,0.24338,0.33164,15.2825,1.30149,56.1905
111,0.249635,0.0386,0.0216704,0.00590206,0.0850438,480,0.24338,0.33164,15.3038,1.30149,56.1905
112,0.427782,0.0386,0.0606421,0.00590206,0.237985,480,0.24338,0.33164,5.4688,1.30149,56.1905
113,0.202943,0.0386,0.0210408,0.00590206,0.0825729,480,0.24338,0.33164,15.7617,1.30149,56.1905
114,0.262256,0.0386,0.0532797,0.00590206,0.209092,480,0.24338,0.33164,6.22451,1.30149,56.1905
115,0.356591,0.0386,0.11584,0.00590206,0.454605,480,0.24338,0.33164,2.86291,1.30149,56.1905
116,0.385923,0.0386,0.0650691,0.00590206,0.255359,480,0.24338,0.33164,5.09673,1.30149,56.1905
117,0.397047,0.0386,0.0116427,0.00590206,0.0456907,480,0.24338,0.33164,28.4848,1.30149,56.1905
118,0.496598,0.0386,0.0167115,0.00590206,0.0655828,480,0.24338,0.33164,19.845,1.30149,56.1905
119,0.184347,0.0386,0.0785631,0.00590206,0.308315,480,0.24338,0.33164,4.22131,1.30149,56.1905
120,0.273199,0.0386,0.00915733,0.00590206,0.0359372,480,0.24338,0.33164,36.2157,1.30149,56.1905
121,0.143648,0.0386,0.112023,0.00590206,0.439626,480,0.24338,0.33164,2.96045,1.30149,56.1905
122,0.295014,0.0386,0.0338417,0.00590206,0.132809,480,0.24338,0.33164,9.79973,1.30149,56.1905
123,0.155023,0.0386,0.0203231,0.00590206,0.0797565,480,0.24338,0.33164,16.3183,1.30149,56.1905
124,0.40582,0.0386,0.0441793,0.00590206,0.173378,480,0.24338,0.33164,7.50667,1.30149,56.1905
125,0.508171,0.0386,0.0159379,0.00590206,0.062547,480,0.24338,0.33164,20.8082,1.30149,56.1905
126,0.216892,0.0386,0.0340887,0.00590206,0.133778,480,0.24338,0.33164,9.72872,1.30149,56.1905
127,0.520219,0.0386,0.0740803,0.00590206,0.290722,480,0.24338,0.33164,4.47676,1.30149,56.1905
128,0.269918,0.0386,0.0230784,0.00590206,0.0905693,480,0.24338,0.33164,14.3701,1.30149,56.1905
129,0.205603,0.0386,0.0213142,0.00590206,0.0836457,480,0.24338,0.33164,15.5596,1.30149,56.1905
130,0.274435,0.0386,0.0111226,0.00590206,0.0436497,480,0.24338,0.33164,29.8168,1.30149,56.1905
131,0.170935,0.0386,0.0435504,0.00590206,0.17091,480,0.24338,0.33164,7.61507,1.30149,56.1905
132,0.177226,0.0386,0.0306167,0.00590206,0.120153,480,0.24338,0.33164,10.832,1.30149,56.1905
133,0.505202,0.0386,0.0138737,0.00590206,0.0544464,480,0.24338,0.33164,23.9041,1.30149,56.1905
134,0.165985,0.0386,0.043412,0.00590206,0.170367,480,0.24338,0.33164,7.63936,1.30149,56.1905
135,0.8675,0.0386,0.0103264,0.00590206,0.0405251,480,0.24338,0.33164,32.1157,1.30149,56.1905
136,0.284543,0.0386,0.123612,0.00590206,0.485105,480,0.24338,0.33164,2.68291,1.30149,56.1905
137,0.131809,0.0386,0.0152402,0.00590206,0.0598089,480,0.24338,0.33164,21.7609,1.30149,56.1905
138,0.278708,0.0386,0.0717366,0.00590206,0.281525,480,0.24338,0.33164,4.62302,1.30149,56.1905
139,0.156205,0.0386,0.0899706,0.00590206,0.353082,480,0.24338,0.33164,3.68609,1.30149,56.1905
140,0.337524,0.0386,0.0109119,0.00590206,0.042823,480,0.24338,0.33164,30.3924,1.30149,56.1905
141,0.453865,0.0386,0.0588134,0.00590206,0.230808,480,0.24338,0.33164,5.63885,1.30149,56.1905
142,0.26085,0.0386,0.0679635,0.00590206,0.266717,480,0.24338,0.33164,4.87967,1.30149,56.1905
143,0.271691,0.0386,0.150207,0.00590206,0.589476,480,0.24338,0.33164,2.20788,1.30149,56.1905
144,0.690505,0.0386,0.0314694,0.00590206,0.123499,480,0.24338,0.33164,10.5385,1.30149,56.1905
145,0.109837,0.0386,0.131469,0.00590206,0.51594,480,0.24338,0.33164,2.52257,1.30149,56.1905
146,0.2879,0.0386,0.0459164,0.00590206,0.180195,480,0.24338,0.33164,7.22268,1.30149,56.1905
147,0.326577,0.0386,0.0167661,0.00590206,0.0657973,480,0.24338,0.33164,19.7803,1.30149,56.1905
148,0.293683,0.0386,0.017379,0.00590206,0.0682024,480,0.24338,0.33164,19.0828,1.30149,56.1905
149,0.139167,0.0386,0.113635,0.00590206,0.44595,480,0.24338,0.33164,2.91847,1.30149,56.1905
150,0.130916,0.0386,0.00245558,0.00590206,0.00963674,480,0.24338,0.33164,135.055,1.30149,56.1905
151,0.748132,0.0386,0.0227071,0.00590206,0.089112,480,0.24338,0.33164,14.6051,1.30149,56.1905
152,0.386487,0.0386,0.120555,0.00590206,0.473108,480,0.24338,0.33164,2.75094,1.30149,56.1905
153,0.110825,0.0386,0.0142582,0.00590206,0.055955,480,0.24338,0.33164,23.2596,1.30149,56.1905
154,0.0423461,0.0386,0.0937499,0.00590206,0.367914,480,0.24338,0.33164,3.53749,1.30149,56.1905
155,0.446604,0.0386,0.0130966,0.00590206,0.0513964,480,0.24338,0.33164,25.3226,1.30149,56.1905
156,0.534082,0.0386,0.00994562,0.00590206,0.0390308,480,0.24338,0.33164,33.3453,1.30149,56.1905
157,0.171495,0.0386,0.0137146,0.00590206,0.0538217,480,0.24338,0.33164,24.1816,1.30149,56.1905
158,0.110463,0.0386,0.00988108,0.00590206,0.0387775,480,0.24338,0.33164,33.5631,1.30149,56.1905
159,0.0684914,0.0386,0.0293494,0.00590206,0.115179,480,0.24338,0.33164,11.2997,1.30149,56.1905
160,0.481791,0.0386,0.0305198,0.00590206,0.119772,480,0.24338,0.33164,10.8664,1.30149,56.1905
161,0.206532,0.0386,0.00336162,0.00590206,0.0131924,480,0.24338,0.33164,98.6549,1.30149,56.1905
162,0.396246,0.0386,0.107989,0.00590206,0.423793,480,0.24338,0.33164,3.07106,1.30149,56.1905
163,0.182631,0.0386,0.0207515,0.00590206,0.0814375,480,0.24338,0.33164,15.9815,1.30149,56.1905
164,0.220188,0.0386,0.0872883,0.00590206,0.342556,480,0.24338,0.33164,3.79936,1.30149,56.1905
165,0.237735,0.0386,0.0184602,0.00590206,0.0724455,480,0.24338,0.33164,17.9651,1.30149,56.1905
166,0.412485,0.0386,0.0351642,0.00590206,0.137999,480,0.24338,0.33164,9.43117,1.30149,56.1905
167,0.352441,0.0386,0.0118309,0.00590206,0.0464292,480,0.24338,0.33164,28.0318,1.30149,56.1905
168,0.356116,0.0386,0.206203,0.00590206,0.809227,480,0.24338,0.33164,1.60832,1.30149,56.1905
169,0.184846,0.0386,0.0420536,0.00590206,0.165036,480,0.24338,0.33164,7.88613,1.30149,56.1905
170,0.267356,0.0386,0.149976,0.00590206,0.588568,480,0.24338,0.33164,2.21129,1.30149,56.1905
171,0.102297,0.0386,0.277665,0.00590206,1.08968,480,0.24338,0.33164,1.19439,1.30149,56.1905
172,0.244184,0.0386,0.0216705,0.00590206,0.0850442,480,0.24338,0.33164,15.3037,1.30149,56.1905
173,0.356194,0.0386,0.00583324,0.00590206,0.0228921,480,0.24338,0.33164,56.8535,1.30149,56.1905
174,0.317261,0.0386,0.00386072,0.00590206,0.0151511,480,0.24338,0.33164,85.901,1.30149,56.1905
175,0.238424,0.0386,0.0195233,0.00590206,0.0766175,480,0.24338,0.33164,16.9869,1.30149,56.1905
176,0.159351,0.0386,0.0116071,0.00590206,0.0455512,480,0.24338,0.33164,28.5721,1.30149,56.1905
177,0.448652,0.0386,0.0407554,0.00590206,0.159941,480,0.24338,0.33164,8.13731,1.30149,56.1905
178,0.48456,0.0386,0.0551327,0.00590206,0.216364,480,0.24338,0.33164,6.0153,1.30149,56.1905
179,0.171625,0.0386,0.0400937,0.00590206,0.157344,480,0.24338,0.33164,8.27162,1.30149,56.1905
180,0.159397,0.0386,0.0616816,0.00590206,0.242064,480,0.24338,0.33164,5.37664,1.30149,56.1905
181,0.360468,0.0386,0.015526,0.00590206,0.0609304,480,0.24338,0.33164,21.3603,1.30149,56.1905
182,0.134596,0.0386,0.00743406,0.00590206,0.0291744,480,0.24338,0.33164,44.6108,1.30149,56.1905
183,0.316464,0.0386,0.0393533,0.00590206,0.154439,480,0.24338,0.33164,8.42725,1.30149,56.1905
184,0.168262,0.0386,0.0462808,0.00590206,0.181625,480,0.24338,0.33164,7.16582,1.30149,56.1905
185,0.229007,0.0386,0.0784796,0.00590206,0.307987,480,0.24338,0.33164,4.22581,1.30149,56.1905
186,0.231474,0.0386,0.092559,0.00590206,0.36324,480,0.24338,0.33164,3.58301,1.30149,56.1905
187,0.123823,0.0386,0.0557965,0.00590206,0.218969,480,0.24338,0.33164,5.94374,1.30149,56.1905
188,0.270158,0.0386,0.00696975,0.00590206,0.0273522,480,0.24338,0.33164,47.5827,1.30149,56.1905
189,0.285296,0.0386,0.0226156,0.00590206,0.0887529,480,0.24338,0.33164,14.6642,1.30149,56.1905
190,0.162054,0.0386,0.0386846,0.00590206,0.151815,480,0.24338,0.33164,8.57291,1.30149,56.1905
191,0.204329,0.0386,0.0980843,0.00590206,0.384924,480,0.24338,0.33164,3.38117,1.30149,56.1905
192,0.191781,0.0386,0.006256,0.00590206,0.0245512,480,0.24338,0.33164,53.0114,1.30149,56.1905
193,0.322252,0.0386,0.00507632,0.00590206,0.0199216,480,0.24338,0.33164,65.3307,1.30149,56.1905
194,0.691817,0.0386,0.0409829,0.00590206,0.160834,480,0.24338,0.33164,8.09214,1.30149,56.1905
195,0.146482,0.0386,0.111129,0.00590206,0.436115,480,0.24338,0.33164,2.98429,1.30149,56.1905
196,0.0868942,0.0386,0.36901,0.00590206,1.44815,480,0.24338,0.33164,0.898728,1.30149,56.1905
197,0.329126,0.0386,0.0115833,0.00590206,0.0454578,480,0.24338,0.33164,28.6308,1.30149,56.1905
198,0.155386,0.0386,0.00715798,0.00590206,0.0280909,480,0.24338,0.33164,46.3315,1.30149,56.1905
199,0.169327,0.0386,0.0575734,0.00590206,0.225942,480,0.24338,0.33164,5.76029,1.30149,56.1905
200,0.111064,0.0386,0.0686188,0.00590206,0.269289,480,0.24338,0.33164,4.83307,1.30149,56.1905
201,0.581801,0.0386,0.0324817,0.00590206,0.127472,480,0.24338,0.33164,10.2101,1.30149,56.1905
202,0.137564,0.0386,0.0633886,0.00590206,0.248763,480,0.24338,0.33164,5.23185,1.30149,56.1905
203,0.254134,0.0386,0.0193719,0.00590206,0.0760235,480,0.24338,0.33164,17.1196,1.30149,56.1905
204,0.0924565,0.0386,0.0168865,0.00590206,0.0662695,480,0.24338,0.33164,19.6394,1.30149,56.1905
205,0.586625,0.0386,0.0312683,0.00590206,0.12271,480,0.24338,0.33164,10.6063,1.30149,56.1905
206,0.18247,0.0386,0.0548422,0.00590206,0.215224,480,0.24338,0.33164,6.04716,1.30149,56.1905
207,0.402188,0.0386,0.0307589,0.00590206,0.120711,480,0.24338,0.33164,10.7819,1.30149,56.1905
208,0.142295,0.0386,0.0257012,0.00590206,0.100862,480,0.24338,0.33164,12.9037,1.30149,56.1905
209,0.346938,0.0386,0.0333326,0.00590206,0.130811,480,0.24338,0.33164,9.9494,1.30149,56.1905
210,0.192281,0.0386,0.0500186,0.00590206,0.196294,480,0.24338,0.33164,6.63033,1.30149,56.1905
211,0.162823,0.0386,0.00694622,0.00590206,0.0272599,480,0.24338,0.33164,47.7439,1.30149,56.1905
212,0.499478,0.0386,0.0338677,0.00590206,0.132911,480,0.24338,0.33164,9.79223,1.30149,56.1905
213,0.334246,0.0386,0.0211149,0.00590206,0.0828636,480,0.24338,0.33164,15.7064,1.30149,56.1905
214,0.284347,0.0386,0.0326662,0.00590206,0.128196,480,0.24338,0.33164,10.1524,1.30149,56.1905
215,0.392936,0.0386,0.0220611,0.00590206,0.0865769,480,0.24338,0.33164,15.0328,1.30149,56.1905
216,0.0744515,0.0386,0.00782104,0.00590206,0.0306931,480,0.24338,0.33164,42.4035,1.30149,56.1905
217,0.441848,0.0386,0.0182568,0.00590206,0.0716475,480,0.24338,0.33164,18.1652,1.30149,56.1905
218,0.0287726,0.0386,0.04684,0.00590206,0.18382,480,0.24338,0.33164,7.08027,1.30149,56.1905
219,0.221972,0.0386,0.0230016,0.00590206,0.090268,480,0.24338,0.33164,14.4181,1.30149,56.1905
220,0.221595,0.0386,0.278874,0.00590206,1.09442,480,0.24338,0.33164,1.18921,1.30149,56.1905
221,0.33352,0.0386,0.13981,0.00590206,0.548671,480,0.24338,0.33164,2.37208,1.30149,56.1905
222,0.221452,0.0386,0.048519,0.00590206,0.190409,480,0.24338,0.33164,6.83525,1.30149,56.1905
223,0.311054,0.0386,0.00693455,0.00590206,0.0272141,480,0.24338,0.33164,47.8242,1.30149,56.1905
224,0.334455,0.0386,0.0110591,0.00590206,0.0434005,480,0.24338,0.33164,29.988,1.30149,56.1905
225,0.171205,0.0386,0.020142,0.00590206,0.0790455,480,0.24338,0.33164,16.4651,1.30149,56.1905
226,0.409984,0.0386,0.0158299,0.00590206,0.0621232,480,0.24338,0.33164,20.9502,1.30149,56.1905
227,0.48239,0.0386,0.00849623,0.00590206,0.0333427,480,0.24338,0.33164,39.0338,1.30149,56.1905
228,0.0758581,0.0386,0.0236368,0.00590206,0.0927609,480,0.24338,0.33164,14.0306,1.30149,56.1905
229,0.200669,0.0386,0.0446707,0.00590206,0.175306,480,0.24338,0.33164,7.4241,1.30149,56.1905
230,0.188064,0.0386,0.0165195,0.00590206,0.0648293,480,0.24338,0.33164,20.0757,1.30149,56.1905
231,0.0920221,0.0386,0.0423285,0.00590206,0.166115,480,0.24338,0.33164,7.8349,1.30149,56.1905
232,0.189195,0.0386,0.0715036,0.00590206,0.28061,480,0.24338,0.33164,4.63808,1.30149,56.1905
233,0.11557,0.0386,0.0509683,0.00590206,0.200021,480,0.24338,0.33164,6.50678,1.30149,56.1905
234,0.240867,0.0386,0.0665056,0.00590206,0.260996,480,0.24338,0.33164,4.98664,1.30149,56.1905
235,0.512384,0.0386,0.0284106,0.00590206,0.111495,480,0.24338,0.33164,11.6731,1.30149,56.1905
236,0.10031,0.0386,0.0332284,0.00590206,0.130402,480,0.24338,0.33164,9.98062,1.30149,56.1905
237,0.386591,0.0386,0.0309416,0.00590206,0.121428,480,0.24338,0.33164,10.7182,1.30149,56.1905
238,0.142023,0.0386,0.0174211,0.00590206,0.0683677,480,0.24338,0.33164,19.0367,1.30149,56.1905
239,0.655354,0.0386,0.0294501,0.00590206,0.115575,480,0.24338,0.33164,11.2611,1.30149,56.1905
240,0.466819,0.0386,0.0238304,0.00590206,0.0935206,480,0.24338,0.33164,13.9166,1.30149,56.1905
241,0.312958,0.0386,0.0265754,0.00590206,0.104293,480,0.24338,0.33164,12.4792,1.30149,56.1905
242,0.417796,0.0386,0.0499892,0.00590206,0.196179,480,0.24338,0.33164,6.63422,1.30149,56.1905
243,0.43076,0.0386,0.0689595,0.00590206,0.270626,480,0.24338,0.33164,4.8092,1.30149,56.1905
244,0.25881,0.0386,0.0929493,0.00590206,0.364772,480,0.24338,0.33164,3.56796,1.30149,56.1905
245,0.332496,0.0386,0.169563,0.00590206,0.665436,480,0.24338,0.33164,1.95585,1.30149,56.1905
246,0.289872,0.0386,0.0118624,0.00590206,0.0465529,480,0.24338,0.33164,27.9573,1.30149,56.1905
247,0.39304,0.0386,0.158939,0.00590206,0.623741,480,0.24338,0.33164,2.08659,1.30149,56.1905
248,0.321419,0.0386,0.0351434,0.00590206,0.137917,480,0.24338,0.33164,9.43675,1.30149,56.1905
249,0.479933,0.0386,0.0261741,0.00590206,0.102718,480,0.24338,0.33164,12.6705,1.30149,56.1905
250,0.639399,0.0386,0.0147327,0.00590206,0.0578174,480,0.24338,0.33164,22.5104,1.30149,56.1905
251,0.361502,0.0386,0.0225191,0.00590206,0.0883745,480,0.24338,0.33164,14.727,1.30149,56.1905
252,0.177659,0.0386,0.0108487,0.00590206,0.0425749,480,0.24338,0.33164,30.5695,1.30149,56.1905
253,0.304745,0.0386,0.0136468,0.00590206,0.0535558,480,0.24338,0.33164,24.3016,1.30149,56.1905
254,0.112361,0.0386,0.0145426,0.00590206,0.0570712,480,0.24338,0.33164,22.8047,1.30149,56.1905
255,0.244836,0.0386,0.00978688,0.00590206,0.0384078,480,0.24338,0.33164,33.8862,1.30149,56.1905
256,0.0965426,0.0386,0.0711137,0.00590206,0.27908,480,0.24338,0.33164,4.66352,1.30149,56.1905
257,0.0968613,0.0386,0.0155214,0.00590206,0.0609124,480,0.24338,0.33164,21.3666,1.30149,56.1905
258,0.160833,0.0386,0.035247,0.00590206,0.138324,480,0.24338,0.33164,9.40902,1.30149,56.1905
259,0.219341,0.0386,0.0265198,0.00590206,0.104075,480,0.24338,0.33164,12.5053,1.30149,56.1905
260,0.148245,0.0386,0.0134429,0.00590206,0.0527557,480,0.24338,0.33164,24.6702,1.30149,56.1905
261,0.152356,0.0386,0.0158228,0.00590206,0.0620954,480,0.24338,0.33164,20.9596,1.30149,56.1905
262,0.0722971,0.0386,0.0424657,0.00590206,0.166653,480,0.24338,0.33164,7.8096,1.30149,56.1905
263,0.135679,0.0386,0.0096911,0.00590206,0.0380319,480,0.24338,0.33164,34.2211,1.30149,56.1905
264,0.114518,0.0386,0.00298556,0.00590206,0.0117166,480,0.24338,0.33164,111.081,1.30149,56.1905
265,0.183873,0.0386,0.0647871,0.00590206,0.254252,480,0.24338,0.33164,5.11891,1.30149,56.1905
266,0.344751,0.0386,0.441233,0.00590206,1.73158,480,0.24338,0.33164,0.751621,1.30149,56.1905
267,0.0592155,0.0386,0.0536082,0.00590206,0.210381,480,0.24338,0.33164,6.18636,1.30149,56.1905
268,0.452319,0.0386,0.024704,0.00590206,0.0969489,480,0.24338,0.33164,13.4245,1.30149,56.1905
269,0.126439,0.0386,0.0459608,0.00590206,0.180369,480,0.24338,0.33164,7.21571,1.30149,56.1905
270,0.193178,0.0386,0.0276543,0.00590206,0.108527,480,0.24338,0.33164,11.9923,1.30149,56.1905
271,0.313223,0.0386,0.0307119,0.00590206,0.120526,480,0.24338,0.33164,10.7984,1.30149,56.1905
272,0.0924202,0.0386,0.0692553,0.00590206,0.271787,480,0.24338,0.33164,4.78866,1.30149,56.1905
273,0.389143,0.0386,0.00622019,0.00590206,0.0244106,480,0.24338,0.33164,53.3167,1.30149,56.1905
274,0.0113982,0.0386,0.0477048,0.00590206,0.187214,480,0.24338,0.33164,6.95192,1.30149,56.1905
275,0.0829215,0.0386,0.0959803,0.00590206,0.376667,480,0.24338,0.33164,3.45529,1.30149,56.1905
276,0.305077,0.0386,0.0384796,0.00590206,0.15101,480,0.24338,0.33164,8.61858,1.30149,56.1905
277,0.209474,0.0386,0.0307361,0.00590206,0.120621,480,0.24338,0.33164,10.7899,1.30149,56.1905
278,0.666535,0.0386,0.0780302,0.00590206,0.306223,480,0.24338,0.33164,4.25015,1.30149,56.1905
279,0.115271,0.0386,0.0899867,0.00590206,0.353145,480,0.24338,0.33164,3.68543,1.30149,56.1905
280,0.265939,0.0386,0.0610283,0.00590206,0.239501,480,0.24338,0.33164,5.43419,1.30149,56.1905
281,0.160354,0.0386,0.0227933,0.00590206,0.0894506,480,0.24338,0.33164,14.5499,1.30149,56.1905
282,0.213239,0.0386,0.0660396,0.00590206,0.259167,480,0.24338,0.33164,5.02183,1.30149,56.1905
283,0.462077,0.0386,0.0322044,0.00590206,0.126384,480,0.24338,0.33164,10.298,1.30149,56.1905
284,0.0726321,0.0386,0.00661157,0.00590206,0.0259466,480,0.24338,0.33164,50.1605,1.30149,56.1905
285,0.33799,0.0386,0.00510508,0.00590206,0.0200345,480,0.24338,0.33164,64.9627,1.30149,56.1905
286,0.157314,0.0386,0.0884651,0.00590206,0.347174,480,0.24338,0.33164,3.74882,1.30149,56.1905
287,0.0681171,0.0386,0.152063,0.00590206,0.596758,480,0.24338,0.33164,2.18094,1.30149,56.1905
288,0.241015,0.0386,0.115797,0.00590206,0.454435,480,0.24338,0.33164,2.86398,1.30149,56.1905
289,0.339864,0.0386,0.0388061,0.00590206,0.152291,480,0.24338,0.33164,8.54607,1.30149,56.1905
290,0.551779,0.0386,0.0308724,0.00590206,0.121156,480,0.24338,0.33164,10.7423,1.30149,56.1905
291,0.477402,0.0386,0.0165466,0.00590206,0.0649358,480,0.24338,0.33164,20.0428,1.30149,56.1905
292,0.261937,0.0386,0.0221672,0.00590206,0.0869935,480,0.24338,0.33164,14.9608,1.30149,56.1905
293,0.191977,0.0386,0.0290652,0.00590206,0.114064,480,0.24338,0.33164,11.4102,1.30149,56.1905
294,0.236097,0.0386,0.322826,0.00590206,1.26691,480,0.24338,0.33164,1.0273,1.30149,56.1905
295,0.130099,0.0386,0.012894,0.00590206,0.0506015,480,0.24338,0.33164,25.7204,1.30149,56.1905
296,0.122264,0.0386,0.0189075,0.00590206,0.0742009,480,0.24338,0.33164,17.5401,1.30149,56.1905
297,0.340254,0.0386,0.167926,0.00590206,0.65901,480,0.24338,0.33164,1.97492,1.30149,56.1905
298,0.0741485,0.0386,0.101752,0.00590206,0.399319,480,0.24338,0.33164,3.25928,1.30149,56.1905
299,0.446147,0.0386,0.0337249,0.00590206,0.132351,480,0.24338,0.33164,9.83367,1.30149,56.1905
300,0.180805,0.0386,0.0205164,0.00590206,0.0805151,480,0.24338,0.33164,16.1646,1.30149,56.1905
301,0.191714,0.0386,0.235778,0.00590206,0.92529,480,0.24338,0.33164,1.40658,1.30149,56.1905
302,0.13031,0.0386,0.0126832,0.00590206,0.0497744,480,0.24338,0.33164,26.1479,1.30149,56.1905
303,0.0781307,0.0386,0.0159289,0.00590206,0.0625116,480,0.24338,0.33164,20.82,1.30149,56.1905
304,0.441964,0.0386,0.0108706,0.00590206,0.042661,480,0.24338,0.33164,30.5078,1.30149,56.1905
305,0.223414,0.0386,0.0465141,0.00590206,0.182541,480,0.24338,0.33164,7.12987,1.30149,56.1905
306,0.0909826,0.0386,0.0113943,0.00590206,0.0447159,480,0.24338,0.33164,29.1058,1.30149,56.1905
307,0.549705,0.0386,0.0232183,0.00590206,0.0911182,480,0.24338,0.33164,14.2836,1.30149,56.1905
308,0.354259,0.0386,0.0512789,0.00590206,0.20124,480,0.24338,0.33164,6.46737,1.30149,56.1905
309,0.238419,0.0386,0.0259275,0.00590206,0.10175,480,0.24338,0.33164,12.791,1.30149,56.1905
310,0.167748,0.0386,0.158477,0.00590206,0.621932,480,0.24338,0.33164,2.09266,1.30149,56.1905
311,0.461248,0.0386,0.0447388,0.00590206,0.175574,480,0.24338,0.33164,7.4128,1.30149,56.1905
312,0.264691,0.0386,0.0137659,0.00590206,0.054023,480,0.24338,0.33164,24.0915,1.30149,56.1905
313,0.126549,0.0386,0.0612784,0.00590206,0.240482,480,0.24338,0.33164,5.41202,1.30149,56.1905
314,0.419285,0.0386,0.00953101,0.00590206,0.0374037,480,0.24338,0.33164,34.7959,1.30149,56.1905
315,0.0672667,0.0386,0.00957485,0.00590206,0.0375757,480,0.24338,0.33164,34.6366,1.30149,56.1905
316,0.0940405,0.0386,0.0153873,0.00590206,0.0603861,480,0.24338,0.33164,21.5529,1.30149,56.1905
317,0.101056,0.0386,0.188302,0.00590206,0.738976,480,0.24338,0.33164,1.76121,1.30149,56.1905
318,0.209063,0.0386,0.0585185,0.00590206,0.229651,480,0.24338,0.33164,5.66726,1.30149,56.1905
319,0.71434,0.0386,0.00995093,0.00590206,0.0390516,480,0.24338,0.33164,33.3275,1.30149,56.1905
320,0.181034,0.0386,0.00749193,0.00590206,0.0294015,480,0.24338,0.33164,44.2663,1.30149,56.1905
321,0.17155,0.0386,0.0387188,0.00590206,0.151949,480,0.24338,0.33164,8.56535,1.30149,56.1905
322,0.333036,0.0386,0.0245666,0.00590206,0.0964094,480,0.24338,0.33164,13.4996,1.30149,56.1905
323,0.198608,0.0386,0.0240475,0.00590206,0.0943724,480,0.24338,0.33164,13.791,1.30149,56.1905
324,0.168073,0.0386,0.0058719,0.00590206,0.0230438,480,0.24338,0.33164,56.4792,1.30149,56.1905
325,0.247643,0.0386,0.293404,0.00590206,1.15144,480,0.24338,0.33164,1.13032,1.30149,56.1905
326,0.176803,0.0386,0.141149,0.00590206,0.553926,480,0.24338,0.33164,2.34958,1.30149,56.1905
327,0.130252,0.0386,0.00959716,0.00590206,0.0376633,480,0.24338,0.33164,34.556,1.30149,56.1905
328,0.376073,0.0386,0.00975252,0.00590206,0.038273,480,0.24338,0.33164,34.0055,1.30149,56.1905
329,0.18635,0.0386,0.108298,0.00590206,0.425005,480,0.24338,0.33164,3.0623,1.30149,56.1905
330,0.108699,0.0386,0.0101786,0.00590206,0.0399452,480,0.24338,0.33164,32.582,1.30149,56.1905
331,0.158759,0.0386,0.00705971,0.00590206,0.0277053,480,0.24338,0.33164,46.9764,1.30149,56.1905
332,0.162647,0.0386,0.0138832,0.00590206,0.0544833,480,0.24338,0.33164,23.8879,1.30149,56.1905
333,0.206461,0.0386,0.0180438,0.00590206,0.0708116,480,0.24338,0.33164,18.3797,1.30149,56.1905
334,0.266164,0.0386,0.0157079,0.00590206,0.0616443,480,0.24338,0.33164,21.113,1.30149,56.1905
335,0.200335,0.0386,0.0149487,0.00590206,0.0586649,480,0.24338,0.33164,22.1852,1.30149,56.1905
336,0.0871095,0.0386,0.0238607,0.00590206,0.0936393,480,0.24338,0.33164,13.899,1.30149,56.1905
337,0.315794,0.0386,0.0130673,0.00590206,0.0512815,480,0.24338,0.33164,25.3794,1.30149,56.1905
338,0.102812,0.0386,0.0274583,0.00590206,0.107758,480,0.24338,0.33164,12.0779,1.30149,56.1905
339,0.660807,0.0386,0.0298588,0.00590206,0.117178,480,0.24338,0.33164,11.1069,1.30149,56.1905
340,0.138249,0.0386,0.342378,0.00590206,1.34363,480,0.24338,0.33164,0.968637,1.30149,56.1905
341,0.412398,0.0386,0.142453,0.00590206,0.559047,480,0.24338,0.33164,2.32806,1.30149,56.1905
342,0.384116,0.0386,0.0806399,0.00590206,0.316465,480,0.24338,0.33164,4.1126,1.30149,56.1905
343,0.100259,0.0386,0.0405463,0.00590206,0.159121,480,0.24338,0.33164,8.17928,1.30149,56.1905
344,0.167209,0.0386,0.0107713,0.00590206,0.042271,480,0.24338,0.33164,30.7893,1.30149,56.1905
345,0.330799,0.0386,0.00943657,0.00590206,0.0370331,480,0.24338,0.33164,35.1441,1.30149,56.1905
346,0.33827,0.0386,0.055881,0.00590206,0.2193,480,0.24338,0.33164,5.93475,1.30149,56.1905
347,0.158144,0.0386,0.0593707,0.00590206,0.232995,480,0.24338,0.33164,5.58591,1.30149,56.1905
348,0.0961992,0.0386,0.0207597,0.00590206,0.0814699,480,0.24338,0.33164,15.9751,1.30149,56.1905
349,0.132954,0.0386,0.00683251,0.00590206,0.0268136,480,0.24338,0.33164,48.5385,1.30149,56.1905
350,0.442886,0.0386,0.0231134,0.00590206,0.0907066,480,0.24338,0.33164,14.3484,1.30149,56.1905
351,0.400006,0.0386,0.0112996,0.00590206,0.0443443,480,0.24338,0.33164,29.3497,1.30149,56.1905
352,0.16215,0.0386,0.0508376,0.00590206,0.199508,480,0.24338,0.33164,6.52351,1.30149,56.1905
353,0.143527,0.0386,0.0175,0.00590206,0.0686774,480,0.24338,0.33164,18.9508,1.30149,56.1905
354,0.143513,0.0386,0.0032981,0.00590206,0.0129431,480,0.24338,0.33164,100.555,1.30149,56.1905
355,0.24443,0.0386,0.0390559,0.00590206,0.153272,480,0.24338,0.33164,8.49141,1.30149,56.1905
356,0.564741,0.0386,0.0196212,0.00590206,0.077002,480,0.24338,0.33164,16.9021,1.30149,56.1905
357,0.479923,0.0386,0.0301526,0.00590206,0.118331,480,0.24338,0.33164,10.9987,1.30149,56.1905
358,0.202914,0.0386,0.0426749,0.00590206,0.167474,480,0.24338,0.33164,7.7713,1.30149,56.1905
359,0.256994,0.0386,0.0792402,0.00590206,0.310972,480,0.24338,0.33164,4.18524,1.30149,56.1905
360,0.0814827,0.0386,0.10463,0.00590206,0.410611,480,0.24338,0.33164,3.16965,1.30149,56.1905
361,0.253821,0.0386,0.0243877,0.00590206,0.0957075,480,0.24338,0.33164,13.5987,1.30149,56.1905
362,0.163612,0.0386,0.0139447,0.00590206,0.0547246,480,0.24338,0.33164,23.7826,1.30149,56.1905
363,0.382868,0.0386,0.00540721,0.00590206,0.0212201,480,0.24338,0.33164,61.3329,1.30149,56.1905
364,0.174739,0.0386,0.0669284,0.00590206,0.262655,480,0.24338,0.33164,4.95514,1.30149,56.1905
365,0.185977,0.0386,0.0964465,0.00590206,0.378496,480,0.24338,0.33164,3.43859,1.30149,56.1905
366,0.192927,0.0386,0.048266,0.00590206,0.189416,480,0.24338,0.33164,6.87109,1.30149,56.1905
367,0.141523,0.0386,0.0117535,0.00590206,0.0461255,480,0.24338,0.33164,28.2163,1.30149,56.1905
368,0.482855,0.0386,0.0257527,0.00590206,0.101065,480,0.24338,0.33164,12.8778,1.30149,56.1905
369,0.221333,0.0386,0.0374175,0.00590206,0.146842,480,0.24338,0.33164,8.86322,1.30149,56.1905
370,0.319303,0.0386,0.0224724,0.00590206,0.0881912,480,0.24338,0.33164,14.7576,1.30149,56.1905
371,0.102578,0.0386,0.0286038,0.00590206,0.112253,480,0.24338,0.33164,11.5942,1.30149,56.1905
372,0.450479,0.0386,0.103741,0.00590206,0.407122,480,0.24338,0.33164,3.19681,1.30149,56.1905
373,0.133309,0.0386,0.0484974,0.00590206,0.190324,480,0.24338,0.33164,6.83829,1.30149,56.1905
374,0.60671,0.0386,0.00767468,0.00590206,0.0301187,480,0.24338,0.33164,43.2122,1.30149,56.1905
375,0.075403,0.0386,0.00731782,0.00590206,0.0287182,480,0.24338,0.33164,45.3194,1.30149,56.1905
376,0.37339,0.0386,0.0460562,0.00590206,0.180744,480,0.24338,0.33164,7.20077,1.30149,56.1905
377,0.287124,0.0386,0.0865001,0.00590206,0.339463,480,0.24338,0.33164,3.83398,1.30149,56.1905
378,0.166367,0.0386,0.0183873,0.00590206,0.0721595,480,0.24338,0.33164,18.0363,1.30149,56.1905
379,0.0962323,0.0386,0.0179874,0.00590206,0.07059,480,0.24338,0.33164,18.4374,1.30149,56.1905
380,0.118322,0.0386,0.0121918,0.00590206,0.0478457,480,0.24338,0.33164,27.2019,1.30149,56.1905
381,0.173222,0.0386,0.0133828,0.00590206,0.0525198,480,0.24338,0.33164,24.781,1.30149,56.1905
382,0.139211,0.0386,0.0226662,0.00590206,0.0889518,480,0.24338,0.33164,14.6314,1.30149,56.1905
383,0.635329,0.0386,0.025598,0.00590206,0.100457,480,0.24338,0.33164,12.9557,1.30149,56.1905
384,0.324099,0.0386,0.123193,0.00590206,0.48346,480,0.24338,0.33164,2.69204,1.30149,56.1905
385,0.55876,0.0386,0.0115173,0.00590206,0.0451986,480,0.24338,0.33164,28.795,1.30149,56.1905
386,0.0609273,0.0386,0.0473213,0.00590206,0.185709,480,0.24338,0.33164,7.00825,1.30149,56.1905
387,0.339596,0.0386,0.0271374,0.00590206,0.106499,480,0.24338,0.33164,12.2207,1.30149,56.1905
388,0.139241,0.0386,0.1583,0.00590206,0.621235,480,0.24338,0.33164,2.09501,1.30149,56.1905
389,0.316782,0.0386,0.0431187,0.00590206,0.169216,480,0.24338,0.33164,7.69131,1.30149,56.1905
390,0.342663,0.0386,0.13354,0.00590206,0.524068,480,0.24338,0.33164,2.48344,1.30149,56.1905
391,0.4024,0.0386,0.0226015,0.00590206,0.0886977,480,0.24338,0.33164,14.6734,1.30149,56.1905
392,0.115579,0.0386,0.0294522,0.00590206,0.115583,480,0.24338,0.33164,11.2603,1.30149,56.1905
393,0.329269,0.0386,0.243322,0.00590206,0.954896,480,0.24338,0.33164,1.36297,1.30149,56.1905
394,0.32694,0.0386,0.0080009,0.00590206,0.0313989,480,0.24338,0.33164,41.4503,1.30149,56.1905
395,0.275096,0.0386,0.00313327,0.00590206,0.0122963,480,0.24338,0.33164,105.844,1.30149,56.1905
396,0.567875,0.0386,0.0525061,0.00590206,0.206056,480,0.24338,0.33164,6.31621,1.30149,56.1905
397,0.422183,0.0386,0.029066,0.00590206,0.114067,480,0.24338,0.33164,11.4099,1.30149,56.1905
398,0.225271,0.0386,0.0113289,0.00590206,0.0444594,480,0.24338,0.33164,29.2737,1.30149,56.1905
399,0.391513,0.0386,0.0207051,0.00590206,0.0812557,480,0.24338,0.33164,16.0173,1.30149,56.1905
400,0.133125,0.0386,0.106346,0.00590206,0.417345,480,0.24338,0.33164,3.1185,1.30149,56.1905
401,0.34419,0.0386,0.0364723,0.00590206,0.143133,480,0.24338,0.33164,9.09291,1.30149,56.1905
402,0.0986471,0.0386,0.0353194,0.00590206,0.138608,480,0.24338,0.33164,9.38973,1.30149,56.1905
403,0.144983,0.0386,0.00689872,0.00590206,0.0270735,480,0.24338,0.33164,48.0726,1.30149,56.1905
404,0.577246,0.0386,0.308544,0.00590206,1.21085,480,0.24338,0.33164,1.07485,1.30149,56.1905
405,0.0876303,0.0386,0.0105258,0.00590206,0.0413075,480,0.24338,0.33164,31.5074,1.30149,56.1905
406,0.060551,0.0386,0.0254466,0.00590206,0.099863,480,0.24338,0.33164,13.0328,1.30149,56.1905
407,0.405122,0.0386,0.021737,0.00590206,0.0853051,480,0.24338,0.33164,15.2569,1.30149,56.1905
408,0.0765877,0.0386,0.242927,0.00590206,0.953348,480,0.24338,0.33164,1.36518,1.30149,56.1905
409,0.485348,0.0386,0.071852,0.00590206,0.281977,480,0.24338,0.33164,4.61559,1.30149,56.1905
410,0.365137,0.0386,0.075177,0.00590206,0.295026,480,0.24338,0.33164,4.41145,1.30149,56.1905
411,0.123702,0.0386,0.110679,0.00590206,0.434352,480,0.24338,0.33164,2.9964,1.30149,56.1905
412,0.476024,0.0386,0.00920782,0.00590206,0.0361354,480,0.24338,0.33164,36.0172,1.30149,56.1905
413,0.187486,0.0386,0.0510405,0.00590206,0.200304,480,0.24338,0.33164,6.49757,1.30149,56.1905
414,0.156591,0.0386,0.0184552,0.00590206,0.0724261,480,0.24338,0.33164,17.9699,1.30149,56.1905
415,0.195006,0.0386,0.162558,0.00590206,0.637946,480,0.24338,0.33164,2.04013,1.30149,56.1905
416,0.283507,0.0386,0.0187577,0.00590206,0.0736132,480,0.24338,0.33164,17.6801,1.30149,56.1905
417,0.122617,0.0386,0.0628223,0.00590206,0.246541,480,0.24338,0.33164,5.27901,1.30149,56.1905
418,0.225956,0.0386,0.00431388,0.00590206,0.0169295,480,0.24338,0.33164,76.8773,1.30149,56.1905
419,0.635278,0.0386,0.0640556,0.00590206,0.251381,480,0.24338,0.33164,5.17738,1.30149,56.1905
420,0.310992,0.0386,0.00793192,0.00590206,0.0311282,480,0.24338,0.33164,41.8108,1.30149,56.1905
421,0.249128,0.0386,0.00503457,0.00590206,0.0197578,480,0.24338,0.33164,65.8724,1.30149,56.1905
422,0.422571,0.0386,0.301415,0.00590206,1.18288,480,0.24338,0.33164,1.10028,1.30149,56.1905
423,0.0677644,0.0386,0.00422575,0.00590206,0.0165836,480,0.24338,0.33164,78.4806,1.30149,56.1905
424,0.232465,0.0386,0.0193217,0.00590206,0.0758263,480,0.24338,0.33164,17.1641,1.30149,56.1905
425,0.116426,0.0386,0.029198,0.00590206,0.114585,480,0.24338,0.33164,11.3583,1.30149,56.1905
426,0.38187,0.0386,0.0944319,0.00590206,0.37059,480,0.24338,0.33164,3.51194,1.30149,56.1905
427,0.462991,0.0386,0.0233511,0.00590206,0.0916394,480,0.24338,0.33164,14.2023,1.30149,56.1905
428,0.128632,0.0386,0.0184703,0.00590206,0.0724852,480,0.24338,0.33164,17.9553,1.30149,56.1905
429,0.365477,0.0386,0.136855,0.00590206,0.537078,480,0.24338,0.33164,2.42329,1.30149,56.1905
430,0.447167,0.0386,0.0801089,0.00590206,0.314381,480,0.24338,0.33164,4.13986,1.30149,56.1905
431,0.0326011,0.0386,0.00402143,0.00590206,0.0157818,480,0.24338,0.33164,82.468,1.30149,56.1905
432,0.199148,0.0386,0.00934009,0.00590206,0.0366544,480,0.24338,0.33164,35.5071,1.30149,56.1905
433,0.277835,0.0386,0.0113886,0.00590206,0.0446936,480,0.24338,0.33164,29.1203,1.30149,56.1905
434,0.422023,0.0386,0.0268372,0.00590206,0.105321,480,0.24338,0.33164,12.3574,1.30149,56.1905
435,0.155367,0.0386,0.442528,0.00590206,1.73667,480,0.24338,0.33164,0.74942,1.30149,56.1905
436,0.400275,0.0386,0.0329512,0.00590206,0.129314,480,0.24338,0.33164,10.0646,1.30149,56.1905
437,0.613,0.0386,0.0048105,0.00590206,0.0188784,480,0.24338,0.33164,68.9408,1.30149,56.1905
438,0.41402,0.0386,0.0219863,0.00590206,0.0862834,480,0.24338,0.33164,15.0839,1.30149,56.1905
439,0.405821,0.0386,0.0210697,0.00590206,0.0826863,480,0.24338,0.33164,15.7401,1.30149,56.1905
440,0.828825,0.0386,0.0790926,0.00590206,0.310392,480,0.24338,0.33164,4.19306,1.30149,56.1905
441,0.174428,0.0386,0.101728,0.00590206,0.399222,480,0.24338,0.33164,3.26007,1.30149,56.1905
442,0.248405,0.0386,0.0125952,0.00590206,0.0494287,480,0.24338,0.33164,26.3307,1.30149,56.1905
443,0.361193,0.0386,0.0236106,0.00590206,0.0926578,480,0.24338,0.33164,14.0462,1.30149,56.1905
444,0.413627,0.0386,0.0972699,0.00590206,0.381728,480,0.24338,0.33164,3.40948,1.30149,56.1905
445,0.260259,0.0386,0.0168945,0.00590206,0.0663012,480,0.24338,0.33164,19.63,1.30149,56.1905
446,0.105552,0.0386,0.0455595,0.00590206,0.178795,480,0.24338,0.33164,7.27926,1.30149,56.1905
447,0.509837,0.0386,0.0850978,0.00590206,0.33396,480,0.24338,0.33164,3.89716,1.30149,56.1905
448,0.203006,0.0386,0.011153,0.00590206,0.0437691,480,0.24338,0.33164,29.7354,1.30149,56.1905
449,0.342303,0.0386,0.0634719,0.00590206,0.24909,480,0.24338,0.33164,5.22498,1.30149,56.1905
450,0.194736,0.0386,0.0244619,0.00590206,0.0959988,480,0.24338,0.33164,13.5574,1.30149,56.1905
451,0.285334,0.0386,0.181912,0.00590206,0.7139,480,0.24338,0.33164,1.82307,1.30149,56.1905
452,0.319277,0.0386,0.0327254,0.00590206,0.128428,480,0.24338,0.33164,10.134,1.30149,56.1905
453,0.356586,0.0386,0.163579,0.00590206,0.641953,480,0.24338,0.33164,2.0274,1.30149,56.1905
454,0.23319,0.0386,0.0600691,0.00590206,0.235736,480,0.24338,0.33164,5.52097,1.30149,56.1905
455,0.176835,0.0386,0.107004,0.00590206,0.419929,480,0.24338,0.33164,3.09931,1.30149,56.1905
456,0.481406,0.0386,0.135867,0.00590206,0.533199,480,0.24338,0.33164,2.44092,1.30149,56.1905
457,0.199632,0.0386,0.0188399,0.00590206,0.0739356,480,0.24338,0.33164,17.6031,1.30149,56.1905
458,0.329995,0.0386,0.0347453,0.00590206,0.136355,480,0.24338,0.33164,9.54488,1.30149,56.1905
459,0.0618204,0.0386,0.163554,0.00590206,0.641855,480,0.24338,0.33164,2.02771,1.30149,56.1905
460,0.217927,0.0386,0.195725,0.00590206,0.768107,480,0.24338,0.33164,1.69442,1.30149,56.1905
461,0.212665,0.0386,0.00764003,0.00590206,0.0299827,480,0.24338,0.33164,43.4082,1.30149,56.1905
462,0.365436,0.0386,0.43084,0.00590206,1.6908,480,0.24338,0.33164,0.769751,1.30149,56.1905
463,0.0645282,0.0386,0.0323492,0.00590206,0.126952,480,0.24338,0.33164,10.2519,1.30149,56.1905
464,0.112254,0.0386,0.0118758,0.00590206,0.0466057,480,0.24338,0.33164,27.9256,1.30149,56.1905
465,0.246217,0.0386,0.136958,0.00590206,0.537479,480,0.24338,0.33164,2.42148,1.30149,56.1905
466,0.142634,0.0386,0.024845,0.00590206,0.0975023,480,0.24338,0.33164,13.3483,1.30149,56.1905
467,0.0408179,0.0386,0.0146009,0.00590206,0.0572999,480,0.24338,0.33164,22.7137,1.30149,56.1905
468,0.175526,0.0386,0.0779946,0.00590206,0.306084,480,0.24338,0.33164,4.25208,1.30149,56.1905
469,0.24497,0.0386,0.0145177,0.00590206,0.0569735,480,0.24338,0.33164,22.8438,1.30149,56.1905
470,0.0823692,0.0386,0.0110817,0.00590206,0.0434892,480,0.24338,0.33164,29.9268,1.30149,56.1905
471,0.6501,0.0386,0.0501059,0.00590206,0.196637,480,0.24338,0.33164,6.61877,1.30149,56.1905
472,0.183594,0.0386,0.0497574,0.00590206,0.195269,480,0.24338,0.33164,6.66513,1.30149,56.1905
473,0.206189,0.0386,0.0185253,0.00590206,0.0727009,480,0.24338,0.33164,17.902,1.30149,56.1905
474,0.110568,0.0386,0.00966346,0.00590206,0.0379235,480,0.24338,0.33164,34.3189,1.30149,56.1905
475,0.125967,0.0386,0.0505476,0.00590206,0.19837,480,0.24338,0.33164,6.56094,1.30149,56.1905
476,0.607495,0.0386,0.0235913,0.00590206,0.0925821,480,0.24338,0.33164,14.0577,1.30149,56.1905
477,0.172394,0.0386,0.0491337,0.00590206,0.192821,480,0.24338,0.33164,6.74974,1.30149,56.1905
478,0.145646,0.0386,0.00778278,0.00590206,0.0305429,480,0.24338,0.33164,42.612,1.30149,56.1905
479,0.389896,0.0386,0.0127354,0.00590206,0.0499789,480,0.24338,0.33164,26.0408,1.30149,56.1905
480,0.121125,0.0386,0.079588,0.00590206,0.312337,480,0.24338,0.33164,4.16695,1.30149,56.1905
481,0.364225,0.0386,0.0297775,0.00590206,0.116859,480,0.24338,0.33164,11.1373,1.30149,56.1905
482,0.167654,0.0386,0.427959,0.00590206,1.67949,480,0.24338,0.33164,0.774934,1.30149,56.1905
483,0.35229,0.0386,0.0114716,0.00590206,0.0450195,480,0.24338,0.33164,28.9095,1.30149,56.1905
484,0.212977,0.0386,0.0853076,0.00590206,0.334783,480,0.24338,0.33164,3.88757,1.30149,56.1905
485,0.252189,0.0386,0.0175327,0.00590206,0.0688055,480,0.24338,0.33164,18.9155,1.30149,56.1905
486,0.41305,0.0386,0.11448,0.00590206,0.449266,480,0.24338,0.33164,2.89693,1.30149,56.1905
487,0.491737,0.0386,0.0326458,0.00590206,0.128116,480,0.24338,0.33164,10.1587,1.30149,56.1905
488,0.335585,0.0386,0.0462908,0.00590206,0.181664,480,0.24338,0.33164,7.16427,1.30149,56.1905
489,0.0278102,0.0386,0.0550373,0.00590206,0.21599,480,0.24338,0.33164,6.02572,1.30149,56.1905
490,0.278028,0.0386,0.00472409,0.00590206,0.0185393,480,0.24338,0.33164,70.2017,1.30149,56.1905
491,0.174176,0.0386,0.120139,0.00590206,0.471475,480,0.24338,0.33164,2.76047,1.30149,56.1905
492,0.246228,0.0386,0.0422627,0.00590206,0.165856,480,0.24338,0.33164,7.84711,1.30149,56.1905
493,0.0479666,0.0386,0.067354,0.00590206,0.264325,480,0.24338,0.33164,4.92383,1.30149,56.1905
494,0.262382,0.0386,0.00938742,0.00590206,0.0368402,480,0.24338,0.33164,35.3281,1.30149,56.1905
495,0.223277,0.0386,0.0730171,0.00590206,0.28655,480,0.24338,0.33164,4.54195,1.30149,56.1905
496,0.451647,0.0386,0.0977071,0.00590206,0.383444,480,0.24338,0.33164,3.39422,1.30149,56.1905
497,0.0795736,0.0386,0.00881111,0.00590206,0.0345785,480,0.24338,0.33164,37.6388,1.30149,56.1905
498,0.529182,0.0386,0.0012475,0.00590206,0.00489571,480,0.24338,0.33164,265.843,1.30149,56.1905
499,0.182734,0.0386,0.0274821,0.00590206,0.107851,480,0.24338,0.33164,12.0675,1.30149,56.1905
