PID,i_lum_F1_indiv,i_lum_k12(KA),i_lum_k23(Q/V),i_lum_k32(Q/VP),i_lum_k20(CL/V),total_mg_dose_per_occassion,DS,Q,V,CL,VP
0,0.309761,0.0386,0.0391093,0.00634218,0.153481,360,0.24338,0.267278,6.83411,1.04891,42.1429
1,0.383278,0.0386,0.021788,0.00634218,0.0855051,360,0.24338,0.267278,12.2672,1.04891,42.1429
2,0.222629,0.0386,0.278862,0.00634218,1.09437,360,0.24338,0.267278,0.958459,1.04891,42.1429
3,0.246548,0.0386,0.0416709,0.00634218,0.163534,360,0.24338,0.267278,6.414,1.04891,42.1429
4,0.147793,0.0386,0.235611,0.00634218,0.924636,360,0.24338,0.267278,1.1344,1.04891,42.1429
5,0.0274589,0.0386,0.0415984,0.00634218,0.16325,360,0.24338,0.267278,6.42518,1.04891,42.1429
6,0.586956,0.0386,0.0262134,0.00634218,0.102872,360,0.24338,0.267278,10.1962,1.04891,42.1429
7,0.355877,0.0386,0.0519548,0.00634218,0.203893,360,0.24338,0.267278,5.14442,1.04891,42.1429
8,0.341498,0.0386,0.499352,0.00634218,1.95967,360,0.24338,0.267278,0.535249,1.04891,42.1429
9,0.307819,0.0386,0.0226883,0.00634218,0.0890383,360,0.24338,0.267278,11.7804,1.04891,42.1429
10,0.384693,0.0386,0.034753,0.00634218,0.136385,360,0.24338,0.267278,7.69077,1.04891,42.1429
11,0.533234,0.0386,0.0126916,0.00634218,0.0498071,360,0.24338,0.267278,21.0594,1.04891,42.1429
12,0.0749271,0.0386,0.121904,0.00634218,0.478402,360,0.24338,0.267278,2.19253,1.04891,42.1429
13,0.180638,0.0386,0.0769012,0.00634218,0.301792,360,0.24338,0.267278,3.4756,1.04891,42.1429
14,0.164506,0.0386,0.0216516,0.00634218,0.08497,360,0.24338,0.267278,12.3445,1.04891,42.1429
15,0.574554,0.0386,0.0664871,0.00634218,0.260923,360,0.24338,0.267278,4.01999,1.04891,42.1429
16,0.122908,0.0386,0.017879,0.00634218,0.0701647,360,0.24338,0.267278,14.9492,1.04891,42.1429
17,0.194238,0.0386,0.0139138,0.00634218,0.0546037,360,0.24338,0.267278,19.2095,1.04891,42.1429
18,0.413754,0.0386,0.058515,0.00634218,0.229637,360,0.24338,0.267278,4.56768,1.04891,42.1429
19,0.175773,0.0386,0.0389381,0.00634218,0.15281,360,0.24338,0.267278,6.86416,1.04891,42.1429
20,0.368598,0.0386,0.0292531,0.00634218,0.114801,360,0.24338,0.267278,9.13672,1.04891,42.1429
21,0.461671,0.0386,0.0216867,0.00634218,0.0851076,360,0.24338,0.267278,12.3245,1.04891,42.1429
22,0.321011,0.0386,0.123741,0.00634218,0.485612,360,0.24338,0.267278,2.15997,1.04891,42.1429
23,0.132412,0.0386,0.0188922,0.00634218,0.0741407,360,0.24338,0.267278,14.1475,1.04891,42.1429
24,0.0783934,0.0386,0.0250382,0.00634218,0.0982605,360,0.24338,0.267278,10.6748,1.04891,42.1429
25,0.267883,0.0386,0.32134,0.00634218,1.26107,360,0.24338,0.267278,0.831758,1.04891,42.1429
26,0.443552,0.0386,0.0688474,0.00634218,0.270186,360,0.24338,0.267278,3.88217,1.04891,42.1429
27,0.525492,0.0386,0.0112589,0.00634218,0.0441847,360,0.24338,0.267278,23.7392,1.04891,42.1429
28,0.128477,0.0386,0.168009,0.00634218,0.659339,360,0.24338,0.267278,1.59085,1.04891,42.1429
29,0.295339,0.0386,0.30743,0.00634218,1.20648,360,0.24338,0.267278,0.869393,1.04891,42.1429
30,0.151126,0.0386,0.0266964,0.00634218,0.104768,360,0.24338,0.267278,10.0118,1.04891,42.1429
31,0.384203,0.0386,0.019781,0.00634218,0.0776288,360,0.24338,0.267278,13.5119,1.04891,42.1429
32,0.209695,0.0386,0.0126459,0.00634218,0.0496277,360,0.24338,0.267278,21.1355,1.04891,42.1429
33,0.352212,0.0386,0.0175593,0.00634218,0.0689099,360,0.24338,0.267278,15.2214,1.04891,42.1429
34,0.207726,0.0386,0.00745185,0.00634218,0.0292442,360,0.24338,0.267278,35.8673,1.04891,42.1429
35,0.150269,0.0386,0.159139,0.00634218,0.624527,360,0.24338,0.267278,1.67952,1.04891,42.1429
36,0.243237,0.0386,0.0210196,0.00634218,0.0824899,360,0.24338,0.267278,12.7156,1.04891,42.1429
37,0.390352,0.0386,0.0120034,0.00634218,0.0471063,360,0.24338,0.267278,22.2669,1.04891,42.1429
38,0.333181,0.0386,0.347595,0.00634218,1.36411,360,0.24338,0.267278,0.768933,1.04891,42.1429
39,0.120798,0.0386,0.232221,0.00634218,0.911331,360,0.24338,0.267278,1.15096,1.04891,42.1429
40,0.0898601,0.0386,0.180969,0.00634218,0.710199,360,0.24338,0.267278,1.47692,1.04891,42.1429
41,0.414718,0.0386,0.0859522,0.00634218,0.337313,360,0.24338,0.267278,3.10961,1.04891,42.1429
42,0.107038,0.0386,0.298917,0.00634218,1.17308,360,0.24338,0.267278,0.894152,1.04891,42.1429
43,0.282708,0.0386,0.0110154,0.00634218,0.0432289,360,0.24338,0.267278,24.2641,1.04891,42.1429
44,0.16546,0.0386,0.00632671,0.00634218,0.0248287,360,0.24338,0.267278,42.2459,1.04891,42.1429
45,0.16516,0.0386,0.0844816,0.00634218,0.331541,360,0.24338,0.267278,3.16373,1.04891,42.1429
46,0.176124,0.0386,0.0584981,0.00634218,0.229571,360,0.24338,0.267278,4.56899,1.04891,42.1429
47,0.185542,0.0386,0.0266729,0.00634218,0.104676,360,0.24338,0.267278,10.0206,1.04891,42.1429
48,0.335491,0.0386,0.0497784,0.00634218,0.195351,360,0.24338,0.267278,5.36934,1.04891,42.1429
49,0.158801,0.0386,0.0177569,0.00634218,0.0696853,360,0.24338,0.267278,15.0521,1.04891,42.1429
50,0.0648828,0.0386,0.00647501,0.00634218,0.0254107,360,0.24338,0.267278,41.2783,1.04891,42.1429
51,0.0571181,0.0386,0.174696,0.00634218,0.685579,360,0.24338,0.267278,1.52996,1.04891,42.1429
52,0.0520873,0.0386,0.0194038,0.00634218,0.0761485,360,0.24338,0.267278,13.7745,1.04891,42.1429
53,0.120779,0.0386,0.0311214,0.00634218,0.122133,360,0.24338,0.267278,8.58822,1.04891,42.1429
54,0.446847,0.0386,0.0165877,0.00634218,0.0650971,360,0.24338,0.267278,16.113,1.04891,42.1429
55,0.0838942,0.0386,0.217527,0.00634218,0.853668,360,0.24338,0.267278,1.22871,1.04891,42.1429
56,0.579848,0.0386,0.026836,0.00634218,0.105316,360,0.24338,0.267278,9.95966,1.04891,42.1429
57,0.194978,0.0386,0.0572713,0.00634218,0.224757,360,0.24338,0.267278,4.66686,1.04891,42.1429
58,0.26104,0.0386,0.278431,0.00634218,1.09268,360,0.24338,0.267278,0.959943,1.04891,42.1429
59,0.248895,0.0386,0.0542676,0.00634218,0.212969,360,0.24338,0.267278,4.92517,1.04891,42.1429
60,0.123743,0.0386,0.0362441,0.00634218,0.142237,360,0.24338,0.267278,7.37437,1.04891,42.1429
61,0.138929,0.0386,0.0121863,0.00634218,0.0478242,360,0.24338,0.267278,21.9326,1.04891,42.1429
62,0.149318,0.0386,0.0612064,0.00634218,0.240199,360,0.24338,0.267278,4.36683,1.04891,42.1429
63,0.372916,0.0386,0.00635792,0.00634218,0.0249511,360,0.24338,0.267278,42.0385,1.04891,42.1429
64,0.138059,0.0386,0.0627293,0.00634218,0.246176,360,0.24338,0.267278,4.26081,1.04891,42.1429
65,0.159624,0.0386,0.0365856,0.00634218,0.143577,360,0.24338,0.267278,7.30553,1.04891,42.1429
66,0.238482,0.0386,0.00441373,0.00634218,0.0173213,360,0.24338,0.267278,60.5559,1.04891,42.1429
67,0.3954,0.0386,0.0187511,0.00634218,0.0735873,360,0.24338,0.267278,14.2539,1.04891,42.1429
68,0.650646,0.0386,0.0775752,0.00634218,0.304438,360,0.24338,0.267278,3.4454,1.04891,42.1429
69,0.205846,0.0386,0.0435593,0.00634218,0.170945,360,0.24338,0.267278,6.13594,1.04891,42.1429
70,0.269424,0.0386,0.0388517,0.00634218,0.15247,360,0.24338,0.267278,6.87943,1.04891,42.1429
71,0.252573,0.0386,0.297725,0.00634218,1.1684,360,0.24338,0.267278,0.897734,1.04891,42.1429
72,0.300329,0.0386,0.00632453,0.00634218,0.0248201,360,0.24338,0.267278,42.2604,1.04891,42.1429
73,0.357901,0.0386,0.0387426,0.00634218,0.152042,360,0.24338,0.267278,6.89881,1.04891,42.1429
74,0.47597,0.0386,0.122305,0.00634218,0.479976,360,0.24338,0.267278,2.18533,1.04891,42.1429
75,0.481886,0.0386,0.0133351,0.00634218,0.0523324,360,0.24338,0.267278,20.0432,1.04891,42.1429
76,0.552126,0.0386,0.0413492,0.00634218,0.162272,360,0.24338,0.267278,6.4639,1.04891,42.1429
77,0.354805,0.0386,0.205351,0.00634218,0.805882,360,0.24338,0.267278,1.30157,1.04891,42.1429
78,0.277867,0.0386,0.0134066,0.00634218,0.0526131,360,0.24338,0.267278,19.9363,1.04891,42.1429
79,0.148076,0.0386,0.0224993,0.00634218,0.0882968,360,0.24338,0.267278,11.8794,1.04891,42.1429
80,0.218878,0.0386,0.0153283,0.00634218,0.0601548,360,0.24338,0.267278,17.4368,1.04891,42.1429
81,0.320227,0.0386,0.0286602,0.00634218,0.112474,360,0.24338,0.267278,9.32575,1.04891,42.1429
82,0.311448,0.0386,0.0135431,0.00634218,0.053149,360,0.24338,0.267278,19.7353,1.04891,42.1429
83,0.656994,0.0386,0.0206905,0.00634218,0.0811983,360,0.24338,0.267278,12.9179,1.04891,42.1429
84,0.371687,0.0386,0.00827984,0.00634218,0.0324936,360,0.24338,0.267278,32.2805,1.04891,42.1429
85,0.345125,0.0386,0.0787157,0.00634218,0.308913,360,0.24338,0.267278,3.39548,1.04891,42.1429
86,0.296222,0.0386,0.0139829,0.00634218,0.0548747,360,0.24338,0.267278,19.1146,1.04891,42.1429
87,0.626978,0.0386,0.00729919,0.00634218,0.0286451,360,0.24338,0.267278,36.6174,1.04891,42.1429
88,0.447146,0.0386,0.0500296,0.00634218,0.196337,360,0.24338,0.267278,5.34239,1.04891,42.1429
89,0.209336,0.0386,0.0145008,0.00634218,0.0569072,360,0.24338,0.267278,18.4319,1.04891,42.1429
90,0.32905,0.0386,0.0127144,0.00634218,0.0498965,360,0.24338,0.267278,21.0217,1.04891,42.1429
91,0.230502,0.0386,0.0323244,0.00634218,0.126854,360,0.24338,0.267278,8.26861,1.04891,42.1429
92,0.329578,0.0386,0.101752,0.00634218,0.399317,360,0.24338,0.267278,2.62676,1.04891,42.1429
93,0.094101,0.0386,0.0155475,0.00634218,0.061015,360,0.24338,0.267278,17.191,1.04891,42.1429
94,0.967422,0.0386,0.0336891,0.00634218,0.13221,360,0.24338,0.267278,7.93366,1.04891,42.1429
95,0.134837,0.0386,0.0380416,0.00634218,0.149291,360,0.24338,0.267278,7.02592,1.04891,42.1429
96,0.296244,0.0386,0.0172788,0.00634218,0.0678093,360,0.24338,0.267278,15.4685,1.04891,42.1429
97,0.328996,0.0386,0.0095922,0.00634218,0.0376438,360,0.24338,0.267278,27.864,1.04891,42.1429
98,0.0841052,0.0386,0.0202191,0.00634218,0.0793481,360,0.24338,0.267278,13.2191,1.04891,42.1429
99,0.34419,0.0386,0.0338456,0.00634218,0.132824,360,0.24338,0.267278,7.89696,1.04891,42.1429
100,0.28867,0.0386,0.0431526,0.00634218,0.169349,360,0.24338,0.267278,6.19378,1.04891,42.1429
101,0.139128,0.0386,0.0220098,0.00634218,0.0863757,360,0.24338,0.267278,12.1436,1.04891,42.1429
102,0.275825,0.0386,0.00630348,0.00634218,0.0247375,360,0.24338,0.267278,42.4016,1.04891,42.1429
103,0.465778,0.0386,0.0193808,0.00634218,0.0760582,360,0.24338,0.267278,13.7909,1.04891,42.1429
104,0.637823,0.0386,0.0714947,0.00634218,0.280575,360,0.24338,0.267278,3.73843,1.04891,42.1429
105,0.160162,0.0386,0.0615509,0.00634218,0.241551,360,0.24338,0.267278,4.34238,1.04891,42.1429
106,0.0436771,0.0386,0.0331343,0.00634218,0.130033,360,0.24338,0.267278,8.06648,1.04891,42.1429
107,0.162884,0.0386,0.00487192,0.00634218,0.0191195,360,0.24338,0.267278,54.8608,1.04891,42.1429
108,0.079839,0.0386,0.0153867,0.00634218,0.0603839,360,0.24338,0.267278,17.3707,1.04891,42.1429
109,0.17333,0.0386,0.0147599,0.00634218,0.0579241,360,0.24338,0.267278,18.1083,1.04891,42.1429
110,0.132696,0.0386,0.0802555,0.00634218,0.314956,360,0.24338,0.267278,3.33033,1.04891,42.1429
111,0.0554477,0.0386,0.0793758,0.00634218,0.311504,360,0.24338,0.267278,3.36724,1.04891,42.1429
112,0.0544542,0.0386,0.0752028,0.00634218,0.295127,360,0.24338,0.267278,3.55409,1.04891,42.1429
113,0.228707,0.0386,0.0898343,0.00634218,0.352548,360,0.24338,0.267278,2.97523,1.04891,42.1429
114,0.0660194,0.0386,0.340368,0.00634218,1.33575,360,0.24338,0.267278,0.785259,1.04891,42.1429
115,0.443095,0.0386,0.0191698,0.00634218,0.0752303,360,0.24338,0.267278,13.9426,1.04891,42.1429
116,0.119962,0.0386,0.227443,0.00634218,0.892583,360,0.24338,0.267278,1.17514,1.04891,42.1429
117,0.17547,0.0386,0.0608936,0.00634218,0.238972,360,0.24338,0.267278,4.38925,1.04891,42.1429
118,0.391055,0.0386,0.0278184,0.00634218,0.109171,360,0.24338,0.267278,9.60793,1.04891,42.1429
119,0.485825,0.0386,0.00972583,0.00634218,0.0381682,360,0.24338,0.267278,27.4812,1.04891,42.1429
120,0.14883,0.0386,0.0310053,0.00634218,0.121678,360,0.24338,0.267278,8.62039,1.04891,42.1429
121,0.260081,0.0386,0.0224321,0.00634218,0.0880328,360,0.24338,0.267278,11.915,1.04891,42.1429
122,0.208036,0.0386,0.0863238,0.00634218,0.338771,360,0.24338,0.267278,3.09622,1.04891,42.1429
123,0.244023,0.0386,0.0319287,0.00634218,0.125302,360,0.24338,0.267278,8.37107,1.04891,42.1429
124,0.157678,0.0386,0.0236681,0.00634218,0.0928834,360,0.24338,0.267278,11.2928,1.04891,42.1429
125,0.0957813,0.0386,0.038148,0.00634218,0.149709,360,0.24338,0.267278,7.00633,1.04891,42.1429
126,0.278597,0.0386,0.00827581,0.00634218,0.0324777,360,0.24338,0.267278,32.2962,1.04891,42.1429
127,0.482933,0.0386,0.022799,0.00634218,0.0894729,360,0.24338,0.267278,11.7232,1.04891,42.1429
128,0.218065,0.0386,0.042534,0.00634218,0.166921,360,0.24338,0.267278,6.28385,1.04891,42.1429
129,0.346224,0.0386,0.0158692,0.00634218,0.0622772,360,0.24338,0.267278,16.8426,1.04891,42.1429
130,0.0674381,0.0386,0.152329,0.00634218,0.597803,360,0.24338,0.267278,1.75461,1.04891,42.1429
131,0.249705,0.0386,0.0785247,0.00634218,0.308164,360,0.24338,0.267278,3.40374,1.04891,42.1429
132,0.259308,0.0386,0.0581112,0.00634218,0.228053,360,0.24338,0.267278,4.59942,1.04891,42.1429
133,0.239002,0.0386,0.00843064,0.00634218,0.0330854,360,0.24338,0.267278,31.7031,1.04891,42.1429
134,0.206103,0.0386,0.0175817,0.00634218,0.068998,360,0.24338,0.267278,15.202,1.04891,42.1429
135,0.38267,0.0386,0.0162903,0.00634218,0.0639301,360,0.24338,0.267278,16.4071,1.04891,42.1429
136,0.421362,0.0386,0.329859,0.00634218,1.29451,360,0.24338,0.267278,0.810277,1.04891,42.1429
137,0.46948,0.0386,0.0212825,0.00634218,0.0835213,360,0.24338,0.267278,12.5586,1.04891,42.1429
138,0.128309,0.0386,0.0431302,0.00634218,0.169261,360,0.24338,0.267278,6.197,1.04891,42.1429
139,0.156443,0.0386,0.0332699,0.00634218,0.130565,360,0.24338,0.267278,8.03362,1.04891,42.1429
140,0.022637,0.0386,0.045098,0.00634218,0.176983,360,0.24338,0.267278,5.9266,1.04891,42.1429
141,0.299524,0.0386,0.158507,0.00634218,0.622049,360,0.24338,0.267278,1.68622,1.04891,42.1429
142,0.509112,0.0386,0.0330134,0.00634218,0.129558,360,0.24338,0.267278,8.09604,1.04891,42.1429
143,0.240708,0.0386,0.0173122,0.00634218,0.0679402,360,0.24338,0.267278,15.4387,1.04891,42.1429
144,0.106464,0.0386,0.0399269,0.00634218,0.15669,360,0.24338,0.267278,6.69417,1.04891,42.1429
145,0.228512,0.0386,0.0269347,0.00634218,0.105703,360,0.24338,0.267278,9.92317,1.04891,42.1429
146,0.178351,0.0386,0.0269666,0.00634218,0.105828,360,0.24338,0.267278,9.91141,1.04891,42.1429
147,0.238668,0.0386,0.0509918,0.00634218,0.200113,360,0.24338,0.267278,5.24158,1.04891,42.1429
148,0.231214,0.0386,0.170675,0.00634218,0.669802,360,0.24338,0.267278,1.566,1.04891,42.1429
149,0.146091,0.0386,0.266918,0.00634218,1.0475,360,0.24338,0.267278,1.00135,1.04891,42.1429
150,0.114989,0.0386,0.0119047,0.00634218,0.0467189,360,0.24338,0.267278,22.4515,1.04891,42.1429
151,0.139992,0.0386,0.00572734,0.00634218,0.0224765,360,0.24338,0.267278,46.6669,1.04891,42.1429
152,0.108773,0.0386,0.0819742,0.00634218,0.321701,360,0.24338,0.267278,3.26051,1.04891,42.1429
153,0.0635956,0.0386,0.0234291,0.00634218,0.0919455,360,0.24338,0.267278,11.4079,1.04891,42.1429
154,0.233649,0.0386,0.0190222,0.00634218,0.074651,360,0.24338,0.267278,14.0508,1.04891,42.1429
155,0.0965186,0.0386,0.00858029,0.00634218,0.0336726,360,0.24338,0.267278,31.1502,1.04891,42.1429
156,0.325855,0.0386,0.0232041,0.00634218,0.0910628,360,0.24338,0.267278,11.5185,1.04891,42.1429
157,0.21337,0.0386,0.0367938,0.00634218,0.144394,360,0.24338,0.267278,7.26421,1.04891,42.1429
158,0.17198,0.0386,0.0194174,0.00634218,0.0762019,360,0.24338,0.267278,13.7649,1.04891,42.1429
159,0.325788,0.0386,0.0811153,0.00634218,0.31833,360,0.24338,0.267278,3.29503,1.04891,42.1429
160,0.487539,0.0386,0.011397,0.00634218,0.0447268,360,0.24338,0.267278,23.4515,1.04891,42.1429
161,0.312036,0.0386,0.0236122,0.00634218,0.092664,360,0.24338,0.267278,11.3195,1.04891,42.1429
162,0.823351,0.0386,0.0725568,0.00634218,0.284743,360,0.24338,0.267278,3.6837,1.04891,42.1429
163,0.393779,0.0386,0.0175967,0.00634218,0.0690568,360,0.24338,0.267278,15.1891,1.04891,42.1429
164,0.20291,0.0386,0.035402,0.00634218,0.138932,360,0.24338,0.267278,7.54979,1.04891,42.1429
165,0.221726,0.0386,0.0315682,0.00634218,0.123887,360,0.24338,0.267278,8.46668,1.04891,42.1429
166,0.358333,0.0386,0.145562,0.00634218,0.571248,360,0.24338,0.267278,1.83617,1.04891,42.1429
167,0.293868,0.0386,0.0258167,0.00634218,0.101315,360,0.24338,0.267278,10.3529,1.04891,42.1429
168,0.309711,0.0386,0.0139125,0.00634218,0.0545986,360,0.24338,0.267278,19.2113,1.04891,42.1429
169,0.31396,0.0386,0.158517,0.00634218,0.622086,360,0.24338,0.267278,1.68611,1.04891,42.1429
170,0.284954,0.0386,0.0143616,0.00634218,0.0563609,360,0.24338,0.267278,18.6106,1.04891,42.1429
171,0.185074,0.0386,0.00918673,0.00634218,0.0360526,360,0.24338,0.267278,29.0939,1.04891,42.1429
172,0.547875,0.0386,0.0247861,0.00634218,0.097271,360,0.24338,0.267278,10.7834,1.04891,42.1429
173,0.0455337,0.0386,0.0267534,0.00634218,0.104992,360,0.24338,0.267278,9.9904,1.04891,42.1429
174,0.322857,0.0386,0.018247,0.00634218,0.071609,360,0.24338,0.267278,14.6477,1.04891,42.1429
175,0.141187,0.0386,0.00855623,0.00634218,0.0335782,360,0.24338,0.267278,31.2378,1.04891,42.1429
176,0.29407,0.0386,0.0260088,0.00634218,0.102069,360,0.24338,0.267278,10.2764,1.04891,42.1429
177,0.160526,0.0386,0.118017,0.00634218,0.463146,360,0.24338,0.267278,2.26475,1.04891,42.1429
178,0.396548,0.0386,0.132,0.00634218,0.518023,360,0.24338,0.267278,2.02483,1.04891,42.1429
179,0.150871,0.0386,0.0636284,0.00634218,0.249704,360,0.24338,0.267278,4.2006,1.04891,42.1429
180,0.313252,0.0386,0.0138967,0.00634218,0.0545365,360,0.24338,0.267278,19.2332,1.04891,42.1429
181,0.163536,0.0386,0.0289334,0.00634218,0.113547,360,0.24338,0.267278,9.23769,1.04891,42.1429
182,0.45436,0.0386,0.015383,0.00634218,0.0603695,360,0.24338,0.267278,17.3748,1.04891,42.1429
183,0.575398,0.0386,0.146983,0.00634218,0.576823,360,0.24338,0.267278,1.81842,1.04891,42.1429
184,0.189371,0.0386,0.100847,0.00634218,0.395764,360,0.24338,0.267278,2.65034,1.04891,42.1429
185,0.0752408,0.0386,0.118019,0.00634218,0.463156,360,0.24338,0.267278,2.2647,1.04891,42.1429
186,0.380192,0.0386,0.647962,0.00634218,2.54287,360,0.24338,0.267278,0.41249,1.04891,42.1429
187,0.423068,0.0386,0.01322,0.00634218,0.0518807,360,0.24338,0.267278,20.2177,1.04891,42.1429
188,0.0954589,0.0386,0.0535214,0.00634218,0.21004,360,0.24338,0.267278,4.99384,1.04891,42.1429
189,0.264333,0.0386,0.0236814,0.00634218,0.0929356,360,0.24338,0.267278,11.2864,1.04891,42.1429
190,0.209389,0.0386,0.0927407,0.00634218,0.363953,360,0.24338,0.267278,2.88199,1.04891,42.1429
191,0.190275,0.0386,0.0413335,0.00634218,0.16221,360,0.24338,0.267278,6.46637,1.04891,42.1429
192,0.407262,0.0386,0.0667842,0.00634218,0.262089,360,0.24338,0.267278,4.00211,1.04891,42.1429
193,0.213948,0.0386,0.0289353,0.00634218,0.113554,360,0.24338,0.267278,9.23708,1.04891,42.1429
194,0.338756,0.0386,0.0543213,0.00634218,0.213179,360,0.24338,0.267278,4.92031,1.04891,42.1429
195,0.344461,0.0386,0.0927729,0.00634218,0.36408,360,0.24338,0.267278,2.88099,1.04891,42.1429
196,0.119985,0.0386,0.0113533,0.00634218,0.0445549,360,0.24338,0.267278,23.5419,1.04891,42.1429
197,0.11614,0.0386,0.0330532,0.00634218,0.129714,360,0.24338,0.267278,8.08629,1.04891,42.1429
198,0.174279,0.0386,0.537128,0.00634218,2.10791,360,0.24338,0.267278,0.497605,1.04891,42.1429
199,0.174566,0.0386,0.0217341,0.00634218,0.0852938,360,0.24338,0.267278,12.2976,1.04891,42.1429
200,0.121015,0.0386,0.0148917,0.00634218,0.0584413,360,0.24338,0.267278,17.9481,1.04891,42.1429
201,0.382746,0.0386,0.0448269,0.00634218,0.17592,360,0.24338,0.267278,5.96243,1.04891,42.1429
202,0.154713,0.0386,0.0337063,0.00634218,0.132278,360,0.24338,0.267278,7.9296,1.04891,42.1429
203,0.0680649,0.0386,0.0917432,0.00634218,0.360039,360,0.24338,0.267278,2.91332,1.04891,42.1429
204,0.294862,0.0386,0.0325589,0.00634218,0.127775,360,0.24338,0.267278,8.20904,1.04891,42.1429
205,0.252653,0.0386,0.0303226,0.00634218,0.118999,360,0.24338,0.267278,8.81445,1.04891,42.1429
206,0.678178,0.0386,0.192313,0.00634218,0.754716,360,0.24338,0.267278,1.38981,1.04891,42.1429
207,0.125083,0.0386,0.0522683,0.00634218,0.205123,360,0.24338,0.267278,5.11357,1.04891,42.1429
208,0.144822,0.0386,0.0384689,0.00634218,0.150968,360,0.24338,0.267278,6.94789,1.04891,42.1429
209,0.106463,0.0386,0.0515441,0.00634218,0.202281,360,0.24338,0.267278,5.18541,1.04891,42.1429
210,0.252508,0.0386,0.0157535,0.00634218,0.0618232,360,0.24338,0.267278,16.9663,1.04891,42.1429
211,0.103713,0.0386,0.0188969,0.00634218,0.0741593,360,0.24338,0.267278,14.144,1.04891,42.1429
212,0.221723,0.0386,0.137904,0.00634218,0.541193,360,0.24338,0.267278,1.93814,1.04891,42.1429
213,0.191191,0.0386,0.0247034,0.00634218,0.0969463,360,0.24338,0.267278,10.8195,1.04891,42.1429
214,0.419709,0.0386,0.075941,0.00634218,0.298024,360,0.24338,0.267278,3.51954,1.04891,42.1429
215,0.301839,0.0386,0.0197887,0.00634218,0.0776592,360,0.24338,0.267278,13.5066,1.04891,42.1429
216,0.154517,0.0386,0.0297578,0.00634218,0.116782,360,0.24338,0.267278,8.98176,1.04891,42.1429
217,0.528043,0.0386,0.0505083,0.00634218,0.198216,360,0.24338,0.267278,5.29176,1.04891,42.1429
218,0.194772,0.0386,0.0205855,0.00634218,0.080786,360,0.24338,0.267278,12.9838,1.04891,42.1429
219,0.305223,0.0386,0.0252037,0.00634218,0.09891,360,0.24338,0.267278,10.6047,1.04891,42.1429
220,0.23919,0.0386,0.00250261,0.00634218,0.0098213,360,0.24338,0.267278,106.799,1.04891,42.1429
221,0.425062,0.0386,0.0654778,0.00634218,0.256962,360,0.24338,0.267278,4.08196,1.04891,42.1429
222,0.398684,0.0386,0.027326,0.00634218,0.107239,360,0.24338,0.267278,9.78106,1.04891,42.1429
223,0.051556,0.0386,0.0144892,0.00634218,0.0568617,360,0.24338,0.267278,18.4467,1.04891,42.1429
224,0.245518,0.0386,0.104656,0.00634218,0.410716,360,0.24338,0.267278,2.55386,1.04891,42.1429
225,0.660305,0.0386,0.0810042,0.00634218,0.317894,360,0.24338,0.267278,3.29955,1.04891,42.1429
226,0.0954182,0.0386,0.0348967,0.00634218,0.136949,360,0.24338,0.267278,7.65912,1.04891,42.1429
227,0.287438,0.0386,0.0304783,0.00634218,0.11961,360,0.24338,0.267278,8.76943,1.04891,42.1429
228,0.365903,0.0386,0.223803,0.00634218,0.878298,360,0.24338,0.267278,1.19425,1.04891,42.1429
229,0.852734,0.0386,0.0316283,0.00634218,0.124123,360,0.24338,0.267278,8.45058,1.04891,42.1429
230,0.301493,0.0386,0.0475726,0.00634218,0.186695,360,0.24338,0.267278,5.61831,1.04891,42.1429
231,0.479632,0.0386,0.018067,0.00634218,0.0709025,360,0.24338,0.267278,14.7937,1.04891,42.1429
232,0.503367,0.0386,0.0112938,0.00634218,0.0443215,360,0.24338,0.267278,23.6659,1.04891,42.1429
233,0.263055,0.0386,0.0417374,0.00634218,0.163795,360,0.24338,0.267278,6.40379,1.04891,42.1429
234,0.479965,0.0386,0.101295,0.00634218,0.397523,360,0.24338,0.267278,2.63861,1.04891,42.1429
235,0.43569,0.0386,0.00414682,0.00634218,0.0162739,360,0.24338,0.267278,64.4536,1.04891,42.1429
236,0.319369,0.0386,0.0581888,0.00634218,0.228357,360,0.24338,0.267278,4.59328,1.04891,42.1429
237,0.0214851,0.0386,0.0165739,0.00634218,0.0650429,360,0.24338,0.267278,16.1264,1.04891,42.1429
238,0.521822,0.0386,0.0134898,0.00634218,0.0529398,360,0.24338,0.267278,19.8132,1.04891,42.1429
239,0.423934,0.0386,0.745405,0.00634218,2.92528,360,0.24338,0.267278,0.358567,1.04891,42.1429
240,0.243044,0.0386,0.00934872,0.00634218,0.0366883,360,0.24338,0.267278,28.5897,1.04891,42.1429
241,0.414023,0.0386,0.0694447,0.00634218,0.27253,360,0.24338,0.267278,3.84878,1.04891,42.1429
242,0.558461,0.0386,0.0927893,0.00634218,0.364144,360,0.24338,0.267278,2.88048,1.04891,42.1429
243,0.413602,0.0386,0.0210351,0.00634218,0.0825504,360,0.24338,0.267278,12.7063,1.04891,42.1429
244,0.510081,0.0386,0.111125,0.00634218,0.436103,360,0.24338,0.267278,2.40519,1.04891,42.1429
245,0.170226,0.0386,0.0100591,0.00634218,0.0394763,360,0.24338,0.267278,26.5706,1.04891,42.1429
246,0.0967738,0.0386,0.025907,0.00634218,0.10167,360,0.24338,0.267278,10.3168,1.04891,42.1429
247,0.531832,0.0386,0.0196292,0.00634218,0.0770332,360,0.24338,0.267278,13.6163,1.04891,42.1429
248,0.448916,0.0386,0.0403204,0.00634218,0.158234,360,0.24338,0.267278,6.62884,1.04891,42.1429
249,0.278388,0.0386,0.0273462,0.00634218,0.107318,360,0.24338,0.267278,9.77384,1.04891,42.1429
250,0.251528,0.0386,0.00456531,0.00634218,0.0179162,360,0.24338,0.267278,58.5453,1.04891,42.1429
251,0.272729,0.0386,0.0295694,0.00634218,0.116043,360,0.24338,0.267278,9.039,1.04891,42.1429
252,0.401964,0.0386,0.102165,0.00634218,0.400937,360,0.24338,0.267278,2.61615,1.04891,42.1429
253,0.313599,0.0386,0.0983836,0.00634218,0.386099,360,0.24338,0.267278,2.71669,1.04891,42.1429
254,0.0622884,0.0386,0.00167389,0.00634218,0.00656906,360,0.24338,0.267278,159.674,1.04891,42.1429
255,0.324015,0.0386,0.0202292,0.00634218,0.0793878,360,0.24338,0.267278,13.2125,1.04891,42.1429
256,0.550363,0.0386,0.00983871,0.00634218,0.0386112,360,0.24338,0.267278,27.1659,1.04891,42.1429
257,0.11814,0.0386,0.0809283,0.00634218,0.317597,360,0.24338,0.267278,3.30265,1.04891,42.1429
258,0.392105,0.0386,0.083447,0.00634218,0.327481,360,0.24338,0.267278,3.20296,1.04891,42.1429
259,0.125958,0.0386,0.759229,0.00634218,2.97953,360,0.24338,0.267278,0.352038,1.04891,42.1429
260,0.242934,0.0386,0.0156305,0.00634218,0.0613405,360,0.24338,0.267278,17.0998,1.04891,42.1429
261,0.249154,0.0386,0.0760092,0.00634218,0.298292,360,0.24338,0.267278,3.51638,1.04891,42.1429
262,0.312611,0.0386,0.00368923,0.00634218,0.0144781,360,0.24338,0.267278,72.448,1.04891,42.1429
263,0.266562,0.0386,0.0126709,0.00634218,0.049726,360,0.24338,0.267278,21.0937,1.04891,42.1429
264,0.384108,0.0386,0.00828231,0.00634218,0.0325032,360,0.24338,0.267278,32.2709,1.04891,42.1429
265,0.426756,0.0386,0.00832489,0.00634218,0.0326704,360,0.24338,0.267278,32.1058,1.04891,42.1429
266,0.266267,0.0386,0.370122,0.00634218,1.45251,360,0.24338,0.267278,0.722134,1.04891,42.1429
267,0.384215,0.0386,0.0748707,0.00634218,0.293824,360,0.24338,0.267278,3.56986,1.04891,42.1429
268,0.420766,0.0386,0.0842419,0.00634218,0.3306,360,0.24338,0.267278,3.17274,1.04891,42.1429
269,0.0993144,0.0386,0.102169,0.00634218,0.400954,360,0.24338,0.267278,2.61603,1.04891,42.1429
270,0.305872,0.0386,0.0522805,0.00634218,0.205171,360,0.24338,0.267278,5.11237,1.04891,42.1429
271,0.0935914,0.0386,0.0365134,0.00634218,0.143294,360,0.24338,0.267278,7.31999,1.04891,42.1429
272,0.422168,0.0386,0.781864,0.00634218,3.06836,360,0.24338,0.267278,0.341847,1.04891,42.1429
273,0.404545,0.0386,0.454953,0.00634218,1.78543,360,0.24338,0.267278,0.587484,1.04891,42.1429
274,0.139928,0.0386,0.276951,0.00634218,1.08687,360,0.24338,0.267278,0.965071,1.04891,42.1429
275,0.352838,0.0386,0.00629573,0.00634218,0.0247071,360,0.24338,0.267278,42.4538,1.04891,42.1429
276,0.221731,0.0386,0.0362874,0.00634218,0.142407,360,0.24338,0.267278,7.36558,1.04891,42.1429
277,0.174117,0.0386,0.218232,0.00634218,0.856433,360,0.24338,0.267278,1.22474,1.04891,42.1429
278,0.321666,0.0386,0.00781819,0.00634218,0.0306819,360,0.24338,0.267278,34.1866,1.04891,42.1429
279,0.142621,0.0386,0.0322866,0.00634218,0.126706,360,0.24338,0.267278,8.27828,1.04891,42.1429
280,0.15573,0.0386,0.107291,0.00634218,0.421056,360,0.24338,0.267278,2.49114,1.04891,42.1429
281,0.475543,0.0386,0.015688,0.00634218,0.0615664,360,0.24338,0.267278,17.037,1.04891,42.1429
282,0.175366,0.0386,0.0388176,0.00634218,0.152337,360,0.24338,0.267278,6.88547,1.04891,42.1429
283,0.351878,0.0386,0.0583497,0.00634218,0.228989,360,0.24338,0.267278,4.58061,1.04891,42.1429
284,0.156472,0.0386,0.0128993,0.00634218,0.0506223,360,0.24338,0.267278,20.7203,1.04891,42.1429
285,0.5093,0.0386,0.0825577,0.00634218,0.323991,360,0.24338,0.267278,3.23746,1.04891,42.1429
286,0.112843,0.0386,0.0772132,0.00634218,0.303017,360,0.24338,0.267278,3.46155,1.04891,42.1429
287,0.304442,0.0386,0.0182585,0.00634218,0.0716541,360,0.24338,0.267278,14.6385,1.04891,42.1429
288,0.559194,0.0386,0.0243966,0.00634218,0.0957424,360,0.24338,0.267278,10.9555,1.04891,42.1429
289,0.223951,0.0386,0.117376,0.00634218,0.460632,360,0.24338,0.267278,2.27711,1.04891,42.1429
290,0.262286,0.0386,0.0238385,0.00634218,0.0935524,360,0.24338,0.267278,11.212,1.04891,42.1429
291,0.668962,0.0386,0.0633358,0.00634218,0.248556,360,0.24338,0.267278,4.22,1.04891,42.1429
292,0.129322,0.0386,0.0141081,0.00634218,0.0553661,360,0.24338,0.267278,18.945,1.04891,42.1429
293,0.293938,0.0386,0.0389869,0.00634218,0.153001,360,0.24338,0.267278,6.85557,1.04891,42.1429
294,0.225791,0.0386,0.010648,0.00634218,0.0417873,360,0.24338,0.267278,25.1012,1.04891,42.1429
295,0.228864,0.0386,0.173245,0.00634218,0.679884,360,0.24338,0.267278,1.54278,1.04891,42.1429
296,0.109958,0.0386,0.137122,0.00634218,0.538125,360,0.24338,0.267278,1.94919,1.04891,42.1429
297,0.182308,0.0386,0.0728243,0.00634218,0.285793,360,0.24338,0.267278,3.67017,1.04891,42.1429
298,0.47924,0.0386,0.0210526,0.00634218,0.0826194,360,0.24338,0.267278,12.6957,1.04891,42.1429
299,0.21935,0.0386,0.0166515,0.00634218,0.0653473,360,0.24338,0.267278,16.0513,1.04891,42.1429
300,0.198218,0.0386,0.0512175,0.00634218,0.200999,360,0.24338,0.267278,5.21848,1.04891,42.1429
301,0.087649,0.0386,0.00764922,0.00634218,0.0300187,360,0.24338,0.267278,34.9418,1.04891,42.1429
302,0.140696,0.0386,0.00679148,0.00634218,0.0266526,360,0.24338,0.267278,39.3548,1.04891,42.1429
303,0.221893,0.0386,0.0290963,0.00634218,0.114186,360,0.24338,0.267278,9.18598,1.04891,42.1429
304,0.226439,0.0386,0.0168176,0.00634218,0.0659994,360,0.24338,0.267278,15.8927,1.04891,42.1429
305,0.20913,0.0386,0.0485964,0.00634218,0.190713,360,0.24338,0.267278,5.49994,1.04891,42.1429
306,0.200784,0.0386,0.0816141,0.00634218,0.320288,360,0.24338,0.267278,3.2749,1.04891,42.1429
307,0.227229,0.0386,0.00868909,0.00634218,0.0340996,360,0.24338,0.267278,30.7601,1.04891,42.1429
308,0.0705768,0.0386,0.0072781,0.00634218,0.0285623,360,0.24338,0.267278,36.7235,1.04891,42.1429
309,0.594763,0.0386,0.0744236,0.00634218,0.292069,360,0.24338,0.267278,3.5913,1.04891,42.1429
310,0.266519,0.0386,0.0109017,0.00634218,0.0427828,360,0.24338,0.267278,24.517,1.04891,42.1429
311,0.151826,0.0386,0.00711072,0.00634218,0.0279054,360,0.24338,0.267278,37.588,1.04891,42.1429
312,0.285137,0.0386,0.177887,0.00634218,0.698102,360,0.24338,0.267278,1.50251,1.04891,42.1429
313,0.247662,0.0386,0.0227967,0.00634218,0.0894637,360,0.24338,0.267278,11.7244,1.04891,42.1429
314,0.296147,0.0386,0.0201892,0.00634218,0.0792308,360,0.24338,0.267278,13.2386,1.04891,42.1429
315,0.26384,0.0386,0.00151887,0.00634218,0.00596068,360,0.24338,0.267278,175.971,1.04891,42.1429
316,0.0425931,0.0386,0.00676573,0.00634218,0.0265515,360,0.24338,0.267278,39.5046,1.04891,42.1429
317,0.200839,0.0386,0.106193,0.00634218,0.416747,360,0.24338,0.267278,2.51689,1.04891,42.1429
318,0.133936,0.0386,0.0112586,0.00634218,0.0441836,360,0.24338,0.267278,23.7398,1.04891,42.1429
319,0.208265,0.0386,0.0167932,0.00634218,0.0659037,360,0.24338,0.267278,15.9158,1.04891,42.1429
320,0.271479,0.0386,0.0448391,0.00634218,0.175967,360,0.24338,0.267278,5.96082,1.04891,42.1429
321,0.185285,0.0386,0.0117344,0.00634218,0.0460505,360,0.24338,0.267278,22.7773,1.04891,42.1429
322,0.155098,0.0386,0.391692,0.00634218,1.53716,360,0.24338,0.267278,0.682367,1.04891,42.1429
323,0.149741,0.0386,0.0218564,0.00634218,0.0857735,360,0.24338,0.267278,12.2288,1.04891,42.1429
324,0.281315,0.0386,0.0220062,0.00634218,0.0863616,360,0.24338,0.267278,12.1456,1.04891,42.1429
325,0.27623,0.0386,0.182443,0.00634218,0.715984,360,0.24338,0.267278,1.46499,1.04891,42.1429
326,0.0968419,0.0386,0.00673593,0.00634218,0.0264346,360,0.24338,0.267278,39.6794,1.04891,42.1429
327,0.181247,0.0386,0.0372385,0.00634218,0.146139,360,0.24338,0.267278,7.17745,1.04891,42.1429
328,0.0921716,0.0386,0.0113937,0.00634218,0.0447136,360,0.24338,0.267278,23.4584,1.04891,42.1429
329,0.282066,0.0386,0.0125048,0.00634218,0.0490741,360,0.24338,0.267278,21.374,1.04891,42.1429
330,0.368895,0.0386,0.0123284,0.00634218,0.0483818,360,0.24338,0.267278,21.6798,1.04891,42.1429
331,0.447454,0.0386,0.030849,0.00634218,0.121064,360,0.24338,0.267278,8.66406,1.04891,42.1429
332,0.100843,0.0386,0.121675,0.00634218,0.477504,360,0.24338,0.267278,2.19665,1.04891,42.1429
333,0.160922,0.0386,0.0035736,0.00634218,0.0140243,360,0.24338,0.267278,74.7922,1.04891,42.1429
334,0.0871092,0.0386,0.0444946,0.00634218,0.174616,360,0.24338,0.267278,6.00696,1.04891,42.1429
335,0.0843452,0.0386,0.0553462,0.00634218,0.217201,360,0.24338,0.267278,4.8292,1.04891,42.1429
336,0.136556,0.0386,0.946549,0.00634218,3.71465,360,0.24338,0.267278,0.282371,1.04891,42.1429
337,0.48703,0.0386,0.0404427,0.00634218,0.158714,360,0.24338,0.267278,6.6088,1.04891,42.1429
338,0.217184,0.0386,0.0296454,0.00634218,0.116341,360,0.24338,0.267278,9.0158,1.04891,42.1429
339,0.0440379,0.0386,0.0201619,0.00634218,0.0791236,360,0.24338,0.267278,13.2566,1.04891,42.1429
340,0.201343,0.0386,0.0409503,0.00634218,0.160706,360,0.24338,0.267278,6.52688,1.04891,42.1429
341,0.643796,0.0386,0.00170879,0.00634218,0.006706,360,0.24338,0.267278,156.413,1.04891,42.1429
342,0.373568,0.0386,0.0301877,0.00634218,0.118469,360,0.24338,0.267278,8.85384,1.04891,42.1429
343,0.49356,0.0386,0.0835562,0.00634218,0.32791,360,0.24338,0.267278,3.19877,1.04891,42.1429
344,0.64754,0.0386,0.0186226,0.00634218,0.0730828,360,0.24338,0.267278,14.3523,1.04891,42.1429
345,0.162404,0.0386,0.0281841,0.00634218,0.110606,360,0.24338,0.267278,9.48329,1.04891,42.1429
346,0.283221,0.0386,0.0495046,0.00634218,0.194277,360,0.24338,0.267278,5.39904,1.04891,42.1429
347,0.695129,0.0386,0.0171244,0.00634218,0.0672034,360,0.24338,0.267278,15.608,1.04891,42.1429
348,0.217395,0.0386,0.0148153,0.00634218,0.0581416,360,0.24338,0.267278,18.0406,1.04891,42.1429
349,0.197016,0.0386,0.0230661,0.00634218,0.0905209,360,0.24338,0.267278,11.5875,1.04891,42.1429
350,0.385479,0.0386,0.214502,0.00634218,0.841794,360,0.24338,0.267278,1.24604,1.04891,42.1429
351,0.215835,0.0386,0.0287772,0.00634218,0.112934,360,0.24338,0.267278,9.28783,1.04891,42.1429
352,0.145151,0.0386,0.0185796,0.00634218,0.0729141,360,0.24338,0.267278,14.3855,1.04891,42.1429
353,0.0458218,0.0386,0.035079,0.00634218,0.137665,360,0.24338,0.267278,7.61929,1.04891,42.1429
354,0.104075,0.0386,0.0588745,0.00634218,0.231048,360,0.24338,0.267278,4.53979,1.04891,42.1429
355,0.285083,0.0386,0.0473755,0.00634218,0.185921,360,0.24338,0.267278,5.64168,1.04891,42.1429
356,0.276652,0.0386,0.029476,0.00634218,0.115676,360,0.24338,0.267278,9.06762,1.04891,42.1429
357,0.500871,0.0386,0.0194575,0.00634218,0.0763595,360,0.24338,0.267278,13.7365,1.04891,42.1429
358,0.440297,0.0386,0.0505034,0.00634218,0.198197,360,0.24338,0.267278,5.29226,1.04891,42.1429
359,0.363918,0.0386,0.0596987,0.00634218,0.234283,360,0.24338,0.267278,4.47711,1.04891,42.1429
360,0.22119,0.0386,0.0377367,0.00634218,0.148095,360,0.24338,0.267278,7.08269,1.04891,42.1429
361,0.0970966,0.0386,0.030523,0.00634218,0.119785,360,0.24338,0.267278,8.75658,1.04891,42.1429
362,0.331836,0.0386,0.00860782,0.00634218,0.0337807,360,0.24338,0.267278,31.0505,1.04891,42.1429
363,0.559259,0.0386,0.348308,0.00634218,1.3669,360,0.24338,0.267278,0.767361,1.04891,42.1429
364,0.119465,0.0386,0.159962,0.00634218,0.627757,360,0.24338,0.267278,1.67088,1.04891,42.1429
365,0.115452,0.0386,0.022991,0.00634218,0.0902263,360,0.24338,0.267278,11.6253,1.04891,42.1429
366,0.150715,0.0386,0.0243544,0.00634218,0.0955769,360,0.24338,0.267278,10.9745,1.04891,42.1429
367,0.466078,0.0386,0.00793569,0.00634218,0.031143,360,0.24338,0.267278,33.6804,1.04891,42.1429
368,0.320153,0.0386,0.0577934,0.00634218,0.226806,360,0.24338,0.267278,4.6247,1.04891,42.1429
369,0.102072,0.0386,0.0990317,0.00634218,0.388642,360,0.24338,0.267278,2.69891,1.04891,42.1429
370,0.32897,0.0386,0.0353549,0.00634218,0.138747,360,0.24338,0.267278,7.55985,1.04891,42.1429
371,0.225245,0.0386,0.118142,0.00634218,0.463639,360,0.24338,0.267278,2.26234,1.04891,42.1429
372,0.118376,0.0386,0.0158602,0.00634218,0.0622422,360,0.24338,0.267278,16.8521,1.04891,42.1429
373,0.086659,0.0386,0.0404977,0.00634218,0.15893,360,0.24338,0.267278,6.59982,1.04891,42.1429
374,0.238812,0.0386,0.0197346,0.00634218,0.0774469,360,0.24338,0.267278,13.5436,1.04891,42.1429
375,0.53111,0.0386,0.0109773,0.00634218,0.0430796,360,0.24338,0.267278,24.3482,1.04891,42.1429
376,0.150668,0.0386,0.0049255,0.00634218,0.0193297,360,0.24338,0.267278,54.2641,1.04891,42.1429
377,0.737156,0.0386,0.0115356,0.00634218,0.0452706,360,0.24338,0.267278,23.1698,1.04891,42.1429
378,0.565766,0.0386,0.0500506,0.00634218,0.196419,360,0.24338,0.267278,5.34015,1.04891,42.1429
379,0.181847,0.0386,0.0525634,0.00634218,0.206281,360,0.24338,0.267278,5.08486,1.04891,42.1429
380,0.286767,0.0386,0.0185313,0.00634218,0.0727245,360,0.24338,0.267278,14.423,1.04891,42.1429
381,0.0578457,0.0386,0.0345556,0.00634218,0.13561,360,0.24338,0.267278,7.73472,1.04891,42.1429
382,0.599459,0.0386,0.115741,0.00634218,0.454214,360,0.24338,0.267278,2.30928,1.04891,42.1429
383,0.131934,0.0386,0.228529,0.00634218,0.896843,360,0.24338,0.267278,1.16956,1.04891,42.1429
384,0.257846,0.0386,0.146701,0.00634218,0.575718,360,0.24338,0.267278,1.82191,1.04891,42.1429
385,0.200438,0.0386,0.0155996,0.00634218,0.0612194,360,0.24338,0.267278,17.1336,1.04891,42.1429
386,0.3533,0.0386,0.315675,0.00634218,1.23884,360,0.24338,0.267278,0.846685,1.04891,42.1429
387,0.253675,0.0386,0.0369132,0.00634218,0.144863,360,0.24338,0.267278,7.24071,1.04891,42.1429
388,0.117438,0.0386,0.0253177,0.00634218,0.0993574,360,0.24338,0.267278,10.5569,1.04891,42.1429
389,0.182971,0.0386,0.0842956,0.00634218,0.330811,360,0.24338,0.267278,3.17072,1.04891,42.1429
390,0.261962,0.0386,0.062732,0.00634218,0.246186,360,0.24338,0.267278,4.26063,1.04891,42.1429
391,0.091846,0.0386,0.00619348,0.00634218,0.0243058,360,0.24338,0.267278,43.1546,1.04891,42.1429
392,0.571346,0.0386,0.00959911,0.00634218,0.0376709,360,0.24338,0.267278,27.844,1.04891,42.1429
393,0.19451,0.0386,0.054257,0.00634218,0.212927,360,0.24338,0.267278,4.92614,1.04891,42.1429
394,0.371883,0.0386,0.0255861,0.00634218,0.10041,360,0.24338,0.267278,10.4462,1.04891,42.1429
395,0.434996,0.0386,0.00661509,0.00634218,0.0259604,360,0.24338,0.267278,40.4042,1.04891,42.1429
396,0.319789,0.0386,0.00720512,0.00634218,0.0282759,360,0.24338,0.267278,37.0955,1.04891,42.1429
397,0.259368,0.0386,0.153613,0.00634218,0.602843,360,0.24338,0.267278,1.73994,1.04891,42.1429
398,0.227059,0.0386,0.0188008,0.00634218,0.073782,360,0.24338,0.267278,14.2163,1.04891,42.1429
399,0.301033,0.0386,0.0656907,0.00634218,0.257798,360,0.24338,0.267278,4.06873,1.04891,42.1429
400,0.188577,0.0386,0.165147,0.00634218,0.648107,360,0.24338,0.267278,1.61842,1.04891,42.1429
401,0.314194,0.0386,0.0864358,0.00634218,0.33921,360,0.24338,0.267278,3.09221,1.04891,42.1429
402,0.482528,0.0386,0.0640133,0.00634218,0.251215,360,0.24338,0.267278,4.17534,1.04891,42.1429
403,0.324556,0.0386,0.00183772,0.00634218,0.007212,360,0.24338,0.267278,145.439,1.04891,42.1429
404,0.287398,0.0386,0.0488563,0.00634218,0.191732,360,0.24338,0.267278,5.47069,1.04891,42.1429
405,0.443163,0.0386,0.0344284,0.00634218,0.135111,360,0.24338,0.267278,7.76329,1.04891,42.1429
406,0.640142,0.0386,0.0504783,0.00634218,0.198098,360,0.24338,0.267278,5.2949,1.04891,42.1429
407,0.250727,0.0386,0.196575,0.00634218,0.771441,360,0.24338,0.267278,1.35967,1.04891,42.1429
408,0.23784,0.0386,0.236245,0.00634218,0.927124,360,0.24338,0.267278,1.13136,1.04891,42.1429
409,0.263572,0.0386,0.0152625,0.00634218,0.0598963,360,0.24338,0.267278,17.5121,1.04891,42.1429
410,0.0783275,0.0386,0.0691127,0.00634218,0.271227,360,0.24338,0.267278,3.86727,1.04891,42.1429
411,0.447048,0.0386,0.100937,0.00634218,0.39612,360,0.24338,0.267278,2.64795,1.04891,42.1429
412,0.158916,0.0386,0.0601182,0.00634218,0.235929,360,0.24338,0.267278,4.44587,1.04891,42.1429
413,0.260311,0.0386,0.00729718,0.00634218,0.0286372,360,0.24338,0.267278,36.6275,1.04891,42.1429
414,0.231085,0.0386,0.0862994,0.00634218,0.338675,360,0.24338,0.267278,3.09709,1.04891,42.1429
415,0.108759,0.0386,0.0123434,0.00634218,0.0484406,360,0.24338,0.267278,21.6535,1.04891,42.1429
416,0.425872,0.0386,0.014558,0.00634218,0.0571318,360,0.24338,0.267278,18.3595,1.04891,42.1429
417,0.303294,0.0386,0.0711161,0.00634218,0.279089,360,0.24338,0.267278,3.75833,1.04891,42.1429
418,0.230369,0.0386,0.0192145,0.00634218,0.0754058,360,0.24338,0.267278,13.9102,1.04891,42.1429
419,0.645589,0.0386,0.149863,0.00634218,0.588123,360,0.24338,0.267278,1.78348,1.04891,42.1429
420,0.171255,0.0386,0.0559043,0.00634218,0.219392,360,0.24338,0.267278,4.78098,1.04891,42.1429
421,0.305508,0.0386,0.0172905,0.00634218,0.067855,360,0.24338,0.267278,15.4581,1.04891,42.1429
422,0.0411256,0.0386,0.0533963,0.00634218,0.20955,360,0.24338,0.267278,5.00554,1.04891,42.1429
423,0.217879,0.0386,0.0288449,0.00634218,0.113199,360,0.24338,0.267278,9.26604,1.04891,42.1429
424,0.278184,0.0386,0.0444955,0.00634218,0.174619,360,0.24338,0.267278,6.00685,1.04891,42.1429
425,0.114302,0.0386,0.0438903,0.00634218,0.172244,360,0.24338,0.267278,6.08967,1.04891,42.1429
426,0.398411,0.0386,0.0060613,0.00634218,0.0237871,360,0.24338,0.267278,44.0957,1.04891,42.1429
427,0.354394,0.0386,0.0125419,0.00634218,0.0492197,360,0.24338,0.267278,21.3107,1.04891,42.1429
428,0.164961,0.0386,0.189755,0.00634218,0.744676,360,0.24338,0.267278,1.40854,1.04891,42.1429
429,0.355225,0.0386,0.127848,0.00634218,0.501731,360,0.24338,0.267278,2.09058,1.04891,42.1429
430,0.19799,0.0386,0.0159003,0.00634218,0.0623994,360,0.24338,0.267278,16.8096,1.04891,42.1429
431,0.21286,0.0386,0.00752375,0.00634218,0.0295263,360,0.24338,0.267278,35.5245,1.04891,42.1429
432,0.282722,0.0386,0.0374773,0.00634218,0.147077,360,0.24338,0.267278,7.13171,1.04891,42.1429
433,0.210032,0.0386,0.049737,0.00634218,0.195189,360,0.24338,0.267278,5.37382,1.04891,42.1429
434,0.297498,0.0386,0.077307,0.00634218,0.303385,360,0.24338,0.267278,3.45735,1.04891,42.1429
435,0.290341,0.0386,0.0457477,0.00634218,0.179533,360,0.24338,0.267278,5.84242,1.04891,42.1429
436,0.0529098,0.0386,0.0266373,0.00634218,0.104536,360,0.24338,0.267278,10.034,1.04891,42.1429
437,0.189276,0.0386,0.0078259,0.00634218,0.0307121,360,0.24338,0.267278,34.153,1.04891,42.1429
438,0.12236,0.0386,0.104886,0.00634218,0.411618,360,0.24338,0.267278,2.54826,1.04891,42.1429
439,0.318228,0.0386,0.0928285,0.00634218,0.364298,360,0.24338,0.267278,2.87926,1.04891,42.1429
440,0.154549,0.0386,0.0341014,0.00634218,0.133828,360,0.24338,0.267278,7.83773,1.04891,42.1429
441,0.725724,0.0386,0.214947,0.00634218,0.843541,360,0.24338,0.267278,1.24346,1.04891,42.1429
442,0.212372,0.0386,0.111436,0.00634218,0.437322,360,0.24338,0.267278,2.39848,1.04891,42.1429
443,0.490019,0.0386,0.00430652,0.00634218,0.0169006,360,0.24338,0.267278,62.0635,1.04891,42.1429
444,0.301703,0.0386,0.0940242,0.00634218,0.36899,360,0.24338,0.267278,2.84265,1.04891,42.1429
445,0.247219,0.0386,0.025534,0.00634218,0.100206,360,0.24338,0.267278,10.4675,1.04891,42.1429
446,0.187729,0.0386,0.00957294,0.00634218,0.0375682,360,0.24338,0.267278,27.9201,1.04891,42.1429
447,0.0818967,0.0386,0.0216455,0.00634218,0.0849458,360,0.24338,0.267278,12.348,1.04891,42.1429
448,0.250379,0.0386,0.121519,0.00634218,0.476892,360,0.24338,0.267278,2.19947,1.04891,42.1429
449,0.117858,0.0386,0.0380658,0.00634218,0.149386,360,0.24338,0.267278,7.02146,1.04891,42.1429
450,0.3066,0.0386,0.0103894,0.00634218,0.0407724,360,0.24338,0.267278,25.7259,1.04891,42.1429
451,0.144534,0.0386,0.0290944,0.00634218,0.114179,360,0.24338,0.267278,9.18656,1.04891,42.1429
452,0.0180817,0.0386,0.0646306,0.00634218,0.253637,360,0.24338,0.267278,4.13547,1.04891,42.1429
453,0.422331,0.0386,0.00208199,0.00634218,0.00817059,360,0.24338,0.267278,128.376,1.04891,42.1429
454,0.324882,0.0386,0.0271864,0.00634218,0.106691,360,0.24338,0.267278,9.83128,1.04891,42.1429
455,0.495458,0.0386,0.0181684,0.00634218,0.0713005,360,0.24338,0.267278,14.7111,1.04891,42.1429
456,0.436962,0.0386,0.0423107,0.00634218,0.166045,360,0.24338,0.267278,6.31702,1.04891,42.1429
457,0.346559,0.0386,0.00821774,0.00634218,0.0322499,360,0.24338,0.267278,32.5244,1.04891,42.1429
458,0.153136,0.0386,0.0122744,0.00634218,0.0481698,360,0.24338,0.267278,21.7752,1.04891,42.1429
459,0.142468,0.0386,0.0271954,0.00634218,0.106726,360,0.24338,0.267278,9.82804,1.04891,42.1429
460,0.254297,0.0386,0.0103406,0.00634218,0.040581,360,0.24338,0.267278,25.8473,1.04891,42.1429
461,0.215382,0.0386,0.0212879,0.00634218,0.0835428,360,0.24338,0.267278,12.5553,1.04891,42.1429
462,0.238073,0.0386,0.0173287,0.00634218,0.0680052,360,0.24338,0.267278,15.424,1.04891,42.1429
463,0.221478,0.0386,0.141952,0.00634218,0.557079,360,0.24338,0.267278,1.88287,1.04891,42.1429
464,0.127831,0.0386,0.0546121,0.00634218,0.214321,360,0.24338,0.267278,4.89411,1.04891,42.1429
465,0.377666,0.0386,0.0129943,0.00634218,0.050995,360,0.24338,0.267278,20.5689,1.04891,42.1429
466,0.305056,0.0386,0.0530685,0.00634218,0.208263,360,0.24338,0.267278,5.03647,1.04891,42.1429
467,0.275653,0.0386,0.0410663,0.00634218,0.161161,360,0.24338,0.267278,6.50844,1.04891,42.1429
468,0.315844,0.0386,0.0815961,0.00634218,0.320217,360,0.24338,0.267278,3.27562,1.04891,42.1429
469,0.396739,0.0386,0.530722,0.00634218,2.08277,360,0.24338,0.267278,0.503612,1.04891,42.1429
470,0.241669,0.0386,0.00874571,0.00634218,0.0343218,360,0.24338,0.267278,30.561,1.04891,42.1429
471,0.201355,0.0386,0.0290747,0.00634218,0.114101,360,0.24338,0.267278,9.1928,1.04891,42.1429
472,0.0664562,0.0386,0.189952,0.00634218,0.745453,360,0.24338,0.267278,1.40708,1.04891,42.1429
473,0.268472,0.0386,0.0607536,0.00634218,0.238422,360,0.24338,0.267278,4.39937,1.04891,42.1429
474,0.0492912,0.0386,0.00315698,0.00634218,0.0123893,360,0.24338,0.267278,84.6625,1.04891,42.1429
475,0.508555,0.0386,0.0251196,0.00634218,0.0985798,360,0.24338,0.267278,10.6402,1.04891,42.1429
476,0.587383,0.0386,0.0734095,0.00634218,0.28809,360,0.24338,0.267278,3.64091,1.04891,42.1429
477,0.0862877,0.0386,0.618951,0.00634218,2.42902,360,0.24338,0.267278,0.431824,1.04891,42.1429
478,0.0918954,0.0386,0.00709076,0.00634218,0.0278271,360,0.24338,0.267278,37.6938,1.04891,42.1429
479,0.0736876,0.0386,0.0945477,0.00634218,0.371045,360,0.24338,0.267278,2.82691,1.04891,42.1429
480,0.264055,0.0386,0.176914,0.00634218,0.694285,360,0.24338,0.267278,1.51078,1.04891,42.1429
481,0.188081,0.0386,0.0408501,0.00634218,0.160313,360,0.24338,0.267278,6.54288,1.04891,42.1429
482,0.323795,0.0386,0.0309553,0.00634218,0.121482,360,0.24338,0.267278,8.6343,1.04891,42.1429
483,0.160546,0.0386,0.010482,0.00634218,0.0411356,360,0.24338,0.267278,25.4988,1.04891,42.1429
484,0.4769,0.0386,0.00592219,0.00634218,0.0232412,360,0.24338,0.267278,45.1315,1.04891,42.1429
485,0.0346408,0.0386,0.0167074,0.00634218,0.0655669,360,0.24338,0.267278,15.9975,1.04891,42.1429
486,0.190292,0.0386,0.0352395,0.00634218,0.138294,360,0.24338,0.267278,7.58461,1.04891,42.1429
487,0.26922,0.0386,0.0145491,0.00634218,0.0570967,360,0.24338,0.267278,18.3707,1.04891,42.1429
488,0.126953,0.0386,0.0233736,0.00634218,0.0917278,360,0.24338,0.267278,11.435,1.04891,42.1429
489,0.21914,0.0386,0.0680343,0.00634218,0.266995,360,0.24338,0.267278,3.92857,1.04891,42.1429
490,0.149758,0.0386,0.0304554,0.00634218,0.11952,360,0.24338,0.267278,8.77603,1.04891,42.1429
491,0.474434,0.0386,0.126038,0.00634218,0.494626,360,0.24338,0.267278,2.12061,1.04891,42.1429
492,0.291993,0.0386,0.0258948,0.00634218,0.101622,360,0.24338,0.267278,10.3217,1.04891,42.1429
493,0.712663,0.0386,0.00353058,0.00634218,0.0138555,360,0.24338,0.267278,75.7035,1.04891,42.1429
494,0.104288,0.0386,0.0431161,0.00634218,0.169206,360,0.24338,0.267278,6.19902,1.04891,42.1429
495,0.56002,0.0386,0.045196,0.00634218,0.177368,360,0.24338,0.267278,5.91374,1.04891,42.1429
496,0.230066,0.0386,0.306966,0.00634218,1.20466,360,0.24338,0.267278,0.870707,1.04891,42.1429
497,0.191968,0.0386,0.374134,0.00634218,1.46826,360,0.24338,0.267278,0.714389,1.04891,42.1429
498,0.287942,0.0386,0.129947,0.00634218,0.509965,360,0.24338,0.267278,2.05683,1.04891,42.1429
499,0.313123,0.0386,0.354313,0.00634218,1.39047,360,0.24338,0.267278,0.754354,1.04891,42.1429
