PID,i_lum_F1_indiv,i_lum_k12(KA),i_lum_k23(Q/V),i_lum_k32(Q/VP),i_lum_k20(CL/V),total_mg_dose_per_occassion,DS,Q,V,CL,VP
0,0.4008,0.0386,0.0183857,0.00701877,0.0721531,240,0.24338,0.197194,10.7254,0.773872,28.0952
1,0.401856,0.0386,0.0188815,0.00701877,0.074099,240,0.24338,0.197194,10.4438,0.773872,28.0952
2,0.418279,0.0386,0.00656975,0.00701877,0.0257824,240,0.24338,0.197194,30.0155,0.773872,28.0952
3,0.334235,0.0386,0.0720939,0.00701877,0.282927,240,0.24338,0.197194,2.73524,0.773872,28.0952
4,0.222059,0.0386,0.0121483,0.00701877,0.0476749,240,0.24338,0.197194,16.2323,0.773872,28.0952
5,0.184656,0.0386,0.0228306,0.00701877,0.0895967,240,0.24338,0.197194,8.63728,0.773872,28.0952
6,0.140955,0.0386,0.052938,0.00701877,0.207751,240,0.24338,0.197194,3.725,0.773872,28.0952
7,0.179196,0.0386,0.0414421,0.00701877,0.162636,240,0.24338,0.197194,4.75831,0.773872,28.0952
8,0.307059,0.0386,0.0496455,0.00701877,0.19483,240,0.24338,0.197194,3.97204,0.773872,28.0952
9,0.260702,0.0386,0.00647126,0.00701877,0.0253959,240,0.24338,0.197194,30.4723,0.773872,28.0952
10,0.378489,0.0386,0.0564983,0.00701877,0.221723,240,0.24338,0.197194,3.49027,0.773872,28.0952
11,0.193744,0.0386,0.026675,0.00701877,0.104684,240,0.24338,0.197194,7.39248,0.773872,28.0952
12,0.189467,0.0386,0.0266107,0.00701877,0.104432,240,0.24338,0.197194,7.41032,0.773872,28.0952
13,0.216394,0.0386,0.0137703,0.00701877,0.0540406,240,0.24338,0.197194,14.3202,0.773872,28.0952
14,0.287746,0.0386,0.0112833,0.00701877,0.0442804,240,0.24338,0.197194,17.4766,0.773872,28.0952
15,0.208674,0.0386,0.0973319,0.00701877,0.381971,240,0.24338,0.197194,2.026,0.773872,28.0952
16,0.255853,0.0386,0.0306896,0.00701877,0.120439,240,0.24338,0.197194,6.42543,0.773872,28.0952
17,0.164948,0.0386,0.679049,0.00701877,2.66487,240,0.24338,0.197194,0.290398,0.773872,28.0952
18,0.433308,0.0386,0.0342295,0.00701877,0.134331,240,0.24338,0.197194,5.76094,0.773872,28.0952
19,0.137595,0.0386,0.0467619,0.00701877,0.183513,240,0.24338,0.197194,4.21699,0.773872,28.0952
20,0.084399,0.0386,0.0218947,0.00701877,0.0859238,240,0.24338,0.197194,9.0065,0.773872,28.0952
21,0.546179,0.0386,0.0122726,0.00701877,0.0481627,240,0.24338,0.197194,16.0679,0.773872,28.0952
22,0.164672,0.0386,0.063829,0.00701877,0.250492,240,0.24338,0.197194,3.08941,0.773872,28.0952
23,0.358797,0.0386,0.0419389,0.00701877,0.164586,240,0.24338,0.197194,4.70193,0.773872,28.0952
24,0.179393,0.0386,0.00926655,0.00701877,0.0363658,240,0.24338,0.197194,21.2802,0.773872,28.0952
25,0.239868,0.0386,0.0506369,0.00701877,0.19872,240,0.24338,0.197194,3.89428,0.773872,28.0952
26,0.0996629,0.0386,0.0523343,0.00701877,0.205382,240,0.24338,0.197194,3.76797,0.773872,28.0952
27,0.402581,0.0386,0.0191804,0.00701877,0.075272,240,0.24338,0.197194,10.281,0.773872,28.0952
28,0.22797,0.0386,0.0481317,0.00701877,0.188889,240,0.24338,0.197194,4.09697,0.773872,28.0952
29,0.451242,0.0386,0.0290803,0.00701877,0.114123,240,0.24338,0.197194,6.78101,0.773872,28.0952
30,0.845997,0.0386,0.0448302,0.00701877,0.175933,240,0.24338,0.197194,4.39869,0.773872,28.0952
31,0.358775,0.0386,0.027396,0.00701877,0.107514,240,0.24338,0.197194,7.1979,0.773872,28.0952
32,0.0587953,0.0386,0.149511,0.00701877,0.586746,240,0.24338,0.197194,1.31892,0.773872,28.0952
33,0.363145,0.0386,0.0405656,0.00701877,0.159197,240,0.24338,0.197194,4.86111,0.773872,28.0952
34,0.111649,0.0386,0.0346319,0.00701877,0.13591,240,0.24338,0.197194,5.694,0.773872,28.0952
35,0.149886,0.0386,0.0338569,0.00701877,0.132869,240,0.24338,0.197194,5.82433,0.773872,28.0952
36,0.224576,0.0386,0.0988128,0.00701877,0.387783,240,0.24338,0.197194,1.99563,0.773872,28.0952
37,0.128825,0.0386,0.0335327,0.00701877,0.131596,240,0.24338,0.197194,5.88066,0.773872,28.0952
38,0.248931,0.0386,0.124307,0.00701877,0.487832,240,0.24338,0.197194,1.58635,0.773872,28.0952
39,0.241564,0.0386,0.0500976,0.00701877,0.196604,240,0.24338,0.197194,3.9362,0.773872,28.0952
40,0.174691,0.0386,0.024707,0.00701877,0.0969604,240,0.24338,0.197194,7.98132,0.773872,28.0952
41,0.364917,0.0386,0.00774024,0.00701877,0.030376,240,0.24338,0.197194,25.4765,0.773872,28.0952
42,0.256013,0.0386,0.040478,0.00701877,0.158853,240,0.24338,0.197194,4.87164,0.773872,28.0952
43,0.150807,0.0386,0.0306061,0.00701877,0.120111,240,0.24338,0.197194,6.44297,0.773872,28.0952
44,0.0908932,0.0386,0.0166947,0.00701877,0.0655172,240,0.24338,0.197194,11.8117,0.773872,28.0952
45,0.349576,0.0386,0.0217535,0.00701877,0.0853697,240,0.24338,0.197194,9.06495,0.773872,28.0952
46,0.583994,0.0386,0.0402691,0.00701877,0.158033,240,0.24338,0.197194,4.8969,0.773872,28.0952
47,0.0377774,0.0386,0.0365194,0.00701877,0.143317,240,0.24338,0.197194,5.39971,0.773872,28.0952
48,0.138815,0.0386,0.26345,0.00701877,1.03389,240,0.24338,0.197194,0.748508,0.773872,28.0952
49,0.139344,0.0386,0.0264534,0.00701877,0.103814,240,0.24338,0.197194,7.4544,0.773872,28.0952
50,0.0899692,0.0386,0.0225785,0.00701877,0.0886073,240,0.24338,0.197194,8.73373,0.773872,28.0952
51,0.485383,0.0386,0.0481303,0.00701877,0.188884,240,0.24338,0.197194,4.09709,0.773872,28.0952
52,0.261379,0.0386,0.188495,0.00701877,0.739733,240,0.24338,0.197194,1.04615,0.773872,28.0952
53,0.422111,0.0386,0.0355145,0.00701877,0.139374,240,0.24338,0.197194,5.5525,0.773872,28.0952
54,0.197035,0.0386,0.0446025,0.00701877,0.175039,240,0.24338,0.197194,4.42114,0.773872,28.0952
55,0.0336066,0.0386,0.0567694,0.00701877,0.222787,240,0.24338,0.197194,3.4736,0.773872,28.0952
56,0.307807,0.0386,0.128591,0.00701877,0.504644,240,0.24338,0.197194,1.5335,0.773872,28.0952
57,0.273721,0.0386,0.137161,0.00701877,0.538279,240,0.24338,0.197194,1.43768,0.773872,28.0952
58,0.444071,0.0386,0.0662422,0.00701877,0.259962,240,0.24338,0.197194,2.97687,0.773872,28.0952
59,0.0983495,0.0386,0.0363255,0.00701877,0.142556,240,0.24338,0.197194,5.42853,0.773872,28.0952
60,0.361536,0.0386,0.0205546,0.00701877,0.0806648,240,0.24338,0.197194,9.59368,0.773872,28.0952
61,0.365997,0.0386,0.133793,0.00701877,0.52506,240,0.24338,0.197194,1.47387,0.773872,28.0952
62,0.0712174,0.0386,0.0177852,0.00701877,0.0697964,240,0.24338,0.197194,11.0876,0.773872,28.0952
63,0.363859,0.0386,0.0330619,0.00701877,0.129749,240,0.24338,0.197194,5.96439,0.773872,28.0952
64,0.654622,0.0386,0.0129891,0.00701877,0.0509747,240,0.24338,0.197194,15.1815,0.773872,28.0952
65,0.217609,0.0386,0.0588626,0.00701877,0.231002,240,0.24338,0.197194,3.35007,0.773872,28.0952
66,0.362564,0.0386,0.0605624,0.00701877,0.237672,240,0.24338,0.197194,3.25605,0.773872,28.0952
67,0.119444,0.0386,0.00464692,0.00701877,0.0182365,240,0.24338,0.197194,42.4354,0.773872,28.0952
68,0.283265,0.0386,0.0249053,0.00701877,0.0977387,240,0.24338,0.197194,7.91777,0.773872,28.0952
69,0.342525,0.0386,0.0636588,0.00701877,0.249824,240,0.24338,0.197194,3.09767,0.773872,28.0952
70,0.389664,0.0386,0.0192299,0.00701877,0.0754663,240,0.24338,0.197194,10.2545,0.773872,28.0952
71,0.308958,0.0386,0.148976,0.00701877,0.584644,240,0.24338,0.197194,1.32366,0.773872,28.0952
72,0.350166,0.0386,0.0251187,0.00701877,0.0985761,240,0.24338,0.197194,7.85051,0.773872,28.0952
73,0.19339,0.0386,0.0519385,0.00701877,0.203828,240,0.24338,0.197194,3.79669,0.773872,28.0952
74,0.282637,0.0386,0.067419,0.00701877,0.26458,240,0.24338,0.197194,2.9249,0.773872,28.0952
75,0.201089,0.0386,0.0226385,0.00701877,0.0888429,240,0.24338,0.197194,8.71057,0.773872,28.0952
76,0.132886,0.0386,0.014095,0.00701877,0.0553146,240,0.24338,0.197194,13.9904,0.773872,28.0952
77,0.456274,0.0386,0.0147474,0.00701877,0.057875,240,0.24338,0.197194,13.3714,0.773872,28.0952
78,0.0644386,0.0386,0.0756577,0.00701877,0.296913,240,0.24338,0.197194,2.6064,0.773872,28.0952
79,0.376853,0.0386,0.0235669,0.00701877,0.0924863,240,0.24338,0.197194,8.36743,0.773872,28.0952
80,0.195659,0.0386,0.0206198,0.00701877,0.0809208,240,0.24338,0.197194,9.56333,0.773872,28.0952
81,0.118241,0.0386,0.0426244,0.00701877,0.167276,240,0.24338,0.197194,4.62632,0.773872,28.0952
82,0.0556518,0.0386,0.00713132,0.00701877,0.0279863,240,0.24338,0.197194,27.6518,0.773872,28.0952
83,0.182817,0.0386,0.0461831,0.00701877,0.181242,240,0.24338,0.197194,4.26983,0.773872,28.0952
84,0.376514,0.0386,0.633908,0.00701877,2.48772,240,0.24338,0.197194,0.311077,0.773872,28.0952
85,0.360427,0.0386,0.0377558,0.00701877,0.14817,240,0.24338,0.197194,5.22288,0.773872,28.0952
86,0.26427,0.0386,0.0221215,0.00701877,0.0868139,240,0.24338,0.197194,8.91415,0.773872,28.0952
87,0.130905,0.0386,0.0144396,0.00701877,0.0566669,240,0.24338,0.197194,13.6565,0.773872,28.0952
88,0.309435,0.0386,0.105008,0.00701877,0.412097,240,0.24338,0.197194,1.87789,0.773872,28.0952
89,0.0887949,0.0386,0.0406793,0.00701877,0.159643,240,0.24338,0.197194,4.84753,0.773872,28.0952
90,0.428625,0.0386,0.0979213,0.00701877,0.384284,240,0.24338,0.197194,2.0138,0.773872,28.0952
91,0.706168,0.0386,0.155209,0.00701877,0.609105,240,0.24338,0.197194,1.27051,0.773872,28.0952
92,0.682664,0.0386,0.0309904,0.00701877,0.121619,240,0.24338,0.197194,6.36307,0.773872,28.0952
93,0.166541,0.0386,0.0680955,0.00701877,0.267235,240,0.24338,0.197194,2.89585,0.773872,28.0952
94,0.0628775,0.0386,0.00592336,0.00701877,0.0232458,240,0.24338,0.197194,33.2909,0.773872,28.0952
95,0.0710433,0.0386,0.160408,0.00701877,0.629508,240,0.24338,0.197194,1.22933,0.773872,28.0952
96,0.179983,0.0386,0.0549226,0.00701877,0.215539,240,0.24338,0.197194,3.5904,0.773872,28.0952
97,0.0983157,0.0386,0.306095,0.00701877,1.20125,240,0.24338,0.197194,0.644225,0.773872,28.0952
98,0.280724,0.0386,0.0158529,0.00701877,0.0622135,240,0.24338,0.197194,12.439,0.773872,28.0952
99,0.358733,0.0386,0.0318352,0.00701877,0.124935,240,0.24338,0.197194,6.19422,0.773872,28.0952
100,0.109856,0.0386,0.102208,0.00701877,0.401108,240,0.24338,0.197194,1.92934,0.773872,28.0952
101,0.109304,0.0386,0.160597,0.00701877,0.630249,240,0.24338,0.197194,1.22788,0.773872,28.0952
102,0.383485,0.0386,0.00930459,0.00701877,0.0365151,240,0.24338,0.197194,21.1932,0.773872,28.0952
103,0.0313838,0.0386,0.0815939,0.00701877,0.320209,240,0.24338,0.197194,2.41678,0.773872,28.0952
104,0.531468,0.0386,0.15444,0.00701877,0.606088,240,0.24338,0.197194,1.27683,0.773872,28.0952
105,0.283205,0.0386,0.0107512,0.00701877,0.0421923,240,0.24338,0.197194,18.3415,0.773872,28.0952
106,0.168613,0.0386,0.0109726,0.00701877,0.043061,240,0.24338,0.197194,17.9715,0.773872,28.0952
107,0.2406,0.0386,0.012491,0.00701877,0.0490199,240,0.24338,0.197194,15.7869,0.773872,28.0952
108,0.106423,0.0386,0.0121847,0.00701877,0.0478178,240,0.24338,0.197194,16.1838,0.773872,28.0952
109,0.133933,0.0386,0.116807,0.00701877,0.4584,240,0.24338,0.197194,1.6882,0.773872,28.0952
110,0.205747,0.0386,0.0932916,0.00701877,0.366115,240,0.24338,0.197194,2.11374,0.773872,28.0952
111,0.25841,0.0386,0.0132657,0.00701877,0.05206,240,0.24338,0.197194,14.865,0.773872,28.0952
112,0.24373,0.0386,0.0802496,0.00701877,0.314933,240,0.24338,0.197194,2.45726,0.773872,28.0952
113,0.193064,0.0386,0.00277861,0.00701877,0.0109044,240,0.24338,0.197194,70.9685,0.773872,28.0952
114,0.266026,0.0386,0.0435343,0.00701877,0.170847,240,0.24338,0.197194,4.52963,0.773872,28.0952
115,0.240943,0.0386,0.130654,0.00701877,0.512742,240,0.24338,0.197194,1.50928,0.773872,28.0952
116,0.127433,0.0386,0.0648882,0.00701877,0.254648,240,0.24338,0.197194,3.03898,0.773872,28.0952
117,0.1794,0.0386,0.0631812,0.00701877,0.24795,240,0.24338,0.197194,3.12109,0.773872,28.0952
118,0.250518,0.0386,0.0765459,0.00701877,0.300398,240,0.24338,0.197194,2.57615,0.773872,28.0952
119,0.46745,0.0386,0.0355835,0.00701877,0.139645,240,0.24338,0.197194,5.54173,0.773872,28.0952
120,0.461305,0.0386,0.0577874,0.00701877,0.226782,240,0.24338,0.197194,3.4124,0.773872,28.0952
121,0.245949,0.0386,0.0482951,0.00701877,0.18953,240,0.24338,0.197194,4.0831,0.773872,28.0952
122,0.0321114,0.0386,0.0411974,0.00701877,0.161676,240,0.24338,0.197194,4.78657,0.773872,28.0952
123,0.164848,0.0386,0.0240284,0.00701877,0.0942976,240,0.24338,0.197194,8.2067,0.773872,28.0952
124,0.141516,0.0386,0.0146901,0.00701877,0.05765,240,0.24338,0.197194,13.4236,0.773872,28.0952
125,0.243274,0.0386,0.0569707,0.00701877,0.223577,240,0.24338,0.197194,3.46132,0.773872,28.0952
126,0.45595,0.0386,0.0524968,0.00701877,0.20602,240,0.24338,0.197194,3.75631,0.773872,28.0952
127,0.107177,0.0386,0.00523188,0.00701877,0.0205321,240,0.24338,0.197194,37.6909,0.773872,28.0952
128,0.627175,0.0386,0.0674261,0.00701877,0.264608,240,0.24338,0.197194,2.9246,0.773872,28.0952
129,0.151085,0.0386,0.131661,0.00701877,0.516691,240,0.24338,0.197194,1.49775,0.773872,28.0952
130,0.312644,0.0386,0.105952,0.00701877,0.415802,240,0.24338,0.197194,1.86116,0.773872,28.0952
131,0.137911,0.0386,0.0426909,0.00701877,0.167537,240,0.24338,0.197194,4.61911,0.773872,28.0952
132,0.300627,0.0386,0.0674951,0.00701877,0.264879,240,0.24338,0.197194,2.92161,0.773872,28.0952
133,0.135599,0.0386,0.317436,0.00701877,1.24575,240,0.24338,0.197194,0.621209,0.773872,28.0952
134,0.575279,0.0386,0.0235119,0.00701877,0.0922705,240,0.24338,0.197194,8.387,0.773872,28.0952
135,0.423419,0.0386,0.0612816,0.00701877,0.240495,240,0.24338,0.197194,3.21784,0.773872,28.0952
136,0.395737,0.0386,0.0230576,0.00701877,0.0904875,240,0.24338,0.197194,8.55226,0.773872,28.0952
137,0.195363,0.0386,0.0759056,0.00701877,0.297885,240,0.24338,0.197194,2.59789,0.773872,28.0952
138,0.264951,0.0386,0.0355768,0.00701877,0.139618,240,0.24338,0.197194,5.54278,0.773872,28.0952
139,0.384962,0.0386,0.0242837,0.00701877,0.0952995,240,0.24338,0.197194,8.12043,0.773872,28.0952
140,0.46494,0.0386,0.0958463,0.00701877,0.376141,240,0.24338,0.197194,2.0574,0.773872,28.0952
141,0.199444,0.0386,0.112804,0.00701877,0.442689,240,0.24338,0.197194,1.74812,0.773872,28.0952
142,0.202063,0.0386,0.0281505,0.00701877,0.110474,240,0.24338,0.197194,7.00499,0.773872,28.0952
143,0.326286,0.0386,0.160832,0.00701877,0.631172,240,0.24338,0.197194,1.22609,0.773872,28.0952
144,0.255235,0.0386,0.0673589,0.00701877,0.264345,240,0.24338,0.197194,2.92751,0.773872,28.0952
145,0.10287,0.0386,0.00489619,0.00701877,0.0192147,240,0.24338,0.197194,40.275,0.773872,28.0952
146,0.168668,0.0386,0.0322046,0.00701877,0.126384,240,0.24338,0.197194,6.12317,0.773872,28.0952
147,0.202688,0.0386,0.0823638,0.00701877,0.32323,240,0.24338,0.197194,2.39418,0.773872,28.0952
148,0.135027,0.0386,0.115673,0.00701877,0.45395,240,0.24338,0.197194,1.70475,0.773872,28.0952
149,0.206753,0.0386,0.0158466,0.00701877,0.0621885,240,0.24338,0.197194,12.444,0.773872,28.0952
150,0.326911,0.0386,0.0171834,0.00701877,0.0674349,240,0.24338,0.197194,11.4758,0.773872,28.0952
151,0.130704,0.0386,0.00325605,0.00701877,0.0127781,240,0.24338,0.197194,60.5624,0.773872,28.0952
152,0.220059,0.0386,0.107076,0.00701877,0.420211,240,0.24338,0.197194,1.84163,0.773872,28.0952
153,0.220355,0.0386,0.253594,0.00701877,0.995208,240,0.24338,0.197194,0.777598,0.773872,28.0952
154,0.168978,0.0386,0.621609,0.00701877,2.43945,240,0.24338,0.197194,0.317232,0.773872,28.0952
155,0.289873,0.0386,0.0559391,0.00701877,0.219529,240,0.24338,0.197194,3.52516,0.773872,28.0952
156,0.207698,0.0386,0.0546755,0.00701877,0.21457,240,0.24338,0.197194,3.60663,0.773872,28.0952
157,0.13517,0.0386,0.0441759,0.00701877,0.173365,240,0.24338,0.197194,4.46384,0.773872,28.0952
158,0.323243,0.0386,0.00917007,0.00701877,0.0359872,240,0.24338,0.197194,21.5041,0.773872,28.0952
159,0.151152,0.0386,0.0333193,0.00701877,0.130759,240,0.24338,0.197194,5.91831,0.773872,28.0952
160,0.0727271,0.0386,0.0227797,0.00701877,0.089397,240,0.24338,0.197194,8.65658,0.773872,28.0952
161,0.353121,0.0386,0.00647456,0.00701877,0.0254089,240,0.24338,0.197194,30.4568,0.773872,28.0952
162,0.215116,0.0386,0.368395,0.00701877,1.44574,240,0.24338,0.197194,0.535278,0.773872,28.0952
163,0.200212,0.0386,0.0325912,0.00701877,0.127901,240,0.24338,0.197194,6.05054,0.773872,28.0952
164,0.359208,0.0386,0.0217131,0.00701877,0.0852113,240,0.24338,0.197194,9.0818,0.773872,28.0952
165,0.168057,0.0386,0.0136698,0.00701877,0.053646,240,0.24338,0.197194,14.4255,0.773872,28.0952
166,0.608475,0.0386,0.125525,0.00701877,0.492611,240,0.24338,0.197194,1.57096,0.773872,28.0952
167,0.325884,0.0386,0.015606,0.00701877,0.0612443,240,0.24338,0.197194,12.6358,0.773872,28.0952
168,0.0508599,0.0386,0.117679,0.00701877,0.461821,240,0.24338,0.197194,1.6757,0.773872,28.0952
169,0.498748,0.0386,0.00670435,0.00701877,0.0263107,240,0.24338,0.197194,29.4129,0.773872,28.0952
170,0.487727,0.0386,0.02218,0.00701877,0.0870434,240,0.24338,0.197194,8.89065,0.773872,28.0952
171,0.22171,0.0386,0.0348752,0.00701877,0.136865,240,0.24338,0.197194,5.65428,0.773872,28.0952
172,0.707391,0.0386,0.188327,0.00701877,0.739075,240,0.24338,0.197194,1.04708,0.773872,28.0952
173,0.137984,0.0386,0.0281418,0.00701877,0.11044,240,0.24338,0.197194,7.00717,0.773872,28.0952
174,0.170677,0.0386,0.0174851,0.00701877,0.068619,240,0.24338,0.197194,11.2778,0.773872,28.0952
175,0.193034,0.0386,0.0211758,0.00701877,0.0831026,240,0.24338,0.197194,9.31226,0.773872,28.0952
176,0.226198,0.0386,0.0207917,0.00701877,0.0815953,240,0.24338,0.197194,9.48427,0.773872,28.0952
177,0.0673731,0.0386,0.0689655,0.00701877,0.270649,240,0.24338,0.197194,2.85932,0.773872,28.0952
178,0.190584,0.0386,0.0198705,0.00701877,0.0779803,240,0.24338,0.197194,9.92395,0.773872,28.0952
179,0.263223,0.0386,0.0680226,0.00701877,0.266949,240,0.24338,0.197194,2.89895,0.773872,28.0952
180,0.195774,0.0386,0.0212666,0.00701877,0.0834589,240,0.24338,0.197194,9.2725,0.773872,28.0952
181,0.275744,0.0386,0.0690794,0.00701877,0.271097,240,0.24338,0.197194,2.8546,0.773872,28.0952
182,1.2937,0.0386,0.374203,0.00701877,1.46853,240,0.24338,0.197194,0.526971,0.773872,28.0952
183,0.28929,0.0386,0.0913053,0.00701877,0.35832,240,0.24338,0.197194,2.15972,0.773872,28.0952
184,0.170677,0.0386,0.0189011,0.00701877,0.074176,240,0.24338,0.197194,10.4329,0.773872,28.0952
185,0.0901994,0.0386,0.0380048,0.00701877,0.149147,240,0.24338,0.197194,5.18866,0.773872,28.0952
186,0.601027,0.0386,0.119897,0.00701877,0.470528,240,0.24338,0.197194,1.64469,0.773872,28.0952
187,0.87936,0.0386,0.0038413,0.00701877,0.0150749,240,0.24338,0.197194,51.3353,0.773872,28.0952
188,0.0667056,0.0386,0.0187796,0.00701877,0.073699,240,0.24338,0.197194,10.5004,0.773872,28.0952
189,0.0687584,0.0386,0.124462,0.00701877,0.488441,240,0.24338,0.197194,1.58437,0.773872,28.0952
190,0.257387,0.0386,0.0350865,0.00701877,0.137694,240,0.24338,0.197194,5.62023,0.773872,28.0952
191,0.561264,0.0386,0.0767984,0.00701877,0.301389,240,0.24338,0.197194,2.56769,0.773872,28.0952
192,0.196628,0.0386,0.11078,0.00701877,0.434747,240,0.24338,0.197194,1.78005,0.773872,28.0952
193,0.303714,0.0386,0.0172374,0.00701877,0.0676469,240,0.24338,0.197194,11.4399,0.773872,28.0952
194,0.406161,0.0386,0.0499711,0.00701877,0.196108,240,0.24338,0.197194,3.94616,0.773872,28.0952
195,0.0542433,0.0386,0.0326446,0.00701877,0.128111,240,0.24338,0.197194,6.04063,0.773872,28.0952
196,0.137615,0.0386,0.105563,0.00701877,0.414274,240,0.24338,0.197194,1.86802,0.773872,28.0952
197,0.391724,0.0386,0.013166,0.00701877,0.0516688,240,0.24338,0.197194,14.9776,0.773872,28.0952
198,0.0736483,0.0386,0.0884281,0.00701877,0.347029,240,0.24338,0.197194,2.22999,0.773872,28.0952
199,0.161133,0.0386,0.0733824,0.00701877,0.287983,240,0.24338,0.197194,2.68721,0.773872,28.0952
200,0.977937,0.0386,0.0142378,0.00701877,0.0558752,240,0.24338,0.197194,13.85,0.773872,28.0952
201,0.257378,0.0386,0.00616847,0.00701877,0.0242077,240,0.24338,0.197194,31.9681,0.773872,28.0952
202,0.0570332,0.0386,0.0954914,0.00701877,0.374748,240,0.24338,0.197194,2.06505,0.773872,28.0952
203,0.169894,0.0386,0.0496845,0.00701877,0.194983,240,0.24338,0.197194,3.96893,0.773872,28.0952
204,0.146604,0.0386,0.0356425,0.00701877,0.139876,240,0.24338,0.197194,5.53256,0.773872,28.0952
205,0.348442,0.0386,0.026368,0.00701877,0.103479,240,0.24338,0.197194,7.47855,0.773872,28.0952
206,0.329779,0.0386,0.0538292,0.00701877,0.211248,240,0.24338,0.197194,3.66333,0.773872,28.0952
207,0.517221,0.0386,0.0194078,0.00701877,0.0761645,240,0.24338,0.197194,10.1605,0.773872,28.0952
208,0.545475,0.0386,0.0530911,0.00701877,0.208352,240,0.24338,0.197194,3.71426,0.773872,28.0952
209,0.423558,0.0386,0.0706214,0.00701877,0.277148,240,0.24338,0.197194,2.79227,0.773872,28.0952
210,0.944205,0.0386,0.0154751,0.00701877,0.0607308,240,0.24338,0.197194,12.7427,0.773872,28.0952
211,0.316516,0.0386,0.0769755,0.00701877,0.302084,240,0.24338,0.197194,2.56178,0.773872,28.0952
212,0.175583,0.0386,0.0425332,0.00701877,0.166918,240,0.24338,0.197194,4.63624,0.773872,28.0952
213,0.655645,0.0386,0.0554382,0.00701877,0.217563,240,0.24338,0.197194,3.55701,0.773872,28.0952
214,0.16092,0.0386,0.258115,0.00701877,1.01295,240,0.24338,0.197194,0.763979,0.773872,28.0952
215,0.135519,0.0386,0.0935237,0.00701877,0.367026,240,0.24338,0.197194,2.10849,0.773872,28.0952
216,0.629281,0.0386,0.014921,0.00701877,0.0585564,240,0.24338,0.197194,13.2158,0.773872,28.0952
217,0.370784,0.0386,0.0479105,0.00701877,0.188021,240,0.24338,0.197194,4.11588,0.773872,28.0952
218,0.22739,0.0386,0.123381,0.00701877,0.4842,240,0.24338,0.197194,1.59825,0.773872,28.0952
219,0.0858278,0.0386,0.0103664,0.00701877,0.0406821,240,0.24338,0.197194,19.0224,0.773872,28.0952
220,0.180497,0.0386,0.00631146,0.00701877,0.0247688,240,0.24338,0.197194,31.2438,0.773872,28.0952
221,0.232873,0.0386,0.0641621,0.00701877,0.251799,240,0.24338,0.197194,3.07337,0.773872,28.0952
222,0.449584,0.0386,0.0147942,0.00701877,0.0580588,240,0.24338,0.197194,13.3291,0.773872,28.0952
223,0.29613,0.0386,0.0435921,0.00701877,0.171074,240,0.24338,0.197194,4.52362,0.773872,28.0952
224,0.141865,0.0386,0.13956,0.00701877,0.547693,240,0.24338,0.197194,1.41297,0.773872,28.0952
225,0.253712,0.0386,0.0905149,0.00701877,0.355218,240,0.24338,0.197194,2.17858,0.773872,28.0952
226,0.335282,0.0386,0.0139768,0.00701877,0.0548509,240,0.24338,0.197194,14.1086,0.773872,28.0952
227,0.657602,0.0386,0.0545372,0.00701877,0.214027,240,0.24338,0.197194,3.61577,0.773872,28.0952
228,0.205946,0.0386,0.0807698,0.00701877,0.316974,240,0.24338,0.197194,2.44143,0.773872,28.0952
229,0.147338,0.0386,0.0403163,0.00701877,0.158218,240,0.24338,0.197194,4.89117,0.773872,28.0952
230,0.145005,0.0386,0.0733262,0.00701877,0.287763,240,0.24338,0.197194,2.68927,0.773872,28.0952
231,0.0578527,0.0386,0.000952704,0.00701877,0.00373881,240,0.24338,0.197194,206.984,0.773872,28.0952
232,0.301009,0.0386,0.047289,0.00701877,0.185582,240,0.24338,0.197194,4.16998,0.773872,28.0952
233,0.397789,0.0386,0.0389136,0.00701877,0.152713,240,0.24338,0.197194,5.06749,0.773872,28.0952
234,0.567753,0.0386,0.0897266,0.00701877,0.352125,240,0.24338,0.197194,2.19772,0.773872,28.0952
235,0.238642,0.0386,0.0107701,0.00701877,0.0422664,240,0.24338,0.197194,18.3094,0.773872,28.0952
236,0.289304,0.0386,0.0849067,0.00701877,0.333209,240,0.24338,0.197194,2.32248,0.773872,28.0952
237,0.324319,0.0386,0.0623777,0.00701877,0.244796,240,0.24338,0.197194,3.16129,0.773872,28.0952
238,0.168641,0.0386,0.257169,0.00701877,1.00924,240,0.24338,0.197194,0.766788,0.773872,28.0952
239,0.56548,0.0386,0.030708,0.00701877,0.120511,240,0.24338,0.197194,6.4216,0.773872,28.0952
240,0.458556,0.0386,0.070041,0.00701877,0.27487,240,0.24338,0.197194,2.81541,0.773872,28.0952
241,0.304806,0.0386,0.10272,0.00701877,0.403115,240,0.24338,0.197194,1.91973,0.773872,28.0952
242,0.407749,0.0386,0.020253,0.00701877,0.0794812,240,0.24338,0.197194,9.73655,0.773872,28.0952
243,0.170579,0.0386,0.0941515,0.00701877,0.36949,240,0.24338,0.197194,2.09444,0.773872,28.0952
244,0.0929897,0.0386,0.01207,0.00701877,0.0473677,240,0.24338,0.197194,16.3376,0.773872,28.0952
245,0.0800072,0.0386,0.012082,0.00701877,0.0474148,240,0.24338,0.197194,16.3213,0.773872,28.0952
246,0.332197,0.0386,0.0982241,0.00701877,0.385472,240,0.24338,0.197194,2.00759,0.773872,28.0952
247,0.194462,0.0386,0.0475959,0.00701877,0.186786,240,0.24338,0.197194,4.14309,0.773872,28.0952
248,0.0903222,0.0386,0.106397,0.00701877,0.417546,240,0.24338,0.197194,1.85338,0.773872,28.0952
249,0.653194,0.0386,0.030315,0.00701877,0.118969,240,0.24338,0.197194,6.50484,0.773872,28.0952
250,0.272406,0.0386,0.0301403,0.00701877,0.118283,240,0.24338,0.197194,6.54255,0.773872,28.0952
251,0.249556,0.0386,0.028712,0.00701877,0.112678,240,0.24338,0.197194,6.86801,0.773872,28.0952
252,0.486646,0.0386,0.0113722,0.00701877,0.0446293,240,0.24338,0.197194,17.34,0.773872,28.0952
253,0.149874,0.0386,0.0827701,0.00701877,0.324825,240,0.24338,0.197194,2.38243,0.773872,28.0952
254,0.0376421,0.0386,0.0185178,0.00701877,0.0726717,240,0.24338,0.197194,10.6489,0.773872,28.0952
255,0.266093,0.0386,0.0535168,0.00701877,0.210022,240,0.24338,0.197194,3.68471,0.773872,28.0952
256,0.125943,0.0386,0.0249893,0.00701877,0.0980686,240,0.24338,0.197194,7.89113,0.773872,28.0952
257,0.226324,0.0386,0.0830747,0.00701877,0.32602,240,0.24338,0.197194,2.3737,0.773872,28.0952
258,0.351997,0.0386,0.0571638,0.00701877,0.224335,240,0.24338,0.197194,3.44964,0.773872,28.0952
259,0.244601,0.0386,0.0537101,0.00701877,0.210781,240,0.24338,0.197194,3.67145,0.773872,28.0952
260,0.148602,0.0386,0.606496,0.00701877,2.38015,240,0.24338,0.197194,0.325137,0.773872,28.0952
261,0.160124,0.0386,0.043541,0.00701877,0.170873,240,0.24338,0.197194,4.52893,0.773872,28.0952
262,0.201062,0.0386,0.040391,0.00701877,0.158511,240,0.24338,0.197194,4.88213,0.773872,28.0952
263,0.110634,0.0386,0.0383817,0.00701877,0.150626,240,0.24338,0.197194,5.13772,0.773872,28.0952
264,0.220169,0.0386,0.0266006,0.00701877,0.104392,240,0.24338,0.197194,7.41314,0.773872,28.0952
265,0.283853,0.0386,0.0120733,0.00701877,0.0473807,240,0.24338,0.197194,16.3331,0.773872,28.0952
266,0.121775,0.0386,0.0769966,0.00701877,0.302167,240,0.24338,0.197194,2.56108,0.773872,28.0952
267,0.120883,0.0386,0.107366,0.00701877,0.421348,240,0.24338,0.197194,1.83666,0.773872,28.0952
268,0.383334,0.0386,0.07983,0.00701877,0.313286,240,0.24338,0.197194,2.47018,0.773872,28.0952
269,0.452232,0.0386,0.023359,0.00701877,0.0916705,240,0.24338,0.197194,8.44189,0.773872,28.0952
270,0.284399,0.0386,0.214489,0.00701877,0.841745,240,0.24338,0.197194,0.919367,0.773872,28.0952
271,0.233057,0.0386,0.0178504,0.00701877,0.0700524,240,0.24338,0.197194,11.0471,0.773872,28.0952
272,0.192073,0.0386,0.0512204,0.00701877,0.20101,240,0.24338,0.197194,3.84991,0.773872,28.0952
273,0.0790503,0.0386,0.092721,0.00701877,0.363876,240,0.24338,0.197194,2.12675,0.773872,28.0952
274,0.415809,0.0386,0.312328,0.00701877,1.22571,240,0.24338,0.197194,0.631368,0.773872,28.0952
275,0.274689,0.0386,0.00984545,0.00701877,0.0386377,240,0.24338,0.197194,20.029,0.773872,28.0952
276,0.0684049,0.0386,0.083141,0.00701877,0.32628,240,0.24338,0.197194,2.3718,0.773872,28.0952
277,0.0451814,0.0386,0.0543888,0.00701877,0.213444,240,0.24338,0.197194,3.62564,0.773872,28.0952
278,0.26581,0.0386,0.115437,0.00701877,0.453023,240,0.24338,0.197194,1.70824,0.773872,28.0952
279,0.492863,0.0386,0.0490534,0.00701877,0.192506,240,0.24338,0.197194,4.01999,0.773872,28.0952
280,0.243053,0.0386,0.0430424,0.00701877,0.168916,240,0.24338,0.197194,4.5814,0.773872,28.0952
281,0.487205,0.0386,0.00880668,0.00701877,0.0345611,240,0.24338,0.197194,22.3914,0.773872,28.0952
282,0.180914,0.0386,0.0403057,0.00701877,0.158176,240,0.24338,0.197194,4.89247,0.773872,28.0952
283,0.0998298,0.0386,0.0254195,0.00701877,0.0997569,240,0.24338,0.197194,7.75758,0.773872,28.0952
284,0.170403,0.0386,0.0119029,0.00701877,0.0467119,240,0.24338,0.197194,16.5669,0.773872,28.0952
285,0.486654,0.0386,0.00950851,0.00701877,0.0373154,240,0.24338,0.197194,20.7387,0.773872,28.0952
286,0.190204,0.0386,0.00976794,0.00701877,0.0383335,240,0.24338,0.197194,20.1879,0.773872,28.0952
287,0.143479,0.0386,0.0239813,0.00701877,0.0941125,240,0.24338,0.197194,8.22284,0.773872,28.0952
288,0.194846,0.0386,0.00710163,0.00701877,0.0278698,240,0.24338,0.197194,27.7675,0.773872,28.0952
289,0.0359253,0.0386,0.0707575,0.00701877,0.277682,240,0.24338,0.197194,2.7869,0.773872,28.0952
290,0.148183,0.0386,0.0344799,0.00701877,0.135313,240,0.24338,0.197194,5.71911,0.773872,28.0952
291,0.160458,0.0386,0.0760474,0.00701877,0.298442,240,0.24338,0.197194,2.59304,0.773872,28.0952
292,0.20016,0.0386,0.0232022,0.00701877,0.0910553,240,0.24338,0.197194,8.49893,0.773872,28.0952
293,0.473718,0.0386,0.00342875,0.00701877,0.0134558,240,0.24338,0.197194,57.512,0.773872,28.0952
294,0.447761,0.0386,0.00679094,0.00701877,0.0266505,240,0.24338,0.197194,29.0378,0.773872,28.0952
295,0.18729,0.0386,0.0992384,0.00701877,0.389453,240,0.24338,0.197194,1.98707,0.773872,28.0952
296,0.329714,0.0386,0.0986348,0.00701877,0.387084,240,0.24338,0.197194,1.99923,0.773872,28.0952
297,0.0575022,0.0386,0.0446801,0.00701877,0.175343,240,0.24338,0.197194,4.41347,0.773872,28.0952
298,0.183995,0.0386,0.0716421,0.00701877,0.281153,240,0.24338,0.197194,2.75249,0.773872,28.0952
299,0.498893,0.0386,0.0569284,0.00701877,0.223411,240,0.24338,0.197194,3.4639,0.773872,28.0952
300,0.14795,0.0386,0.108093,0.00701877,0.424203,240,0.24338,0.197194,1.8243,0.773872,28.0952
301,0.333691,0.0386,0.00482464,0.00701877,0.0189339,240,0.24338,0.197194,40.8723,0.773872,28.0952
302,0.450287,0.0386,0.0942742,0.00701877,0.369971,240,0.24338,0.197194,2.09171,0.773872,28.0952
303,0.333635,0.0386,0.0123191,0.00701877,0.0483451,240,0.24338,0.197194,16.0072,0.773872,28.0952
304,0.123106,0.0386,0.0137655,0.00701877,0.0540217,240,0.24338,0.197194,14.3252,0.773872,28.0952
305,0.481644,0.0386,0.00846039,0.00701877,0.0332021,240,0.24338,0.197194,23.3079,0.773872,28.0952
306,0.268721,0.0386,0.0117395,0.00701877,0.0460707,240,0.24338,0.197194,16.7975,0.773872,28.0952
307,0.297194,0.0386,0.012438,0.00701877,0.048812,240,0.24338,0.197194,15.8541,0.773872,28.0952
308,0.454345,0.0386,0.270989,0.00701877,1.06347,240,0.24338,0.197194,0.727683,0.773872,28.0952
309,0.21213,0.0386,0.0559682,0.00701877,0.219642,240,0.24338,0.197194,3.52333,0.773872,28.0952
310,0.185667,0.0386,0.0574725,0.00701877,0.225546,240,0.24338,0.197194,3.43111,0.773872,28.0952
311,0.492865,0.0386,0.155101,0.00701877,0.60868,240,0.24338,0.197194,1.27139,0.773872,28.0952
312,0.288632,0.0386,0.00540749,0.00701877,0.0212213,240,0.24338,0.197194,36.4668,0.773872,28.0952
313,0.192718,0.0386,0.0857609,0.00701877,0.336562,240,0.24338,0.197194,2.29935,0.773872,28.0952
314,0.184929,0.0386,0.00942595,0.00701877,0.0369914,240,0.24338,0.197194,20.9203,0.773872,28.0952
315,0.420976,0.0386,0.0558867,0.00701877,0.219323,240,0.24338,0.197194,3.52846,0.773872,28.0952
316,0.359791,0.0386,0.00698317,0.00701877,0.0274049,240,0.24338,0.197194,28.2385,0.773872,28.0952
317,0.0851858,0.0386,0.0266305,0.00701877,0.104509,240,0.24338,0.197194,7.40481,0.773872,28.0952
318,0.385041,0.0386,0.387802,0.00701877,1.5219,240,0.24338,0.197194,0.508491,0.773872,28.0952
319,0.0550489,0.0386,0.0257917,0.00701877,0.101218,240,0.24338,0.197194,7.64563,0.773872,28.0952
320,0.490039,0.0386,0.0419153,0.00701877,0.164493,240,0.24338,0.197194,4.70459,0.773872,28.0952
321,0.320924,0.0386,0.00608211,0.00701877,0.0238687,240,0.24338,0.197194,32.422,0.773872,28.0952
322,0.198613,0.0386,0.0314428,0.00701877,0.123395,240,0.24338,0.197194,6.27152,0.773872,28.0952
323,0.352875,0.0386,0.0246596,0.00701877,0.0967746,240,0.24338,0.197194,7.99665,0.773872,28.0952
324,0.315615,0.0386,0.0613079,0.00701877,0.240598,240,0.24338,0.197194,3.21646,0.773872,28.0952
325,0.178775,0.0386,0.0192298,0.00701877,0.0754656,240,0.24338,0.197194,10.2546,0.773872,28.0952
326,0.175249,0.0386,0.0531244,0.00701877,0.208482,240,0.24338,0.197194,3.71193,0.773872,28.0952
327,0.222931,0.0386,0.00806034,0.00701877,0.0316321,240,0.24338,0.197194,24.4647,0.773872,28.0952
328,0.222201,0.0386,0.0892891,0.00701877,0.350408,240,0.24338,0.197194,2.20849,0.773872,28.0952
329,0.0879855,0.0386,0.0039623,0.00701877,0.0155497,240,0.24338,0.197194,49.7676,0.773872,28.0952
330,0.295252,0.0386,0.0186509,0.00701877,0.073194,240,0.24338,0.197194,10.5729,0.773872,28.0952
331,0.300915,0.0386,0.0454944,0.00701877,0.178539,240,0.24338,0.197194,4.33447,0.773872,28.0952
332,0.22885,0.0386,0.0330594,0.00701877,0.129739,240,0.24338,0.197194,5.96484,0.773872,28.0952
333,0.327254,0.0386,0.0444085,0.00701877,0.174278,240,0.24338,0.197194,4.44046,0.773872,28.0952
334,0.300879,0.0386,0.0496047,0.00701877,0.19467,240,0.24338,0.197194,3.97531,0.773872,28.0952
335,0.323007,0.0386,0.0554231,0.00701877,0.217503,240,0.24338,0.197194,3.55798,0.773872,28.0952
336,0.254422,0.0386,0.00585315,0.00701877,0.0229702,240,0.24338,0.197194,33.6902,0.773872,28.0952
337,0.509881,0.0386,0.043118,0.00701877,0.169213,240,0.24338,0.197194,4.57336,0.773872,28.0952
338,0.148985,0.0386,0.00974268,0.00701877,0.0382343,240,0.24338,0.197194,20.2402,0.773872,28.0952
339,0.15713,0.0386,0.0430343,0.00701877,0.168885,240,0.24338,0.197194,4.58225,0.773872,28.0952
340,0.268531,0.0386,0.0706905,0.00701877,0.277419,240,0.24338,0.197194,2.78954,0.773872,28.0952
341,0.0565374,0.0386,0.304083,0.00701877,1.19335,240,0.24338,0.197194,0.648489,0.773872,28.0952
342,0.388432,0.0386,0.0860269,0.00701877,0.337605,240,0.24338,0.197194,2.29224,0.773872,28.0952
343,0.122987,0.0386,0.1904,0.00701877,0.747209,240,0.24338,0.197194,1.03568,0.773872,28.0952
344,0.139373,0.0386,0.0278847,0.00701877,0.109431,240,0.24338,0.197194,7.07178,0.773872,28.0952
345,0.171327,0.0386,0.0394589,0.00701877,0.154853,240,0.24338,0.197194,4.99746,0.773872,28.0952
346,0.221924,0.0386,0.00596612,0.00701877,0.0234136,240,0.24338,0.197194,33.0523,0.773872,28.0952
347,0.509911,0.0386,0.0863834,0.00701877,0.339005,240,0.24338,0.197194,2.28278,0.773872,28.0952
348,0.237909,0.0386,0.0113152,0.00701877,0.0444055,240,0.24338,0.197194,17.4274,0.773872,28.0952
349,0.388926,0.0386,0.0509799,0.00701877,0.200067,240,0.24338,0.197194,3.86807,0.773872,28.0952
350,0.132047,0.0386,0.192799,0.00701877,0.756624,240,0.24338,0.197194,1.0228,0.773872,28.0952
351,0.154499,0.0386,0.0629794,0.00701877,0.247157,240,0.24338,0.197194,3.13109,0.773872,28.0952
352,0.26661,0.0386,0.01226,0.00701877,0.0481135,240,0.24338,0.197194,16.0843,0.773872,28.0952
353,0.440201,0.0386,0.0445691,0.00701877,0.174908,240,0.24338,0.197194,4.42446,0.773872,28.0952
354,0.165107,0.0386,0.0205881,0.00701877,0.0807962,240,0.24338,0.197194,9.57808,0.773872,28.0952
355,0.145324,0.0386,0.00288734,0.00701877,0.0113311,240,0.24338,0.197194,68.2961,0.773872,28.0952
356,0.332053,0.0386,0.00907666,0.00701877,0.0356206,240,0.24338,0.197194,21.7254,0.773872,28.0952
357,0.160884,0.0386,0.0740688,0.00701877,0.290677,240,0.24338,0.197194,2.66231,0.773872,28.0952
358,0.364025,0.0386,0.150136,0.00701877,0.589197,240,0.24338,0.197194,1.31344,0.773872,28.0952
359,0.176852,0.0386,0.0565474,0.00701877,0.221916,240,0.24338,0.197194,3.48724,0.773872,28.0952
360,0.410508,0.0386,0.234917,0.00701877,0.921912,240,0.24338,0.197194,0.839421,0.773872,28.0952
361,0.0673306,0.0386,0.201593,0.00701877,0.791136,240,0.24338,0.197194,0.978179,0.773872,28.0952
362,0.932685,0.0386,0.00679063,0.00701877,0.0266493,240,0.24338,0.197194,29.0392,0.773872,28.0952
363,0.198967,0.0386,0.00926291,0.00701877,0.0363515,240,0.24338,0.197194,21.2886,0.773872,28.0952
364,0.39209,0.0386,0.00642861,0.00701877,0.0252285,240,0.24338,0.197194,30.6745,0.773872,28.0952
365,0.266073,0.0386,0.0463167,0.00701877,0.181766,240,0.24338,0.197194,4.25752,0.773872,28.0952
366,0.192341,0.0386,0.00847375,0.00701877,0.0332545,240,0.24338,0.197194,23.2712,0.773872,28.0952
367,0.421233,0.0386,0.0373126,0.00701877,0.14643,240,0.24338,0.197194,5.28492,0.773872,28.0952
368,0.0596397,0.0386,0.00824821,0.00701877,0.0323694,240,0.24338,0.197194,23.9075,0.773872,28.0952
369,0.164114,0.0386,0.0234887,0.00701877,0.0921794,240,0.24338,0.197194,8.39529,0.773872,28.0952
370,0.0391911,0.0386,0.0944805,0.00701877,0.370781,240,0.24338,0.197194,2.08714,0.773872,28.0952
371,0.114214,0.0386,0.032489,0.00701877,0.1275,240,0.24338,0.197194,6.06957,0.773872,28.0952
372,0.262191,0.0386,0.0179154,0.00701877,0.0703073,240,0.24338,0.197194,11.007,0.773872,28.0952
373,0.205629,0.0386,0.107624,0.00701877,0.422361,240,0.24338,0.197194,1.83225,0.773872,28.0952
374,0.534928,0.0386,0.0598006,0.00701877,0.234683,240,0.24338,0.197194,3.29753,0.773872,28.0952
375,0.564273,0.0386,0.15943,0.00701877,0.625671,240,0.24338,0.197194,1.23687,0.773872,28.0952
376,0.0789107,0.0386,0.0250645,0.00701877,0.0983635,240,0.24338,0.197194,7.86747,0.773872,28.0952
377,0.200712,0.0386,0.203594,0.00701877,0.798987,240,0.24338,0.197194,0.968567,0.773872,28.0952
378,0.330793,0.0386,0.0398289,0.00701877,0.156305,240,0.24338,0.197194,4.95103,0.773872,28.0952
379,0.150962,0.0386,0.0239164,0.00701877,0.0938581,240,0.24338,0.197194,8.24513,0.773872,28.0952
380,0.0676623,0.0386,0.0597016,0.00701877,0.234294,240,0.24338,0.197194,3.303,0.773872,28.0952
381,0.182922,0.0386,0.0298331,0.00701877,0.117077,240,0.24338,0.197194,6.60992,0.773872,28.0952
382,0.175807,0.0386,0.115539,0.00701877,0.453425,240,0.24338,0.197194,1.70672,0.773872,28.0952
383,0.488082,0.0386,0.0505214,0.00701877,0.198267,240,0.24338,0.197194,3.90318,0.773872,28.0952
384,0.201921,0.0386,0.0758417,0.00701877,0.297634,240,0.24338,0.197194,2.60008,0.773872,28.0952
385,0.211212,0.0386,0.0214408,0.00701877,0.0841426,240,0.24338,0.197194,9.19716,0.773872,28.0952
386,0.392039,0.0386,0.218571,0.00701877,0.857763,240,0.24338,0.197194,0.902198,0.773872,28.0952
387,0.619637,0.0386,0.056262,0.00701877,0.220796,240,0.24338,0.197194,3.50493,0.773872,28.0952
388,0.294272,0.0386,0.197141,0.00701877,0.773663,240,0.24338,0.197194,1.00027,0.773872,28.0952
389,0.472005,0.0386,0.00810319,0.00701877,0.0318003,240,0.24338,0.197194,24.3354,0.773872,28.0952
390,0.200946,0.0386,0.0646444,0.00701877,0.253692,240,0.24338,0.197194,3.05044,0.773872,28.0952
391,0.453802,0.0386,0.0128617,0.00701877,0.0504746,240,0.24338,0.197194,15.3319,0.773872,28.0952
392,0.373668,0.0386,0.00777789,0.00701877,0.0305237,240,0.24338,0.197194,25.3532,0.773872,28.0952
393,0.162788,0.0386,0.0142719,0.00701877,0.0560088,240,0.24338,0.197194,13.817,0.773872,28.0952
394,0.690905,0.0386,0.304072,0.00701877,1.19331,240,0.24338,0.197194,0.648511,0.773872,28.0952
395,0.724322,0.0386,0.00677391,0.00701877,0.0265836,240,0.24338,0.197194,29.1108,0.773872,28.0952
396,0.184725,0.0386,0.0292866,0.00701877,0.114933,240,0.24338,0.197194,6.73325,0.773872,28.0952
397,0.292577,0.0386,0.0484192,0.00701877,0.190017,240,0.24338,0.197194,4.07264,0.773872,28.0952
398,0.383095,0.0386,0.13845,0.00701877,0.543334,240,0.24338,0.197194,1.4243,0.773872,28.0952
399,0.162747,0.0386,0.010868,0.00701877,0.0426504,240,0.24338,0.197194,18.1445,0.773872,28.0952
400,0.202785,0.0386,0.00788875,0.00701877,0.0309588,240,0.24338,0.197194,24.9969,0.773872,28.0952
401,0.209457,0.0386,0.37279,0.00701877,1.46298,240,0.24338,0.197194,0.528969,0.773872,28.0952
402,0.143357,0.0386,0.0486091,0.00701877,0.190763,240,0.24338,0.197194,4.05673,0.773872,28.0952
403,0.409094,0.0386,0.016217,0.00701877,0.0636423,240,0.24338,0.197194,12.1597,0.773872,28.0952
404,0.119926,0.0386,0.0407987,0.00701877,0.160111,240,0.24338,0.197194,4.83334,0.773872,28.0952
405,0.181257,0.0386,0.0628629,0.00701877,0.2467,240,0.24338,0.197194,3.13689,0.773872,28.0952
406,0.201327,0.0386,0.0292401,0.00701877,0.11475,240,0.24338,0.197194,6.74396,0.773872,28.0952
407,0.320354,0.0386,0.0115354,0.00701877,0.0452697,240,0.24338,0.197194,17.0947,0.773872,28.0952
408,0.145046,0.0386,0.0670141,0.00701877,0.262991,240,0.24338,0.197194,2.94258,0.773872,28.0952
409,0.0689677,0.0386,0.00570292,0.00701877,0.0223806,240,0.24338,0.197194,34.5778,0.773872,28.0952
410,0.539215,0.0386,0.0180883,0.00701877,0.0709862,240,0.24338,0.197194,10.9017,0.773872,28.0952
411,0.325172,0.0386,0.027418,0.00701877,0.1076,240,0.24338,0.197194,7.19215,0.773872,28.0952
412,0.294558,0.0386,0.0922271,0.00701877,0.361938,240,0.24338,0.197194,2.13814,0.773872,28.0952
413,0.184677,0.0386,0.202321,0.00701877,0.793992,240,0.24338,0.197194,0.97466,0.773872,28.0952
414,0.325245,0.0386,0.0121934,0.00701877,0.0478519,240,0.24338,0.197194,16.1722,0.773872,28.0952
415,0.123284,0.0386,0.0221998,0.00701877,0.0871214,240,0.24338,0.197194,8.88269,0.773872,28.0952
416,0.26928,0.0386,0.00659772,0.00701877,0.0258922,240,0.24338,0.197194,29.8882,0.773872,28.0952
417,0.291177,0.0386,0.0231406,0.00701877,0.0908135,240,0.24338,0.197194,8.52155,0.773872,28.0952
418,0.0238948,0.0386,0.00980934,0.00701877,0.038496,240,0.24338,0.197194,20.1027,0.773872,28.0952
419,0.127267,0.0386,0.0473819,0.00701877,0.185947,240,0.24338,0.197194,4.1618,0.773872,28.0952
420,0.287539,0.0386,0.0456822,0.00701877,0.179276,240,0.24338,0.197194,4.31665,0.773872,28.0952
421,0.182839,0.0386,0.00604294,0.00701877,0.023715,240,0.24338,0.197194,32.6322,0.773872,28.0952
422,0.352579,0.0386,0.017181,0.00701877,0.0674253,240,0.24338,0.197194,11.4775,0.773872,28.0952
423,0.329548,0.0386,0.0278904,0.00701877,0.109454,240,0.24338,0.197194,7.07031,0.773872,28.0952
424,0.32694,0.0386,0.0689388,0.00701877,0.270545,240,0.24338,0.197194,2.86042,0.773872,28.0952
425,0.127533,0.0386,0.136319,0.00701877,0.534971,240,0.24338,0.197194,1.44657,0.773872,28.0952
426,0.31066,0.0386,0.0431344,0.00701877,0.169277,240,0.24338,0.197194,4.57162,0.773872,28.0952
427,0.145433,0.0386,0.0623769,0.00701877,0.244793,240,0.24338,0.197194,3.16133,0.773872,28.0952
428,0.25528,0.0386,0.00748286,0.00701877,0.0293659,240,0.24338,0.197194,26.3528,0.773872,28.0952
429,0.441508,0.0386,0.0963829,0.00701877,0.378247,240,0.24338,0.197194,2.04594,0.773872,28.0952
430,0.112801,0.0386,0.124643,0.00701877,0.489152,240,0.24338,0.197194,1.58207,0.773872,28.0952
431,0.453682,0.0386,0.00186117,0.00701877,0.00730403,240,0.24338,0.197194,105.951,0.773872,28.0952
432,0.410614,0.0386,0.00981396,0.00701877,0.0385141,240,0.24338,0.197194,20.0932,0.773872,28.0952
433,0.232081,0.0386,0.134114,0.00701877,0.526321,240,0.24338,0.197194,1.47034,0.773872,28.0952
434,0.435085,0.0386,0.0165444,0.00701877,0.0649272,240,0.24338,0.197194,11.9191,0.773872,28.0952
435,0.223597,0.0386,0.0230155,0.00701877,0.0903226,240,0.24338,0.197194,8.56787,0.773872,28.0952
436,0.0736992,0.0386,0.0606057,0.00701877,0.237842,240,0.24338,0.197194,3.25372,0.773872,28.0952
437,0.550055,0.0386,0.0548782,0.00701877,0.215365,240,0.24338,0.197194,3.59331,0.773872,28.0952
438,0.173099,0.0386,0.0233749,0.00701877,0.0917328,240,0.24338,0.197194,8.43616,0.773872,28.0952
439,0.114969,0.0386,0.0787375,0.00701877,0.308999,240,0.24338,0.197194,2.50445,0.773872,28.0952
440,0.276153,0.0386,0.185045,0.00701877,0.726194,240,0.24338,0.197194,1.06565,0.773872,28.0952
441,0.406635,0.0386,0.0224889,0.00701877,0.0882557,240,0.24338,0.197194,8.76852,0.773872,28.0952
442,0.343477,0.0386,0.0361866,0.00701877,0.142011,240,0.24338,0.197194,5.44936,0.773872,28.0952
443,0.559197,0.0386,0.0184745,0.00701877,0.0725016,240,0.24338,0.197194,10.6739,0.773872,28.0952
444,0.25123,0.0386,0.310875,0.00701877,1.22,240,0.24338,0.197194,0.63432,0.773872,28.0952
445,0.313576,0.0386,0.0121757,0.00701877,0.0477826,240,0.24338,0.197194,16.1957,0.773872,28.0952
446,0.106136,0.0386,0.0291294,0.00701877,0.114316,240,0.24338,0.197194,6.76958,0.773872,28.0952
447,0.234674,0.0386,0.00430357,0.00701877,0.016889,240,0.24338,0.197194,45.821,0.773872,28.0952
448,0.467547,0.0386,0.0366116,0.00701877,0.143679,240,0.24338,0.197194,5.38612,0.773872,28.0952
449,0.42663,0.0386,0.119627,0.00701877,0.469465,240,0.24338,0.197194,1.64841,0.773872,28.0952
450,0.214214,0.0386,0.0809586,0.00701877,0.317715,240,0.24338,0.197194,2.43574,0.773872,28.0952
451,0.0561026,0.0386,0.0797758,0.00701877,0.313074,240,0.24338,0.197194,2.47185,0.773872,28.0952
452,0.234872,0.0386,0.028222,0.00701877,0.110755,240,0.24338,0.197194,6.98726,0.773872,28.0952
453,0.277611,0.0386,0.242659,0.00701877,0.952295,240,0.24338,0.197194,0.812639,0.773872,28.0952
454,0.340131,0.0386,0.0148404,0.00701877,0.05824,240,0.24338,0.197194,13.2876,0.773872,28.0952
455,0.11967,0.0386,0.0406588,0.00701877,0.159562,240,0.24338,0.197194,4.84998,0.773872,28.0952
456,0.314811,0.0386,0.0223806,0.00701877,0.087831,240,0.24338,0.197194,8.81092,0.773872,28.0952
457,0.247108,0.0386,0.054041,0.00701877,0.21208,240,0.24338,0.197194,3.64897,0.773872,28.0952
458,0.268606,0.0386,0.0742587,0.00701877,0.291422,240,0.24338,0.197194,2.6555,0.773872,28.0952
459,0.349514,0.0386,0.065578,0.00701877,0.257356,240,0.24338,0.197194,3.00702,0.773872,28.0952
460,0.255064,0.0386,0.0346096,0.00701877,0.135823,240,0.24338,0.197194,5.69767,0.773872,28.0952
461,0.317218,0.0386,0.24811,0.00701877,0.973686,240,0.24338,0.197194,0.794786,0.773872,28.0952
462,0.339176,0.0386,0.070703,0.00701877,0.277468,240,0.24338,0.197194,2.78905,0.773872,28.0952
463,0.809587,0.0386,0.0550861,0.00701877,0.216181,240,0.24338,0.197194,3.57974,0.773872,28.0952
464,0.42857,0.0386,0.0582524,0.00701877,0.228607,240,0.24338,0.197194,3.38517,0.773872,28.0952
465,0.0874504,0.0386,0.0260133,0.00701877,0.102087,240,0.24338,0.197194,7.58051,0.773872,28.0952
466,0.128797,0.0386,0.0584977,0.00701877,0.22957,240,0.24338,0.197194,3.37097,0.773872,28.0952
467,0.310277,0.0386,0.010439,0.00701877,0.0409672,240,0.24338,0.197194,18.8901,0.773872,28.0952
468,0.190078,0.0386,0.00702816,0.00701877,0.0275814,240,0.24338,0.197194,28.0577,0.773872,28.0952
469,0.638829,0.0386,0.0170867,0.00701877,0.0670553,240,0.24338,0.197194,11.5408,0.773872,28.0952
470,0.266334,0.0386,0.04616,0.00701877,0.181151,240,0.24338,0.197194,4.27197,0.773872,28.0952
471,0.204864,0.0386,0.0490713,0.00701877,0.192576,240,0.24338,0.197194,4.01852,0.773872,28.0952
472,0.190134,0.0386,0.0185632,0.00701877,0.0728498,240,0.24338,0.197194,10.6229,0.773872,28.0952
473,0.275779,0.0386,0.013062,0.00701877,0.0512606,240,0.24338,0.197194,15.0968,0.773872,28.0952
474,0.742424,0.0386,0.106761,0.00701877,0.418976,240,0.24338,0.197194,1.84706,0.773872,28.0952
475,0.175035,0.0386,0.0155138,0.00701877,0.0608827,240,0.24338,0.197194,12.7109,0.773872,28.0952
476,0.188702,0.0386,0.012831,0.00701877,0.0503543,240,0.24338,0.197194,15.3685,0.773872,28.0952
477,0.0821189,0.0386,0.117367,0.00701877,0.460598,240,0.24338,0.197194,1.68015,0.773872,28.0952
478,0.226326,0.0386,0.0234108,0.00701877,0.091874,240,0.24338,0.197194,8.4232,0.773872,28.0952
479,0.117048,0.0386,0.0233714,0.00701877,0.0917192,240,0.24338,0.197194,8.43741,0.773872,28.0952
480,0.345137,0.0386,0.0235325,0.00701877,0.0923513,240,0.24338,0.197194,8.37966,0.773872,28.0952
481,0.162679,0.0386,0.0111353,0.00701877,0.0436997,240,0.24338,0.197194,17.7089,0.773872,28.0952
482,0.370046,0.0386,0.104065,0.00701877,0.408394,240,0.24338,0.197194,1.89492,0.773872,28.0952
483,0.193358,0.0386,0.0220722,0.00701877,0.0866205,240,0.24338,0.197194,8.93405,0.773872,28.0952
484,0.299074,0.0386,0.0994357,0.00701877,0.390227,240,0.24338,0.197194,1.98313,0.773872,28.0952
485,0.0380121,0.0386,0.0263641,0.00701877,0.103464,240,0.24338,0.197194,7.47966,0.773872,28.0952
486,0.288269,0.0386,0.275176,0.00701877,1.0799,240,0.24338,0.197194,0.716612,0.773872,28.0952
487,0.101278,0.0386,0.0252703,0.00701877,0.0991714,240,0.24338,0.197194,7.80338,0.773872,28.0952
488,0.0854885,0.0386,0.0269966,0.00701877,0.105946,240,0.24338,0.197194,7.30441,0.773872,28.0952
489,0.150693,0.0386,0.00558523,0.00701877,0.0219188,240,0.24338,0.197194,35.3064,0.773872,28.0952
490,0.617028,0.0386,0.00829395,0.00701877,0.0325489,240,0.24338,0.197194,23.7757,0.773872,28.0952
491,0.221028,0.0386,0.0676823,0.00701877,0.265614,240,0.24338,0.197194,2.91353,0.773872,28.0952
492,0.566723,0.0386,0.0148952,0.00701877,0.058455,240,0.24338,0.197194,13.2388,0.773872,28.0952
493,0.249811,0.0386,0.0660128,0.00701877,0.259062,240,0.24338,0.197194,2.98721,0.773872,28.0952
494,0.188829,0.0386,0.0248982,0.00701877,0.0977108,240,0.24338,0.197194,7.92003,0.773872,28.0952
495,0.0496783,0.0386,0.0368005,0.00701877,0.144421,240,0.24338,0.197194,5.35846,0.773872,28.0952
496,0.270604,0.0386,0.0535211,0.00701877,0.210039,240,0.24338,0.197194,3.68442,0.773872,28.0952
497,0.26922,0.0386,0.0938067,0.00701877,0.368137,240,0.24338,0.197194,2.10213,0.773872,28.0952
498,0.13566,0.0386,0.0399961,0.00701877,0.156962,240,0.24338,0.197194,4.93033,0.773872,28.0952
499,0.210061,0.0386,0.0766774,0.00701877,0.300914,240,0.24338,0.197194,2.57174,0.773872,28.0952
