PID,i_lum_F1_indiv,i_lum_k12(KA),i_lum_k23(Q/V),i_lum_k32(Q/VP),i_lum_k20(CL/V),total_mg_dose_per_occassion,DS,Q,V,CL,VP
0,0.250634,0.0386,0.0454173,0.00634218,0.178237,360,0.24338,0.267278,5.88492,1.04891,42.1429
1,0.176957,0.0386,0.0358315,0.00634218,0.140618,360,0.24338,0.267278,7.45929,1.04891,42.1429
2,0.216017,0.0386,0.0212003,0.00634218,0.0831989,360,0.24338,0.267278,12.6072,1.04891,42.1429
3,0.0674157,0.0386,0.0404087,0.00634218,0.158581,360,0.24338,0.267278,6.61436,1.04891,42.1429
4,0.279781,0.0386,0.0125773,0.00634218,0.0493586,360,0.24338,0.267278,21.2508,1.04891,42.1429
5,0.374892,0.0386,0.0117965,0.00634218,0.0462943,360,0.24338,0.267278,22.6574,1.04891,42.1429
6,0.0955568,0.0386,0.0467658,0.00634218,0.183528,360,0.24338,0.267278,5.71524,1.04891,42.1429
7,0.123137,0.0386,0.0409538,0.00634218,0.16072,360,0.24338,0.267278,6.52632,1.04891,42.1429
8,0.323452,0.0386,0.0279163,0.00634218,0.109555,360,0.24338,0.267278,9.57425,1.04891,42.1429
9,0.148646,0.0386,0.0101952,0.00634218,0.0400102,360,0.24338,0.267278,26.216,1.04891,42.1429
10,0.211534,0.0386,0.220373,0.00634218,0.864835,360,0.24338,0.267278,1.21284,1.04891,42.1429
11,0.0834615,0.0386,0.0152351,0.00634218,0.0597889,360,0.24338,0.267278,17.5435,1.04891,42.1429
12,0.207935,0.0386,0.0269309,0.00634218,0.105688,360,0.24338,0.267278,9.92457,1.04891,42.1429
13,0.512834,0.0386,0.398157,0.00634218,1.56253,360,0.24338,0.267278,0.671288,1.04891,42.1429
14,0.47141,0.0386,0.0362246,0.00634218,0.14216,360,0.24338,0.267278,7.37834,1.04891,42.1429
15,0.241476,0.0386,0.157982,0.00634218,0.619986,360,0.24338,0.267278,1.69183,1.04891,42.1429
16,0.471661,0.0386,0.0375392,0.00634218,0.14732,360,0.24338,0.267278,7.11995,1.04891,42.1429
17,0.314651,0.0386,0.195129,0.00634218,0.765769,360,0.24338,0.267278,1.36975,1.04891,42.1429
18,0.179142,0.0386,0.0162569,0.00634218,0.0637987,360,0.24338,0.267278,16.4409,1.04891,42.1429
19,0.249737,0.0386,0.037238,0.00634218,0.146138,360,0.24338,0.267278,7.17754,1.04891,42.1429
20,0.438475,0.0386,0.186789,0.00634218,0.733037,360,0.24338,0.267278,1.43091,1.04891,42.1429
21,0.123161,0.0386,0.0165263,0.00634218,0.0648559,360,0.24338,0.267278,16.1729,1.04891,42.1429
22,0.0477557,0.0386,0.104021,0.00634218,0.408224,360,0.24338,0.267278,2.56945,1.04891,42.1429
23,0.611623,0.0386,0.0866478,0.00634218,0.340042,360,0.24338,0.267278,3.08464,1.04891,42.1429
24,0.222279,0.0386,0.0143118,0.00634218,0.0561655,360,0.24338,0.267278,18.6753,1.04891,42.1429
25,0.264113,0.0386,0.0392377,0.00634218,0.153985,360,0.24338,0.267278,6.81175,1.04891,42.1429
26,0.110301,0.0386,0.0324684,0.00634218,0.12742,360,0.24338,0.267278,8.23193,1.04891,42.1429
27,0.1301,0.0386,0.064287,0.00634218,0.252289,360,0.24338,0.267278,4.15757,1.04891,42.1429
28,0.0894236,0.0386,0.0271524,0.00634218,0.106557,360,0.24338,0.267278,9.8436,1.04891,42.1429
29,0.0605539,0.0386,0.019008,0.00634218,0.0745955,360,0.24338,0.267278,14.0613,1.04891,42.1429
30,0.259538,0.0386,0.029331,0.00634218,0.115107,360,0.24338,0.267278,9.11246,1.04891,42.1429
31,0.452997,0.0386,0.0162792,0.00634218,0.0638865,360,0.24338,0.267278,16.4183,1.04891,42.1429
32,0.360442,0.0386,0.00612151,0.00634218,0.0240234,360,0.24338,0.267278,43.662,1.04891,42.1429
33,0.217499,0.0386,0.126496,0.00634218,0.496425,360,0.24338,0.267278,2.11292,1.04891,42.1429
34,0.189246,0.0386,0.0388673,0.00634218,0.152531,360,0.24338,0.267278,6.87667,1.04891,42.1429
35,0.459837,0.0386,0.431069,0.00634218,1.6917,360,0.24338,0.267278,0.620034,1.04891,42.1429
36,0.370807,0.0386,0.040675,0.00634218,0.159626,360,0.24338,0.267278,6.57105,1.04891,42.1429
37,0.507676,0.0386,0.00807039,0.00634218,0.0316716,360,0.24338,0.267278,33.1183,1.04891,42.1429
38,0.189474,0.0386,0.0259756,0.00634218,0.101939,360,0.24338,0.267278,10.2895,1.04891,42.1429
39,0.260585,0.0386,0.041987,0.00634218,0.164775,360,0.24338,0.267278,6.36572,1.04891,42.1429
40,0.138635,0.0386,0.0273843,0.00634218,0.107468,360,0.24338,0.267278,9.76023,1.04891,42.1429
41,0.184026,0.0386,0.0613313,0.00634218,0.24069,360,0.24338,0.267278,4.35793,1.04891,42.1429
42,0.19093,0.0386,0.0728746,0.00634218,0.285991,360,0.24338,0.267278,3.66764,1.04891,42.1429
43,0.101911,0.0386,0.0747815,0.00634218,0.293474,360,0.24338,0.267278,3.57411,1.04891,42.1429
44,0.0381673,0.0386,0.0255265,0.00634218,0.100177,360,0.24338,0.267278,10.4706,1.04891,42.1429
45,0.249359,0.0386,0.012759,0.00634218,0.0500715,360,0.24338,0.267278,20.9482,1.04891,42.1429
46,0.212849,0.0386,0.0159404,0.00634218,0.062557,360,0.24338,0.267278,16.7673,1.04891,42.1429
47,0.0517507,0.0386,0.0674439,0.00634218,0.264678,360,0.24338,0.267278,3.96296,1.04891,42.1429
48,0.383584,0.0386,0.0179791,0.00634218,0.0705575,360,0.24338,0.267278,14.866,1.04891,42.1429
49,0.187343,0.0386,0.0499074,0.00634218,0.195858,360,0.24338,0.267278,5.35547,1.04891,42.1429
50,0.243787,0.0386,0.033783,0.00634218,0.132579,360,0.24338,0.267278,7.91159,1.04891,42.1429
51,0.101489,0.0386,0.0238985,0.00634218,0.0937878,360,0.24338,0.267278,11.1839,1.04891,42.1429
52,0.136557,0.0386,0.117925,0.00634218,0.462787,360,0.24338,0.267278,2.2665,1.04891,42.1429
53,0.145614,0.0386,0.017693,0.00634218,0.0694348,360,0.24338,0.267278,15.1064,1.04891,42.1429
54,0.301374,0.0386,0.111035,0.00634218,0.435747,360,0.24338,0.267278,2.40715,1.04891,42.1429
55,0.420805,0.0386,0.00766715,0.00634218,0.0300891,360,0.24338,0.267278,34.8601,1.04891,42.1429
56,0.287892,0.0386,0.0651564,0.00634218,0.255701,360,0.24338,0.267278,4.10209,1.04891,42.1429
57,0.32826,0.0386,0.0274531,0.00634218,0.107737,360,0.24338,0.267278,9.7358,1.04891,42.1429
58,0.523319,0.0386,0.0287208,0.00634218,0.112712,360,0.24338,0.267278,9.30606,1.04891,42.1429
59,0.28634,0.0386,0.0132513,0.00634218,0.0520038,360,0.24338,0.267278,20.1699,1.04891,42.1429
60,0.0989242,0.0386,0.0054423,0.00634218,0.0213579,360,0.24338,0.267278,49.1111,1.04891,42.1429
61,0.303481,0.0386,0.0225866,0.00634218,0.0886392,360,0.24338,0.267278,11.8335,1.04891,42.1429
62,0.0992275,0.0386,0.022782,0.00634218,0.089406,360,0.24338,0.267278,11.732,1.04891,42.1429
63,0.434669,0.0386,0.069931,0.00634218,0.274439,360,0.24338,0.267278,3.82202,1.04891,42.1429
64,0.34618,0.0386,0.00435607,0.00634218,0.0170951,360,0.24338,0.267278,61.3574,1.04891,42.1429
65,0.118269,0.0386,0.0977686,0.00634218,0.383685,360,0.24338,0.267278,2.73378,1.04891,42.1429
66,0.56921,0.0386,0.0196204,0.00634218,0.0769985,360,0.24338,0.267278,13.6225,1.04891,42.1429
67,0.178539,0.0386,0.0293429,0.00634218,0.115154,360,0.24338,0.267278,9.10878,1.04891,42.1429
68,0.504537,0.0386,0.0231162,0.00634218,0.0907175,360,0.24338,0.267278,11.5624,1.04891,42.1429
69,0.0837523,0.0386,0.0393918,0.00634218,0.15459,360,0.24338,0.267278,6.78511,1.04891,42.1429
70,0.255816,0.0386,0.0430223,0.00634218,0.168838,360,0.24338,0.267278,6.21253,1.04891,42.1429
71,0.246797,0.0386,0.0137902,0.00634218,0.0541186,360,0.24338,0.267278,19.3817,1.04891,42.1429
72,0.054171,0.0386,0.00988041,0.00634218,0.0387749,360,0.24338,0.267278,27.0513,1.04891,42.1429
73,0.186806,0.0386,0.0139882,0.00634218,0.0548955,360,0.24338,0.267278,19.1074,1.04891,42.1429
74,0.292753,0.0386,0.0340817,0.00634218,0.133751,360,0.24338,0.267278,7.84226,1.04891,42.1429
75,0.147735,0.0386,0.0126528,0.00634218,0.0496548,360,0.24338,0.267278,21.124,1.04891,42.1429
76,0.282581,0.0386,0.0501347,0.00634218,0.19675,360,0.24338,0.267278,5.33119,1.04891,42.1429
77,0.0820219,0.0386,0.116649,0.00634218,0.45778,360,0.24338,0.267278,2.2913,1.04891,42.1429
78,0.249165,0.0386,0.0801779,0.00634218,0.314652,360,0.24338,0.267278,3.33356,1.04891,42.1429
79,0.393484,0.0386,0.619326,0.00634218,2.4305,360,0.24338,0.267278,0.431562,1.04891,42.1429
80,0.122542,0.0386,0.01997,0.00634218,0.0783705,360,0.24338,0.267278,13.384,1.04891,42.1429
81,0.283748,0.0386,0.0144745,0.00634218,0.0568042,360,0.24338,0.267278,18.4654,1.04891,42.1429
82,0.1128,0.0386,0.0476764,0.00634218,0.187102,360,0.24338,0.267278,5.60608,1.04891,42.1429
83,0.109366,0.0386,0.148679,0.00634218,0.583477,360,0.24338,0.267278,1.79769,1.04891,42.1429
84,0.561705,0.0386,0.0233549,0.00634218,0.0916546,360,0.24338,0.267278,11.4442,1.04891,42.1429
85,0.375609,0.0386,0.00667662,0.00634218,0.0262019,360,0.24338,0.267278,40.0319,1.04891,42.1429
86,0.0396195,0.0386,0.0410126,0.00634218,0.160951,360,0.24338,0.267278,6.51697,1.04891,42.1429
87,0.374615,0.0386,0.0566534,0.00634218,0.222332,360,0.24338,0.267278,4.71777,1.04891,42.1429
88,0.245709,0.0386,0.00614425,0.00634218,0.0241126,360,0.24338,0.267278,43.5004,1.04891,42.1429
89,0.430456,0.0386,0.00460144,0.00634218,0.018058,360,0.24338,0.267278,58.0856,1.04891,42.1429
90,0.59927,0.0386,0.0121728,0.00634218,0.0477712,360,0.24338,0.267278,21.9569,1.04891,42.1429
91,0.363004,0.0386,0.00643287,0.00634218,0.0252453,360,0.24338,0.267278,41.5487,1.04891,42.1429
92,0.288612,0.0386,0.182305,0.00634218,0.715443,360,0.24338,0.267278,1.4661,1.04891,42.1429
93,0.108899,0.0386,0.0113285,0.00634218,0.0444579,360,0.24338,0.267278,23.5933,1.04891,42.1429
94,0.228083,0.0386,0.0251068,0.00634218,0.0985296,360,0.24338,0.267278,10.6456,1.04891,42.1429
95,0.413293,0.0386,0.0454769,0.00634218,0.17847,360,0.24338,0.267278,5.87722,1.04891,42.1429
96,0.22889,0.0386,0.00506347,0.00634218,0.0198712,360,0.24338,0.267278,52.7854,1.04891,42.1429
97,0.399636,0.0386,0.0501737,0.00634218,0.196903,360,0.24338,0.267278,5.32705,1.04891,42.1429
98,0.242027,0.0386,0.0614116,0.00634218,0.241005,360,0.24338,0.267278,4.35223,1.04891,42.1429
99,0.274775,0.0386,0.0123317,0.00634218,0.0483949,360,0.24338,0.267278,21.6739,1.04891,42.1429
100,0.285343,0.0386,0.0724498,0.00634218,0.284323,360,0.24338,0.267278,3.68914,1.04891,42.1429
101,0.114279,0.0386,0.00536898,0.00634218,0.0210701,360,0.24338,0.267278,49.7818,1.04891,42.1429
102,0.460371,0.0386,0.0486402,0.00634218,0.190885,360,0.24338,0.267278,5.49499,1.04891,42.1429
103,0.128302,0.0386,0.0305744,0.00634218,0.119987,360,0.24338,0.267278,8.74187,1.04891,42.1429
104,0.350651,0.0386,0.0236549,0.00634218,0.0928316,360,0.24338,0.267278,11.2991,1.04891,42.1429
105,0.398729,0.0386,0.0734977,0.00634218,0.288436,360,0.24338,0.267278,3.63654,1.04891,42.1429
106,0.248791,0.0386,0.0152529,0.00634218,0.0598588,360,0.24338,0.267278,17.5231,1.04891,42.1429
107,0.234195,0.0386,0.0529625,0.00634218,0.207847,360,0.24338,0.267278,5.04654,1.04891,42.1429
108,0.201427,0.0386,0.125171,0.00634218,0.491222,360,0.24338,0.267278,2.1353,1.04891,42.1429
109,0.201615,0.0386,0.135987,0.00634218,0.533668,360,0.24338,0.267278,1.96547,1.04891,42.1429
110,0.380393,0.0386,0.0439883,0.00634218,0.172628,360,0.24338,0.267278,6.07611,1.04891,42.1429
111,0.327107,0.0386,0.0315773,0.00634218,0.123922,360,0.24338,0.267278,8.46424,1.04891,42.1429
112,0.10219,0.0386,0.0178793,0.00634218,0.070166,360,0.24338,0.267278,14.949,1.04891,42.1429
113,0.610304,0.0386,0.0732907,0.00634218,0.287623,360,0.24338,0.267278,3.64681,1.04891,42.1429
114,0.140079,0.0386,0.00746524,0.00634218,0.0292967,360,0.24338,0.267278,35.803,1.04891,42.1429
115,0.359934,0.0386,0.225705,0.00634218,0.885759,360,0.24338,0.267278,1.18419,1.04891,42.1429
116,0.110453,0.0386,0.0269133,0.00634218,0.105619,360,0.24338,0.267278,9.93106,1.04891,42.1429
117,0.298869,0.0386,0.0173887,0.00634218,0.0682404,360,0.24338,0.267278,15.3708,1.04891,42.1429
118,0.0348734,0.0386,0.236858,0.00634218,0.929532,360,0.24338,0.267278,1.12843,1.04891,42.1429
119,0.105834,0.0386,0.01299,0.00634218,0.0509781,360,0.24338,0.267278,20.5757,1.04891,42.1429
120,0.300307,0.0386,0.0899229,0.00634218,0.352895,360,0.24338,0.267278,2.9723,1.04891,42.1429
121,0.398047,0.0386,0.00968986,0.00634218,0.0380271,360,0.24338,0.267278,27.5832,1.04891,42.1429
122,0.267579,0.0386,0.100471,0.00634218,0.394291,360,0.24338,0.267278,2.66024,1.04891,42.1429
123,0.430685,0.0386,0.0120546,0.00634218,0.0473072,360,0.24338,0.267278,22.1723,1.04891,42.1429
124,0.0786863,0.0386,0.0633353,0.00634218,0.248554,360,0.24338,0.267278,4.22004,1.04891,42.1429
125,0.208423,0.0386,0.0291532,0.00634218,0.114409,360,0.24338,0.267278,9.16805,1.04891,42.1429
126,0.311239,0.0386,0.0307198,0.00634218,0.120557,360,0.24338,0.267278,8.70051,1.04891,42.1429
127,0.571239,0.0386,0.0245652,0.00634218,0.096404,360,0.24338,0.267278,10.8803,1.04891,42.1429
128,0.165159,0.0386,0.0240036,0.00634218,0.0942,360,0.24338,0.267278,11.1349,1.04891,42.1429
129,0.183262,0.0386,0.11123,0.00634218,0.436515,360,0.24338,0.267278,2.40292,1.04891,42.1429
130,0.17256,0.0386,0.0621642,0.00634218,0.243958,360,0.24338,0.267278,4.29954,1.04891,42.1429
131,0.182512,0.0386,0.157424,0.00634218,0.617798,360,0.24338,0.267278,1.69782,1.04891,42.1429
132,0.48418,0.0386,0.0733785,0.00634218,0.287968,360,0.24338,0.267278,3.64245,1.04891,42.1429
133,0.317116,0.0386,0.0635588,0.00634218,0.249431,360,0.24338,0.267278,4.2052,1.04891,42.1429
134,0.783911,0.0386,0.0185867,0.00634218,0.072942,360,0.24338,0.267278,14.38,1.04891,42.1429
135,0.14397,0.0386,0.0984313,0.00634218,0.386286,360,0.24338,0.267278,2.71537,1.04891,42.1429
136,0.117313,0.0386,0.032737,0.00634218,0.128474,360,0.24338,0.267278,8.16439,1.04891,42.1429
137,0.0830818,0.0386,0.017829,0.00634218,0.0699684,360,0.24338,0.267278,14.9912,1.04891,42.1429
138,0.055247,0.0386,0.0125731,0.00634218,0.0493422,360,0.24338,0.267278,21.2579,1.04891,42.1429
139,0.490507,0.0386,0.0467314,0.00634218,0.183394,360,0.24338,0.267278,5.71944,1.04891,42.1429
140,0.270245,0.0386,0.00242744,0.00634218,0.0095263,360,0.24338,0.267278,110.107,1.04891,42.1429
141,0.274504,0.0386,0.0372762,0.00634218,0.146287,360,0.24338,0.267278,7.17019,1.04891,42.1429
142,0.0938243,0.0386,0.0377587,0.00634218,0.148181,360,0.24338,0.267278,7.07857,1.04891,42.1429
143,0.517822,0.0386,0.281727,0.00634218,1.10562,360,0.24338,0.267278,0.948709,1.04891,42.1429
144,0.504585,0.0386,0.157329,0.00634218,0.617424,360,0.24338,0.267278,1.69885,1.04891,42.1429
145,0.62349,0.0386,0.0554048,0.00634218,0.217432,360,0.24338,0.267278,4.82408,1.04891,42.1429
146,0.383891,0.0386,0.0505751,0.00634218,0.198478,360,0.24338,0.267278,5.28477,1.04891,42.1429
147,0.62501,0.0386,0.0119698,0.00634218,0.0469743,360,0.24338,0.267278,22.3294,1.04891,42.1429
148,0.16786,0.0386,0.0116324,0.00634218,0.0456503,360,0.24338,0.267278,22.977,1.04891,42.1429
149,0.110813,0.0386,0.0736239,0.00634218,0.288931,360,0.24338,0.267278,3.63031,1.04891,42.1429
150,0.219659,0.0386,0.0344571,0.00634218,0.135224,360,0.24338,0.267278,7.75683,1.04891,42.1429
151,0.158469,0.0386,0.0317428,0.00634218,0.124572,360,0.24338,0.267278,8.4201,1.04891,42.1429
152,0.267789,0.0386,0.112821,0.00634218,0.442757,360,0.24338,0.267278,2.36904,1.04891,42.1429
153,0.322081,0.0386,0.0152132,0.00634218,0.059703,360,0.24338,0.267278,17.5688,1.04891,42.1429
154,0.510918,0.0386,0.0620498,0.00634218,0.243509,360,0.24338,0.267278,4.30747,1.04891,42.1429
155,0.29414,0.0386,0.0413037,0.00634218,0.162093,360,0.24338,0.267278,6.47104,1.04891,42.1429
156,0.202784,0.0386,0.069309,0.00634218,0.271998,360,0.24338,0.267278,3.85632,1.04891,42.1429
157,0.198569,0.0386,0.0596617,0.00634218,0.234138,360,0.24338,0.267278,4.47988,1.04891,42.1429
158,0.504555,0.0386,0.0108478,0.00634218,0.0425712,360,0.24338,0.267278,24.639,1.04891,42.1429
159,0.259973,0.0386,0.0361541,0.00634218,0.141884,360,0.24338,0.267278,7.39272,1.04891,42.1429
160,0.408526,0.0386,0.00692142,0.00634218,0.0271625,360,0.24338,0.267278,38.616,1.04891,42.1429
161,0.326454,0.0386,0.00812081,0.00634218,0.0318695,360,0.24338,0.267278,32.9127,1.04891,42.1429
162,0.328031,0.0386,0.472613,0.00634218,1.85473,360,0.24338,0.267278,0.565531,1.04891,42.1429
163,0.359328,0.0386,0.0104744,0.00634218,0.0411061,360,0.24338,0.267278,25.5171,1.04891,42.1429
164,0.159268,0.0386,0.237278,0.00634218,0.931178,360,0.24338,0.267278,1.12643,1.04891,42.1429
165,0.167121,0.0386,0.0582517,0.00634218,0.228604,360,0.24338,0.267278,4.58832,1.04891,42.1429
166,0.675517,0.0386,0.0660273,0.00634218,0.259119,360,0.24338,0.267278,4.04798,1.04891,42.1429
167,0.259528,0.0386,0.055373,0.00634218,0.217307,360,0.24338,0.267278,4.82686,1.04891,42.1429
168,0.294454,0.0386,0.00512747,0.00634218,0.0201223,360,0.24338,0.267278,52.1266,1.04891,42.1429
169,0.178059,0.0386,0.295264,0.00634218,1.15874,360,0.24338,0.267278,0.905216,1.04891,42.1429
170,0.143541,0.0386,0.0371681,0.00634218,0.145863,360,0.24338,0.267278,7.19105,1.04891,42.1429
171,0.371828,0.0386,0.0766694,0.00634218,0.300883,360,0.24338,0.267278,3.48611,1.04891,42.1429
172,0.23391,0.0386,0.0965283,0.00634218,0.378817,360,0.24338,0.267278,2.7689,1.04891,42.1429
173,0.271885,0.0386,0.0155993,0.00634218,0.0612182,360,0.24338,0.267278,17.1339,1.04891,42.1429
174,0.0984825,0.0386,0.0450313,0.00634218,0.176722,360,0.24338,0.267278,5.93537,1.04891,42.1429
175,0.0858652,0.0386,0.0580312,0.00634218,0.227739,360,0.24338,0.267278,4.60576,1.04891,42.1429
176,0.293162,0.0386,0.0368555,0.00634218,0.144636,360,0.24338,0.267278,7.25204,1.04891,42.1429
177,0.0263409,0.0386,0.0181968,0.00634218,0.0714118,360,0.24338,0.267278,14.6882,1.04891,42.1429
178,0.219856,0.0386,0.0419017,0.00634218,0.16444,360,0.24338,0.267278,6.37869,1.04891,42.1429
179,0.187881,0.0386,0.0614112,0.00634218,0.241003,360,0.24338,0.267278,4.35226,1.04891,42.1429
180,0.462253,0.0386,0.172031,0.00634218,0.67512,360,0.24338,0.267278,1.55366,1.04891,42.1429
181,0.306303,0.0386,0.0249566,0.00634218,0.09794,360,0.24338,0.267278,10.7097,1.04891,42.1429
182,0.294801,0.0386,0.0277848,0.00634218,0.109039,360,0.24338,0.267278,9.61955,1.04891,42.1429
183,0.169956,0.0386,0.0544749,0.00634218,0.213782,360,0.24338,0.267278,4.90644,1.04891,42.1429
184,0.184646,0.0386,0.0226414,0.00634218,0.0888544,360,0.24338,0.267278,11.8048,1.04891,42.1429
185,0.257707,0.0386,0.0467531,0.00634218,0.183479,360,0.24338,0.267278,5.71678,1.04891,42.1429
186,0.102037,0.0386,0.0314614,0.00634218,0.123468,360,0.24338,0.267278,8.49542,1.04891,42.1429
187,0.0443711,0.0386,0.00439648,0.00634218,0.0172536,360,0.24338,0.267278,60.7935,1.04891,42.1429
188,0.0978755,0.0386,0.152364,0.00634218,0.597939,360,0.24338,0.267278,1.75421,1.04891,42.1429
189,0.144724,0.0386,0.0498432,0.00634218,0.195606,360,0.24338,0.267278,5.36237,1.04891,42.1429
190,0.526619,0.0386,0.0657175,0.00634218,0.257903,360,0.24338,0.267278,4.06707,1.04891,42.1429
191,0.277278,0.0386,0.0591866,0.00634218,0.232273,360,0.24338,0.267278,4.51584,1.04891,42.1429
192,0.160935,0.0386,0.02126,0.00634218,0.0834332,360,0.24338,0.267278,12.5718,1.04891,42.1429
193,0.0509953,0.0386,0.0669238,0.00634218,0.262637,360,0.24338,0.267278,3.99376,1.04891,42.1429
194,0.222771,0.0386,0.00823362,0.00634218,0.0323122,360,0.24338,0.267278,32.4617,1.04891,42.1429
195,0.370545,0.0386,0.132582,0.00634218,0.520309,360,0.24338,0.267278,2.01593,1.04891,42.1429
196,0.0590841,0.0386,0.0214962,0.00634218,0.0843601,360,0.24338,0.267278,12.4337,1.04891,42.1429
197,0.130149,0.0386,0.0560451,0.00634218,0.219944,360,0.24338,0.267278,4.76897,1.04891,42.1429
198,0.264978,0.0386,0.0110421,0.00634218,0.0433337,360,0.24338,0.267278,24.2054,1.04891,42.1429
199,0.476361,0.0386,0.0585642,0.00634218,0.22983,360,0.24338,0.267278,4.56384,1.04891,42.1429
200,0.287704,0.0386,0.157872,0.00634218,0.619558,360,0.24338,0.267278,1.693,1.04891,42.1429
201,0.595085,0.0386,0.00954566,0.00634218,0.0374611,360,0.24338,0.267278,27.9999,1.04891,42.1429
202,0.264929,0.0386,0.005079,0.00634218,0.0199321,360,0.24338,0.267278,52.6241,1.04891,42.1429
203,0.395075,0.0386,0.934537,0.00634218,3.66751,360,0.24338,0.267278,0.286,1.04891,42.1429
204,0.275702,0.0386,0.00881049,0.00634218,0.034576,360,0.24338,0.267278,30.3363,1.04891,42.1429
205,0.168566,0.0386,0.0169357,0.00634218,0.0664627,360,0.24338,0.267278,15.7819,1.04891,42.1429
206,0.190483,0.0386,0.0106901,0.00634218,0.0419524,360,0.24338,0.267278,25.0023,1.04891,42.1429
207,0.47503,0.0386,0.160832,0.00634218,0.631174,360,0.24338,0.267278,1.66184,1.04891,42.1429
208,0.172773,0.0386,0.0101465,0.00634218,0.039819,360,0.24338,0.267278,26.3419,1.04891,42.1429
209,0.37184,0.0386,0.0539015,0.00634218,0.211532,360,0.24338,0.267278,4.95863,1.04891,42.1429
210,0.357308,0.0386,0.0817791,0.00634218,0.320935,360,0.24338,0.267278,3.26829,1.04891,42.1429
211,0.236376,0.0386,0.0459492,0.00634218,0.180324,360,0.24338,0.267278,5.8168,1.04891,42.1429
212,0.27916,0.0386,0.109028,0.00634218,0.427872,360,0.24338,0.267278,2.45145,1.04891,42.1429
213,0.43009,0.0386,0.0197942,0.00634218,0.0776806,360,0.24338,0.267278,13.5028,1.04891,42.1429
214,0.204245,0.0386,0.0140919,0.00634218,0.0553026,360,0.24338,0.267278,18.9667,1.04891,42.1429
215,0.285517,0.0386,0.0342925,0.00634218,0.134578,360,0.24338,0.267278,7.79405,1.04891,42.1429
216,0.395438,0.0386,0.0374576,0.00634218,0.146999,360,0.24338,0.267278,7.13547,1.04891,42.1429
217,0.272347,0.0386,0.0406322,0.00634218,0.159458,360,0.24338,0.267278,6.57798,1.04891,42.1429
218,0.390619,0.0386,0.0219565,0.00634218,0.0861666,360,0.24338,0.267278,12.173,1.04891,42.1429
219,0.0690843,0.0386,0.0357642,0.00634218,0.140354,360,0.24338,0.267278,7.47333,1.04891,42.1429
220,0.335212,0.0386,0.0517132,0.00634218,0.202944,360,0.24338,0.267278,5.16846,1.04891,42.1429
221,0.243167,0.0386,0.0418789,0.00634218,0.16435,360,0.24338,0.267278,6.38215,1.04891,42.1429
222,0.197211,0.0386,0.132089,0.00634218,0.518371,360,0.24338,0.267278,2.02347,1.04891,42.1429
223,0.849619,0.0386,0.00554506,0.00634218,0.0217612,360,0.24338,0.267278,48.201,1.04891,42.1429
224,0.0987141,0.0386,0.0434558,0.00634218,0.170539,360,0.24338,0.267278,6.15056,1.04891,42.1429
225,0.43658,0.0386,0.155191,0.00634218,0.609034,360,0.24338,0.267278,1.72225,1.04891,42.1429
226,0.281218,0.0386,0.00328005,0.00634218,0.0128723,360,0.24338,0.267278,81.4858,1.04891,42.1429
227,0.126663,0.0386,0.116577,0.00634218,0.457499,360,0.24338,0.267278,2.2927,1.04891,42.1429
228,0.246145,0.0386,0.0608685,0.00634218,0.238873,360,0.24338,0.267278,4.39107,1.04891,42.1429
229,0.284024,0.0386,0.0238694,0.00634218,0.0936736,360,0.24338,0.267278,11.1975,1.04891,42.1429
230,1.09985,0.0386,0.0352469,0.00634218,0.138324,360,0.24338,0.267278,7.583,1.04891,42.1429
231,0.2548,0.0386,0.051863,0.00634218,0.203532,360,0.24338,0.267278,5.15353,1.04891,42.1429
232,0.684463,0.0386,0.0239459,0.00634218,0.0939739,360,0.24338,0.267278,11.1617,1.04891,42.1429
233,0.278763,0.0386,0.160603,0.00634218,0.630272,360,0.24338,0.267278,1.66422,1.04891,42.1429
234,0.143603,0.0386,0.00621044,0.00634218,0.0243724,360,0.24338,0.267278,43.0368,1.04891,42.1429
235,0.338092,0.0386,0.0522915,0.00634218,0.205214,360,0.24338,0.267278,5.11129,1.04891,42.1429
236,0.133351,0.0386,0.00982673,0.00634218,0.0385642,360,0.24338,0.267278,27.199,1.04891,42.1429
237,0.334628,0.0386,0.0061218,0.00634218,0.0240245,360,0.24338,0.267278,43.6599,1.04891,42.1429
238,0.619218,0.0386,0.0202485,0.00634218,0.0794637,360,0.24338,0.267278,13.1998,1.04891,42.1429
239,0.0487613,0.0386,0.0910391,0.00634218,0.357276,360,0.24338,0.267278,2.93585,1.04891,42.1429
240,0.226018,0.0386,0.366271,0.00634218,1.4374,360,0.24338,0.267278,0.729727,1.04891,42.1429
241,0.437342,0.0386,0.0845565,0.00634218,0.331835,360,0.24338,0.267278,3.16093,1.04891,42.1429
242,0.310304,0.0386,0.183771,0.00634218,0.721196,360,0.24338,0.267278,1.4544,1.04891,42.1429
243,0.0870966,0.0386,0.0409073,0.00634218,0.160537,360,0.24338,0.267278,6.53373,1.04891,42.1429
244,0.213604,0.0386,0.0185205,0.00634218,0.0726822,360,0.24338,0.267278,14.4314,1.04891,42.1429
245,0.253412,0.0386,0.0427308,0.00634218,0.167694,360,0.24338,0.267278,6.25491,1.04891,42.1429
246,0.292063,0.0386,0.0289937,0.00634218,0.113783,360,0.24338,0.267278,9.21848,1.04891,42.1429
247,0.139721,0.0386,0.0246832,0.00634218,0.096867,360,0.24338,0.267278,10.8283,1.04891,42.1429
248,0.126986,0.0386,0.00395892,0.00634218,0.0155364,360,0.24338,0.267278,67.5128,1.04891,42.1429
249,0.212778,0.0386,0.0223897,0.00634218,0.0878667,360,0.24338,0.267278,11.9375,1.04891,42.1429
250,0.129446,0.0386,0.0762641,0.00634218,0.299292,360,0.24338,0.267278,3.50463,1.04891,42.1429
251,0.12571,0.0386,0.0195517,0.00634218,0.0767291,360,0.24338,0.267278,13.6703,1.04891,42.1429
252,0.265938,0.0386,0.214138,0.00634218,0.840368,360,0.24338,0.267278,1.24815,1.04891,42.1429
253,0.069177,0.0386,0.0419343,0.00634218,0.164568,360,0.24338,0.267278,6.37372,1.04891,42.1429
254,0.18291,0.0386,0.0203533,0.00634218,0.0798748,360,0.24338,0.267278,13.1319,1.04891,42.1429
255,0.116238,0.0386,0.00693938,0.00634218,0.027233,360,0.24338,0.267278,38.5161,1.04891,42.1429
256,0.461961,0.0386,0.127996,0.00634218,0.50231,360,0.24338,0.267278,2.08817,1.04891,42.1429
257,0.0701682,0.0386,0.0238705,0.00634218,0.0936779,360,0.24338,0.267278,11.197,1.04891,42.1429
258,0.0633166,0.0386,0.00701217,0.00634218,0.0275187,360,0.24338,0.267278,38.1162,1.04891,42.1429
259,0.207217,0.0386,0.00611053,0.00634218,0.0239803,360,0.24338,0.267278,43.7405,1.04891,42.1429
260,0.475128,0.0386,0.00777845,0.00634218,0.0305259,360,0.24338,0.267278,34.3613,1.04891,42.1429
261,0.355409,0.0386,0.046524,0.00634218,0.18258,360,0.24338,0.267278,5.74494,1.04891,42.1429
262,0.0535283,0.0386,0.0252616,0.00634218,0.0991372,360,0.24338,0.267278,10.5804,1.04891,42.1429
263,0.320221,0.0386,0.0219868,0.00634218,0.0862854,360,0.24338,0.267278,12.1563,1.04891,42.1429
264,0.195782,0.0386,0.0548019,0.00634218,0.215065,360,0.24338,0.267278,4.87716,1.04891,42.1429
265,0.465214,0.0386,0.0312994,0.00634218,0.122832,360,0.24338,0.267278,8.53938,1.04891,42.1429
266,0.235824,0.0386,0.00843977,0.00634218,0.0331212,360,0.24338,0.267278,31.6688,1.04891,42.1429
267,0.11614,0.0386,0.129092,0.00634218,0.506612,360,0.24338,0.267278,2.07044,1.04891,42.1429
268,0.340763,0.0386,0.103345,0.00634218,0.405567,360,0.24338,0.267278,2.58628,1.04891,42.1429
269,0.380292,0.0386,0.106524,0.00634218,0.418043,360,0.24338,0.267278,2.50909,1.04891,42.1429
270,0.131383,0.0386,0.00708808,0.00634218,0.0278166,360,0.24338,0.267278,37.708,1.04891,42.1429
271,0.553869,0.0386,0.00571135,0.00634218,0.0224137,360,0.24338,0.267278,46.7976,1.04891,42.1429
272,0.407414,0.0386,0.0461261,0.00634218,0.181018,360,0.24338,0.267278,5.7945,1.04891,42.1429
273,0.244593,0.0386,0.00678384,0.00634218,0.0266226,360,0.24338,0.267278,39.3992,1.04891,42.1429
274,0.218067,0.0386,0.0431837,0.00634218,0.169471,360,0.24338,0.267278,6.18932,1.04891,42.1429
275,0.242712,0.0386,0.087729,0.00634218,0.344285,360,0.24338,0.267278,3.04663,1.04891,42.1429
276,0.366374,0.0386,0.00407083,0.00634218,0.0159756,360,0.24338,0.267278,65.6568,1.04891,42.1429
277,0.202044,0.0386,0.0159927,0.00634218,0.0627619,360,0.24338,0.267278,16.7125,1.04891,42.1429
278,0.241626,0.0386,0.0604118,0.00634218,0.237081,360,0.24338,0.267278,4.42426,1.04891,42.1429
279,0.16353,0.0386,0.0461766,0.00634218,0.181217,360,0.24338,0.267278,5.78815,1.04891,42.1429
280,0.28555,0.0386,0.0379433,0.00634218,0.148905,360,0.24338,0.267278,7.04412,1.04891,42.1429
281,0.0889009,0.0386,0.00772083,0.00634218,0.0302998,360,0.24338,0.267278,34.6177,1.04891,42.1429
282,0.303686,0.0386,0.109644,0.00634218,0.430287,360,0.24338,0.267278,2.4377,1.04891,42.1429
283,0.532932,0.0386,0.0206954,0.00634218,0.0812175,360,0.24338,0.267278,12.9148,1.04891,42.1429
284,0.222027,0.0386,0.0107964,0.00634218,0.0423697,360,0.24338,0.267278,24.7561,1.04891,42.1429
285,0.587178,0.0386,0.0244728,0.00634218,0.0960417,360,0.24338,0.267278,10.9214,1.04891,42.1429
286,0.295609,0.0386,0.00707635,0.00634218,0.0277705,360,0.24338,0.267278,37.7706,1.04891,42.1429
287,0.488078,0.0386,0.0178234,0.00634218,0.0699463,360,0.24338,0.267278,14.9959,1.04891,42.1429
288,0.0772247,0.0386,0.00690822,0.00634218,0.0271108,360,0.24338,0.267278,38.6898,1.04891,42.1429
289,0.16327,0.0386,0.0315781,0.00634218,0.123926,360,0.24338,0.267278,8.46402,1.04891,42.1429
290,0.304215,0.0386,0.0670067,0.00634218,0.262962,360,0.24338,0.267278,3.98882,1.04891,42.1429
291,0.351758,0.0386,0.0182796,0.00634218,0.0717369,360,0.24338,0.267278,14.6216,1.04891,42.1429
292,0.317807,0.0386,0.0662637,0.00634218,0.260047,360,0.24338,0.267278,4.03354,1.04891,42.1429
293,0.454546,0.0386,0.0450934,0.00634218,0.176965,360,0.24338,0.267278,5.9272,1.04891,42.1429
294,0.263672,0.0386,0.0196275,0.00634218,0.0770267,360,0.24338,0.267278,13.6175,1.04891,42.1429
295,0.279488,0.0386,0.0931717,0.00634218,0.365645,360,0.24338,0.267278,2.86866,1.04891,42.1429
296,0.0435801,0.0386,0.0246478,0.00634218,0.0967282,360,0.24338,0.267278,10.8439,1.04891,42.1429
297,0.265003,0.0386,0.18138,0.00634218,0.71181,360,0.24338,0.267278,1.47358,1.04891,42.1429
298,0.46498,0.0386,0.0228827,0.00634218,0.0898012,360,0.24338,0.267278,11.6803,1.04891,42.1429
299,0.408618,0.0386,0.0598686,0.00634218,0.234949,360,0.24338,0.267278,4.4644,1.04891,42.1429
300,0.47449,0.0386,0.0712994,0.00634218,0.279809,360,0.24338,0.267278,3.74866,1.04891,42.1429
301,0.113539,0.0386,0.0463108,0.00634218,0.181743,360,0.24338,0.267278,5.77139,1.04891,42.1429
302,0.188453,0.0386,0.00757337,0.00634218,0.0297211,360,0.24338,0.267278,35.2918,1.04891,42.1429
303,0.393816,0.0386,0.165183,0.00634218,0.648246,360,0.24338,0.267278,1.61807,1.04891,42.1429
304,0.130715,0.0386,0.0512132,0.00634218,0.200982,360,0.24338,0.267278,5.21892,1.04891,42.1429
305,0.472563,0.0386,0.0245204,0.00634218,0.0962284,360,0.24338,0.267278,10.9002,1.04891,42.1429
306,0.357439,0.0386,0.098331,0.00634218,0.385892,360,0.24338,0.267278,2.71814,1.04891,42.1429
307,0.12973,0.0386,0.0699699,0.00634218,0.274591,360,0.24338,0.267278,3.81989,1.04891,42.1429
308,0.449142,0.0386,0.0256377,0.00634218,0.100613,360,0.24338,0.267278,10.4252,1.04891,42.1429
309,0.461089,0.0386,0.046031,0.00634218,0.180645,360,0.24338,0.267278,5.80647,1.04891,42.1429
310,0.575116,0.0386,0.0868763,0.00634218,0.340939,360,0.24338,0.267278,3.07653,1.04891,42.1429
311,0.207888,0.0386,0.0150535,0.00634218,0.0590763,360,0.24338,0.267278,17.7552,1.04891,42.1429
312,0.440206,0.0386,0.0141907,0.00634218,0.0556901,360,0.24338,0.267278,18.8347,1.04891,42.1429
313,0.268683,0.0386,0.0194824,0.00634218,0.0764569,360,0.24338,0.267278,13.719,1.04891,42.1429
314,0.0445039,0.0386,0.028687,0.00634218,0.11258,360,0.24338,0.267278,9.31704,1.04891,42.1429
315,0.290439,0.0386,0.0909963,0.00634218,0.357108,360,0.24338,0.267278,2.93723,1.04891,42.1429
316,0.468332,0.0386,0.0256871,0.00634218,0.100807,360,0.24338,0.267278,10.4051,1.04891,42.1429
317,0.244547,0.0386,0.0185975,0.00634218,0.0729842,360,0.24338,0.267278,14.3717,1.04891,42.1429
318,0.149114,0.0386,0.0483458,0.00634218,0.189729,360,0.24338,0.267278,5.52846,1.04891,42.1429
319,0.376569,0.0386,0.255847,0.00634218,1.00405,360,0.24338,0.267278,1.04468,1.04891,42.1429
320,0.0642213,0.0386,0.0117583,0.00634218,0.0461444,360,0.24338,0.267278,22.731,1.04891,42.1429
321,0.198492,0.0386,0.0124566,0.00634218,0.0488849,360,0.24338,0.267278,21.4567,1.04891,42.1429
322,0.551333,0.0386,0.0374898,0.00634218,0.147126,360,0.24338,0.267278,7.12933,1.04891,42.1429
323,0.452475,0.0386,0.013858,0.00634218,0.0543847,360,0.24338,0.267278,19.2868,1.04891,42.1429
324,0.289653,0.0386,0.255265,0.00634218,1.00176,360,0.24338,0.267278,1.04706,1.04891,42.1429
325,0.241143,0.0386,0.0491479,0.00634218,0.192877,360,0.24338,0.267278,5.43822,1.04891,42.1429
326,0.524121,0.0386,0.184726,0.00634218,0.724942,360,0.24338,0.267278,1.44689,1.04891,42.1429
327,0.14395,0.0386,0.00979911,0.00634218,0.0384558,360,0.24338,0.267278,27.2757,1.04891,42.1429
328,0.380422,0.0386,0.00864468,0.00634218,0.0339253,360,0.24338,0.267278,30.9182,1.04891,42.1429
329,0.499457,0.0386,0.0495924,0.00634218,0.194621,360,0.24338,0.267278,5.38949,1.04891,42.1429
330,0.287934,0.0386,0.266808,0.00634218,1.04707,360,0.24338,0.267278,1.00176,1.04891,42.1429
331,0.879097,0.0386,0.0359134,0.00634218,0.140939,360,0.24338,0.267278,7.44227,1.04891,42.1429
332,0.555908,0.0386,0.229208,0.00634218,0.899507,360,0.24338,0.267278,1.16609,1.04891,42.1429
333,0.213322,0.0386,0.0255842,0.00634218,0.100403,360,0.24338,0.267278,10.447,1.04891,42.1429
334,0.302059,0.0386,0.0144991,0.00634218,0.0569004,360,0.24338,0.267278,18.4341,1.04891,42.1429
335,0.32137,0.0386,0.00391118,0.00634218,0.0153491,360,0.24338,0.267278,68.3368,1.04891,42.1429
336,0.161867,0.0386,0.0922768,0.00634218,0.362133,360,0.24338,0.267278,2.89647,1.04891,42.1429
337,0.282793,0.0386,0.0152761,0.00634218,0.0599496,360,0.24338,0.267278,17.4965,1.04891,42.1429
338,0.387785,0.0386,0.0279511,0.00634218,0.109692,360,0.24338,0.267278,9.56231,1.04891,42.1429
339,0.316549,0.0386,0.103632,0.00634218,0.406696,360,0.24338,0.267278,2.5791,1.04891,42.1429
340,0.396961,0.0386,0.0661025,0.00634218,0.259414,360,0.24338,0.267278,4.04338,1.04891,42.1429
341,0.140146,0.0386,0.0313014,0.00634218,0.12284,360,0.24338,0.267278,8.53883,1.04891,42.1429
342,0.051652,0.0386,0.0297658,0.00634218,0.116813,360,0.24338,0.267278,8.97936,1.04891,42.1429
343,0.392767,0.0386,0.00956275,0.00634218,0.0375282,360,0.24338,0.267278,27.9499,1.04891,42.1429
344,0.250933,0.0386,0.00878685,0.00634218,0.0344833,360,0.24338,0.267278,30.4179,1.04891,42.1429
345,0.331552,0.0386,0.0585533,0.00634218,0.229788,360,0.24338,0.267278,4.56469,1.04891,42.1429
346,0.655188,0.0386,0.0264936,0.00634218,0.103972,360,0.24338,0.267278,10.0884,1.04891,42.1429
347,0.333477,0.0386,0.0413207,0.00634218,0.16216,360,0.24338,0.267278,6.46836,1.04891,42.1429
348,0.320767,0.0386,0.0479566,0.00634218,0.188202,360,0.24338,0.267278,5.57332,1.04891,42.1429
349,0.146957,0.0386,0.0115087,0.00634218,0.0451651,360,0.24338,0.267278,23.2239,1.04891,42.1429
350,0.175068,0.0386,0.0425744,0.00634218,0.16708,360,0.24338,0.267278,6.27789,1.04891,42.1429
351,0.242186,0.0386,0.0832002,0.00634218,0.326512,360,0.24338,0.267278,3.21246,1.04891,42.1429
352,0.194897,0.0386,0.0113799,0.00634218,0.0446595,360,0.24338,0.267278,23.4868,1.04891,42.1429
353,0.0659766,0.0386,0.0481208,0.00634218,0.188846,360,0.24338,0.267278,5.5543,1.04891,42.1429
354,0.193542,0.0386,0.135312,0.00634218,0.531021,360,0.24338,0.267278,1.97527,1.04891,42.1429
355,0.191035,0.0386,0.0111614,0.00634218,0.0438022,360,0.24338,0.267278,23.9465,1.04891,42.1429
356,0.195117,0.0386,0.0542332,0.00634218,0.212834,360,0.24338,0.267278,4.9283,1.04891,42.1429
357,0.304968,0.0386,0.0394645,0.00634218,0.154875,360,0.24338,0.267278,6.7726,1.04891,42.1429
358,0.156681,0.0386,0.00756368,0.00634218,0.029683,360,0.24338,0.267278,35.337,1.04891,42.1429
359,0.207198,0.0386,0.0098471,0.00634218,0.0386441,360,0.24338,0.267278,27.1428,1.04891,42.1429
360,0.134497,0.0386,0.0237496,0.00634218,0.0932035,360,0.24338,0.267278,11.254,1.04891,42.1429
361,0.355599,0.0386,0.0083545,0.00634218,0.0327866,360,0.24338,0.267278,31.992,1.04891,42.1429
362,0.342381,0.0386,0.0144494,0.00634218,0.0567055,360,0.24338,0.267278,18.4975,1.04891,42.1429
363,0.0486114,0.0386,0.00862515,0.00634218,0.0338487,360,0.24338,0.267278,30.9882,1.04891,42.1429
364,0.312834,0.0386,0.00996344,0.00634218,0.0391007,360,0.24338,0.267278,26.8258,1.04891,42.1429
365,0.724315,0.0386,0.0161729,0.00634218,0.0634693,360,0.24338,0.267278,16.5262,1.04891,42.1429
366,0.440863,0.0386,0.0109636,0.00634218,0.0430258,360,0.24338,0.267278,24.3786,1.04891,42.1429
367,0.346365,0.0386,0.0232126,0.00634218,0.0910959,360,0.24338,0.267278,11.5143,1.04891,42.1429
368,0.141099,0.0386,0.0948568,0.00634218,0.372258,360,0.24338,0.267278,2.81769,1.04891,42.1429
369,0.422056,0.0386,0.0888401,0.00634218,0.348646,360,0.24338,0.267278,3.00852,1.04891,42.1429
370,0.600631,0.0386,0.0554437,0.00634218,0.217584,360,0.24338,0.267278,4.8207,1.04891,42.1429
371,0.352843,0.0386,0.017391,0.00634218,0.0682496,360,0.24338,0.267278,15.3687,1.04891,42.1429
372,0.324216,0.0386,0.0850908,0.00634218,0.333932,360,0.24338,0.267278,3.14109,1.04891,42.1429
373,0.275018,0.0386,0.00564394,0.00634218,0.0221492,360,0.24338,0.267278,47.3566,1.04891,42.1429
374,0.225142,0.0386,0.0679643,0.00634218,0.26672,360,0.24338,0.267278,3.93262,1.04891,42.1429
375,0.253519,0.0386,0.0811756,0.00634218,0.318567,360,0.24338,0.267278,3.29259,1.04891,42.1429
376,0.213959,0.0386,0.0152524,0.00634218,0.0598568,360,0.24338,0.267278,17.5236,1.04891,42.1429
377,0.421967,0.0386,0.258391,0.00634218,1.01404,360,0.24338,0.267278,1.03439,1.04891,42.1429
378,0.35029,0.0386,0.243137,0.00634218,0.954171,360,0.24338,0.267278,1.09929,1.04891,42.1429
379,0.657588,0.0386,0.0357406,0.00634218,0.140261,360,0.24338,0.267278,7.47827,1.04891,42.1429
380,0.0667721,0.0386,0.0118348,0.00634218,0.0464447,360,0.24338,0.267278,22.584,1.04891,42.1429
381,0.523599,0.0386,0.0216936,0.00634218,0.0851347,360,0.24338,0.267278,12.3206,1.04891,42.1429
382,0.278683,0.0386,0.198079,0.00634218,0.777346,360,0.24338,0.267278,1.34935,1.04891,42.1429
383,0.318324,0.0386,0.0225442,0.00634218,0.088473,360,0.24338,0.267278,11.8557,1.04891,42.1429
384,0.29716,0.0386,0.139185,0.00634218,0.546221,360,0.24338,0.267278,1.9203,1.04891,42.1429
385,0.327706,0.0386,0.0397252,0.00634218,0.155898,360,0.24338,0.267278,6.72817,1.04891,42.1429
386,0.260092,0.0386,0.064504,0.00634218,0.253141,360,0.24338,0.267278,4.14358,1.04891,42.1429
387,0.111286,0.0386,0.0105146,0.00634218,0.0412638,360,0.24338,0.267278,25.4196,1.04891,42.1429
388,0.224482,0.0386,0.0822621,0.00634218,0.322831,360,0.24338,0.267278,3.2491,1.04891,42.1429
389,0.224185,0.0386,0.0217265,0.00634218,0.0852639,360,0.24338,0.267278,12.3019,1.04891,42.1429
390,0.128076,0.0386,0.0134121,0.00634218,0.0526346,360,0.24338,0.267278,19.9281,1.04891,42.1429
391,0.672683,0.0386,0.0858113,0.00634218,0.336759,360,0.24338,0.267278,3.11471,1.04891,42.1429
392,0.27228,0.0386,0.0445644,0.00634218,0.174889,360,0.24338,0.267278,5.99755,1.04891,42.1429
393,0.214113,0.0386,0.00951791,0.00634218,0.0373523,360,0.24338,0.267278,28.0815,1.04891,42.1429
394,0.270939,0.0386,0.0380424,0.00634218,0.149294,360,0.24338,0.267278,7.02578,1.04891,42.1429
395,0.110671,0.0386,0.00937836,0.00634218,0.0368046,360,0.24338,0.267278,28.4994,1.04891,42.1429
396,0.0430984,0.0386,0.04184,0.00634218,0.164198,360,0.24338,0.267278,6.38809,1.04891,42.1429
397,0.132216,0.0386,0.00488003,0.00634218,0.0191513,360,0.24338,0.267278,54.7697,1.04891,42.1429
398,0.288763,0.0386,0.0101888,0.00634218,0.0399852,360,0.24338,0.267278,26.2324,1.04891,42.1429
399,0.555201,0.0386,0.0531401,0.00634218,0.208544,360,0.24338,0.267278,5.02968,1.04891,42.1429
400,0.140621,0.0386,0.0224482,0.00634218,0.0880961,360,0.24338,0.267278,11.9064,1.04891,42.1429
401,0.22757,0.0386,0.11486,0.00634218,0.450759,360,0.24338,0.267278,2.32698,1.04891,42.1429
402,0.0749133,0.0386,0.0992858,0.00634218,0.389639,360,0.24338,0.267278,2.692,1.04891,42.1429
403,0.227934,0.0386,0.0254892,0.00634218,0.10003,360,0.24338,0.267278,10.4859,1.04891,42.1429
404,0.165036,0.0386,0.0430759,0.00634218,0.169048,360,0.24338,0.267278,6.20481,1.04891,42.1429
405,0.627561,0.0386,0.0395492,0.00634218,0.155207,360,0.24338,0.267278,6.75811,1.04891,42.1429
406,0.166271,0.0386,0.0213572,0.00634218,0.0838146,360,0.24338,0.267278,12.5146,1.04891,42.1429
407,0.391416,0.0386,0.00949481,0.00634218,0.0372616,360,0.24338,0.267278,28.1499,1.04891,42.1429
408,0.151244,0.0386,0.495365,0.00634218,1.94402,360,0.24338,0.267278,0.539557,1.04891,42.1429
409,0.156013,0.0386,0.484779,0.00634218,1.90248,360,0.24338,0.267278,0.551338,1.04891,42.1429
410,0.222859,0.0386,0.0341821,0.00634218,0.134145,360,0.24338,0.267278,7.81922,1.04891,42.1429
411,0.3495,0.0386,0.0878746,0.00634218,0.344857,360,0.24338,0.267278,3.04158,1.04891,42.1429
412,0.314381,0.0386,0.0176382,0.00634218,0.0692195,360,0.24338,0.267278,15.1534,1.04891,42.1429
413,0.292982,0.0386,0.0348835,0.00634218,0.136898,360,0.24338,0.267278,7.662,1.04891,42.1429
414,0.695712,0.0386,0.00873912,0.00634218,0.034296,360,0.24338,0.267278,30.584,1.04891,42.1429
415,0.173799,0.0386,0.0733714,0.00634218,0.28794,360,0.24338,0.267278,3.6428,1.04891,42.1429
416,0.385658,0.0386,0.0236288,0.00634218,0.0927292,360,0.24338,0.267278,11.3115,1.04891,42.1429
417,0.418084,0.0386,0.0271695,0.00634218,0.106624,360,0.24338,0.267278,9.83741,1.04891,42.1429
418,0.0441472,0.0386,0.0249932,0.00634218,0.0980838,360,0.24338,0.267278,10.694,1.04891,42.1429
419,0.381709,0.0386,0.125377,0.00634218,0.492033,360,0.24338,0.267278,2.13179,1.04891,42.1429
420,0.365969,0.0386,0.0170978,0.00634218,0.0670989,360,0.24338,0.267278,15.6323,1.04891,42.1429
421,0.108586,0.0386,0.0801284,0.00634218,0.314457,360,0.24338,0.267278,3.33562,1.04891,42.1429
422,0.120767,0.0386,0.0192432,0.00634218,0.0755183,360,0.24338,0.267278,13.8895,1.04891,42.1429
423,0.124049,0.0386,0.0727757,0.00634218,0.285602,360,0.24338,0.267278,3.67262,1.04891,42.1429
424,0.174911,0.0386,0.0937261,0.00634218,0.367821,360,0.24338,0.267278,2.85169,1.04891,42.1429
425,0.0856567,0.0386,0.0903457,0.00634218,0.354555,360,0.24338,0.267278,2.95839,1.04891,42.1429
426,0.136828,0.0386,0.0192937,0.00634218,0.0757167,360,0.24338,0.267278,13.8531,1.04891,42.1429
427,0.334561,0.0386,0.0224187,0.00634218,0.0879803,360,0.24338,0.267278,11.9221,1.04891,42.1429
428,0.164182,0.0386,0.0497008,0.00634218,0.195047,360,0.24338,0.267278,5.37773,1.04891,42.1429
429,0.361624,0.0386,0.0151627,0.00634218,0.0595048,360,0.24338,0.267278,17.6273,1.04891,42.1429
430,0.23412,0.0386,0.0739737,0.00634218,0.290304,360,0.24338,0.267278,3.61314,1.04891,42.1429
431,0.313995,0.0386,0.00799281,0.00634218,0.0313671,360,0.24338,0.267278,33.4397,1.04891,42.1429
432,0.435126,0.0386,0.124327,0.00634218,0.48791,360,0.24338,0.267278,2.1498,1.04891,42.1429
433,0.0903001,0.0386,0.00792321,0.00634218,0.031094,360,0.24338,0.267278,33.7335,1.04891,42.1429
434,0.505171,0.0386,0.0176456,0.00634218,0.0692489,360,0.24338,0.267278,15.1469,1.04891,42.1429
435,0.345328,0.0386,0.0784798,0.00634218,0.307988,360,0.24338,0.267278,3.40568,1.04891,42.1429
436,0.269051,0.0386,0.0399147,0.00634218,0.156642,360,0.24338,0.267278,6.69622,1.04891,42.1429
437,0.0351526,0.0386,0.0142523,0.00634218,0.055932,360,0.24338,0.267278,18.7533,1.04891,42.1429
438,0.175951,0.0386,0.0243713,0.00634218,0.0956432,360,0.24338,0.267278,10.9669,1.04891,42.1429
439,0.198965,0.0386,0.0407522,0.00634218,0.159929,360,0.24338,0.267278,6.5586,1.04891,42.1429
440,0.216886,0.0386,0.00512719,0.00634218,0.0201212,360,0.24338,0.267278,52.1295,1.04891,42.1429
441,0.0956216,0.0386,0.0175443,0.00634218,0.0688513,360,0.24338,0.267278,15.2344,1.04891,42.1429
442,0.200192,0.0386,0.0729214,0.00634218,0.286174,360,0.24338,0.267278,3.66528,1.04891,42.1429
443,0.613261,0.0386,0.00747614,0.00634218,0.0293395,360,0.24338,0.267278,35.7507,1.04891,42.1429
444,0.195863,0.0386,0.0659371,0.00634218,0.258765,360,0.24338,0.267278,4.05352,1.04891,42.1429
445,0.115097,0.0386,0.177654,0.00634218,0.69719,360,0.24338,0.267278,1.50448,1.04891,42.1429
446,0.244996,0.0386,0.0129879,0.00634218,0.0509699,360,0.24338,0.267278,20.579,1.04891,42.1429
447,0.551184,0.0386,0.0427696,0.00634218,0.167846,360,0.24338,0.267278,6.24924,1.04891,42.1429
448,0.280368,0.0386,0.00664563,0.00634218,0.0260802,360,0.24338,0.267278,40.2185,1.04891,42.1429
449,0.467744,0.0386,0.0491566,0.00634218,0.192911,360,0.24338,0.267278,5.43726,1.04891,42.1429
450,0.116692,0.0386,0.188617,0.00634218,0.740214,360,0.24338,0.267278,1.41703,1.04891,42.1429
451,0.197256,0.0386,0.0293869,0.00634218,0.115326,360,0.24338,0.267278,9.09513,1.04891,42.1429
452,0.348185,0.0386,0.0109052,0.00634218,0.0427964,360,0.24338,0.267278,24.5093,1.04891,42.1429
453,0.557374,0.0386,0.167595,0.00634218,0.657715,360,0.24338,0.267278,1.59478,1.04891,42.1429
454,0.124572,0.0386,0.0299903,0.00634218,0.117695,360,0.24338,0.267278,8.91213,1.04891,42.1429
455,0.262624,0.0386,0.0223126,0.00634218,0.0875639,360,0.24338,0.267278,11.9788,1.04891,42.1429
456,0.119776,0.0386,0.0390137,0.00634218,0.153106,360,0.24338,0.267278,6.85086,1.04891,42.1429
457,0.754584,0.0386,0.0169286,0.00634218,0.066435,360,0.24338,0.267278,15.7885,1.04891,42.1429
458,0.162456,0.0386,0.0220608,0.00634218,0.0865758,360,0.24338,0.267278,12.1155,1.04891,42.1429
459,0.461673,0.0386,0.107432,0.00634218,0.421609,360,0.24338,0.267278,2.48787,1.04891,42.1429
460,0.254791,0.0386,0.00872589,0.00634218,0.0342441,360,0.24338,0.267278,30.6304,1.04891,42.1429
461,0.433437,0.0386,0.0225709,0.00634218,0.0885778,360,0.24338,0.267278,11.8417,1.04891,42.1429
462,0.222113,0.0386,0.00218331,0.00634218,0.00856822,360,0.24338,0.267278,122.418,1.04891,42.1429
463,0.303156,0.0386,0.0213475,0.00634218,0.0837765,360,0.24338,0.267278,12.5203,1.04891,42.1429
464,0.389159,0.0386,0.11759,0.00634218,0.461473,360,0.24338,0.267278,2.27296,1.04891,42.1429
465,0.270082,0.0386,0.0936582,0.00634218,0.367554,360,0.24338,0.267278,2.85376,1.04891,42.1429
466,0.315919,0.0386,0.0308774,0.00634218,0.121176,360,0.24338,0.267278,8.6561,1.04891,42.1429
467,0.0396895,0.0386,0.0186343,0.00634218,0.0731286,360,0.24338,0.267278,14.3433,1.04891,42.1429
468,0.0878268,0.0386,0.528924,0.00634218,2.07572,360,0.24338,0.267278,0.505323,1.04891,42.1429
469,0.2038,0.0386,0.0762655,0.00634218,0.299298,360,0.24338,0.267278,3.50457,1.04891,42.1429
470,0.39656,0.0386,0.076385,0.00634218,0.299767,360,0.24338,0.267278,3.49908,1.04891,42.1429
471,0.0466667,0.0386,0.00877922,0.00634218,0.0344534,360,0.24338,0.267278,30.4443,1.04891,42.1429
472,0.484837,0.0386,0.070385,0.00634218,0.27622,360,0.24338,0.267278,3.79737,1.04891,42.1429
473,0.42051,0.0386,0.104148,0.00634218,0.408722,360,0.24338,0.267278,2.56631,1.04891,42.1429
474,0.40629,0.0386,0.145357,0.00634218,0.570442,360,0.24338,0.267278,1.83877,1.04891,42.1429
475,0.164571,0.0386,0.0161202,0.00634218,0.0632625,360,0.24338,0.267278,16.5803,1.04891,42.1429
476,0.0760692,0.0386,0.0350613,0.00634218,0.137595,360,0.24338,0.267278,7.62314,1.04891,42.1429
477,0.263911,0.0386,0.00999163,0.00634218,0.0392113,360,0.24338,0.267278,26.7501,1.04891,42.1429
478,0.400289,0.0386,0.0118722,0.00634218,0.0465914,360,0.24338,0.267278,22.5129,1.04891,42.1429
479,0.101858,0.0386,0.030525,0.00634218,0.119793,360,0.24338,0.267278,8.75601,1.04891,42.1429
480,0.355192,0.0386,0.183196,0.00634218,0.718938,360,0.24338,0.267278,1.45897,1.04891,42.1429
481,0.124845,0.0386,0.113899,0.00634218,0.446988,360,0.24338,0.267278,2.34661,1.04891,42.1429
482,0.0706862,0.0386,0.0300219,0.00634218,0.117818,360,0.24338,0.267278,8.90276,1.04891,42.1429
483,0.140574,0.0386,0.0209596,0.00634218,0.0822543,360,0.24338,0.267278,12.752,1.04891,42.1429
484,0.524509,0.0386,0.0437096,0.00634218,0.171535,360,0.24338,0.267278,6.11484,1.04891,42.1429
485,0.0723227,0.0386,0.0610314,0.00634218,0.239513,360,0.24338,0.267278,4.37934,1.04891,42.1429
486,0.589347,0.0386,0.0831857,0.00634218,0.326455,360,0.24338,0.267278,3.21302,1.04891,42.1429
487,0.353172,0.0386,0.00228828,0.00634218,0.00898017,360,0.24338,0.267278,116.803,1.04891,42.1429
488,0.139479,0.0386,0.109063,0.00634218,0.42801,360,0.24338,0.267278,2.45066,1.04891,42.1429
489,0.134836,0.0386,0.00831159,0.00634218,0.0326181,360,0.24338,0.267278,32.1572,1.04891,42.1429
490,0.463488,0.0386,0.0724014,0.00634218,0.284133,360,0.24338,0.267278,3.69161,1.04891,42.1429
491,0.256112,0.0386,0.0581777,0.00634218,0.228313,360,0.24338,0.267278,4.59416,1.04891,42.1429
492,0.385542,0.0386,0.0169014,0.00634218,0.066328,360,0.24338,0.267278,15.814,1.04891,42.1429
493,0.584731,0.0386,0.05233,0.00634218,0.205365,360,0.24338,0.267278,5.10754,1.04891,42.1429
494,0.191672,0.0386,0.00459906,0.00634218,0.0180487,360,0.24338,0.267278,58.1156,1.04891,42.1429
495,0.485628,0.0386,0.0580818,0.00634218,0.227937,360,0.24338,0.267278,4.60174,1.04891,42.1429
496,0.511848,0.0386,0.12077,0.00634218,0.473951,360,0.24338,0.267278,2.21312,1.04891,42.1429
497,0.715184,0.0386,0.00930376,0.00634218,0.0365118,360,0.24338,0.267278,28.7279,1.04891,42.1429
498,0.201217,0.0386,0.252076,0.00634218,0.989253,360,0.24338,0.267278,1.0603,1.04891,42.1429
499,0.0436451,0.0386,0.022544,0.00634218,0.0884721,360,0.24338,0.267278,11.8558,1.04891,42.1429
