PID,i_lum_F1_indiv,i_lum_k12(KA),i_lum_k23(Q/V),i_lum_k32(Q/VP),i_lum_k20(CL/V),total_mg_dose_per_occassion,DS,Q,V,CL,VP
0,0.486666,0.0386,0.032693,0.00558183,0.128301,480,0.286776,0.392057,11.9921,1.53859,70.2381
1,0.392901,0.0386,0.0813384,0.00558183,0.319206,480,0.286776,0.392057,4.82007,1.53859,70.2381
2,0.624412,0.0386,0.00908746,0.00558183,0.035663,480,0.286776,0.392057,43.1426,1.53859,70.2381
3,0.198441,0.0386,0.0224127,0.00558183,0.0879567,480,0.286776,0.392057,17.4926,1.53859,70.2381
4,0.137534,0.0386,0.0203885,0.00558183,0.0800132,480,0.286776,0.392057,19.2293,1.53859,70.2381
5,0.0366302,0.0386,0.116907,0.00558183,0.458794,480,0.286776,0.392057,3.35356,1.53859,70.2381
6,0.121148,0.0386,0.0188167,0.00558183,0.0738445,480,0.286776,0.392057,20.8356,1.53859,70.2381
7,0.304946,0.0386,0.109754,0.00558183,0.430722,480,0.286776,0.392057,3.57213,1.53859,70.2381
8,0.181701,0.0386,0.023259,0.00558183,0.0912781,480,0.286776,0.392057,16.8561,1.53859,70.2381
9,0.48336,0.0386,0.10012,0.00558183,0.392913,480,0.286776,0.392057,3.91587,1.53859,70.2381
10,0.18474,0.0386,0.00875052,0.00558183,0.0343407,480,0.286776,0.392057,44.8038,1.53859,70.2381
11,0.431772,0.0386,0.0865559,0.00558183,0.339681,480,0.286776,0.392057,4.52952,1.53859,70.2381
12,0.321534,0.0386,0.0804286,0.00558183,0.315635,480,0.286776,0.392057,4.8746,1.53859,70.2381
13,0.351309,0.0386,0.0213653,0.00558183,0.0838463,480,0.286776,0.392057,18.3502,1.53859,70.2381
14,0.361174,0.0386,0.0129437,0.00558183,0.0507966,480,0.286776,0.392057,30.2893,1.53859,70.2381
15,0.175811,0.0386,0.0260084,0.00558183,0.102068,480,0.286776,0.392057,15.0742,1.53859,70.2381
16,0.258855,0.0386,0.0356426,0.00558183,0.139877,480,0.286776,0.392057,10.9997,1.53859,70.2381
17,0.263652,0.0386,0.0225456,0.00558183,0.0884784,480,0.286776,0.392057,17.3895,1.53859,70.2381
18,0.482826,0.0386,0.0480463,0.00558183,0.188554,480,0.286776,0.392057,8.15997,1.53859,70.2381
19,0.0694171,0.0386,0.00281473,0.00558183,0.0110462,480,0.286776,0.392057,139.287,1.53859,70.2381
20,0.37873,0.0386,0.0158434,0.00558183,0.0621763,480,0.286776,0.392057,24.7457,1.53859,70.2381
21,0.50764,0.0386,0.0392385,0.00558183,0.153988,480,0.286776,0.392057,9.99163,1.53859,70.2381
22,0.218433,0.0386,0.061657,0.00558183,0.241968,480,0.286776,0.392057,6.35867,1.53859,70.2381
23,0.214014,0.0386,0.0596873,0.00558183,0.234238,480,0.286776,0.392057,6.56851,1.53859,70.2381
24,0.040324,0.0386,0.0126508,0.00558183,0.0496471,480,0.286776,0.392057,30.9906,1.53859,70.2381
25,0.217219,0.0386,0.0350016,0.00558183,0.137361,480,0.286776,0.392057,11.2011,1.53859,70.2381
26,0.0544568,0.0386,0.00726278,0.00558183,0.0285022,480,0.286776,0.392057,53.9816,1.53859,70.2381
27,0.494837,0.0386,0.0313415,0.00558183,0.122997,480,0.286776,0.392057,12.5092,1.53859,70.2381
28,0.612782,0.0386,0.00582264,0.00558183,0.0228505,480,0.286776,0.392057,67.3332,1.53859,70.2381
29,0.1361,0.0386,0.00900101,0.00558183,0.0353237,480,0.286776,0.392057,43.557,1.53859,70.2381
30,0.27776,0.0386,0.0143,0.00558183,0.056119,480,0.286776,0.392057,27.4166,1.53859,70.2381
31,0.264526,0.0386,0.110491,0.00558183,0.433612,480,0.286776,0.392057,3.54832,1.53859,70.2381
32,0.366071,0.0386,0.14963,0.00558183,0.587212,480,0.286776,0.392057,2.62017,1.53859,70.2381
33,0.504469,0.0386,0.0548672,0.00558183,0.215322,480,0.286776,0.392057,7.14556,1.53859,70.2381
34,0.151006,0.0386,0.056966,0.00558183,0.223558,480,0.286776,0.392057,6.88229,1.53859,70.2381
35,0.0972632,0.0386,0.00865153,0.00558183,0.0339522,480,0.286776,0.392057,45.3165,1.53859,70.2381
36,0.378825,0.0386,0.0229339,0.00558183,0.0900024,480,0.286776,0.392057,17.0951,1.53859,70.2381
37,0.579954,0.0386,0.0610319,0.00558183,0.239515,480,0.286776,0.392057,6.4238,1.53859,70.2381
38,0.0465072,0.0386,0.0158418,0.00558183,0.06217,480,0.286776,0.392057,24.7482,1.53859,70.2381
39,0.46769,0.0386,0.0647636,0.00558183,0.25416,480,0.286776,0.392057,6.05366,1.53859,70.2381
40,0.508597,0.0386,0.0112925,0.00558183,0.0443165,480,0.286776,0.392057,34.7183,1.53859,70.2381
41,0.318127,0.0386,0.066937,0.00558183,0.262689,480,0.286776,0.392057,5.8571,1.53859,70.2381
42,0.152806,0.0386,0.047059,0.00558183,0.184679,480,0.286776,0.392057,8.33118,1.53859,70.2381
43,0.140395,0.0386,0.00994511,0.00558183,0.0390288,480,0.286776,0.392057,39.4221,1.53859,70.2381
44,0.163785,0.0386,0.0104491,0.00558183,0.0410066,480,0.286776,0.392057,37.5207,1.53859,70.2381
45,0.372555,0.0386,0.0534059,0.00558183,0.209587,480,0.286776,0.392057,7.34108,1.53859,70.2381
46,0.115693,0.0386,0.0765097,0.00558183,0.300256,480,0.286776,0.392057,5.12427,1.53859,70.2381
47,0.392996,0.0386,0.0207718,0.00558183,0.0815174,480,0.286776,0.392057,18.8744,1.53859,70.2381
48,0.440054,0.0386,0.0252419,0.00558183,0.0990599,480,0.286776,0.392057,15.532,1.53859,70.2381
49,0.64908,0.0386,0.0307832,0.00558183,0.120806,480,0.286776,0.392057,12.7361,1.53859,70.2381
50,0.406475,0.0386,0.0440605,0.00558183,0.172912,480,0.286776,0.392057,8.89814,1.53859,70.2381
51,0.224935,0.0386,0.0158431,0.00558183,0.062175,480,0.286776,0.392057,24.7462,1.53859,70.2381
52,0.194254,0.0386,0.0680694,0.00558183,0.267133,480,0.286776,0.392057,5.75966,1.53859,70.2381
53,0.306483,0.0386,0.0232904,0.00558183,0.0914013,480,0.286776,0.392057,16.8334,1.53859,70.2381
54,0.261876,0.0386,0.0335701,0.00558183,0.131743,480,0.286776,0.392057,11.6788,1.53859,70.2381
55,0.16823,0.0386,0.0201793,0.00558183,0.0791922,480,0.286776,0.392057,19.4286,1.53859,70.2381
56,0.382393,0.0386,0.0112984,0.00558183,0.0443397,480,0.286776,0.392057,34.7001,1.53859,70.2381
57,0.750156,0.0386,0.0238122,0.00558183,0.0934489,480,0.286776,0.392057,16.4646,1.53859,70.2381
58,0.694273,0.0386,0.0242917,0.00558183,0.0953307,480,0.286776,0.392057,16.1396,1.53859,70.2381
59,0.184759,0.0386,0.0231131,0.00558183,0.0907055,480,0.286776,0.392057,16.9625,1.53859,70.2381
60,0.284631,0.0386,0.00242263,0.00558183,0.00950743,480,0.286776,0.392057,161.831,1.53859,70.2381
61,0.235666,0.0386,0.0633729,0.00558183,0.248702,480,0.286776,0.392057,6.1865,1.53859,70.2381
62,0.408781,0.0386,0.0128604,0.00558183,0.0504698,480,0.286776,0.392057,30.4855,1.53859,70.2381
63,0.11547,0.0386,0.0144226,0.00558183,0.0566001,480,0.286776,0.392057,27.1836,1.53859,70.2381
64,0.0826672,0.0386,0.00759377,0.00558183,0.0298011,480,0.286776,0.392057,51.6287,1.53859,70.2381
65,0.145725,0.0386,0.0397742,0.00558183,0.156091,480,0.286776,0.392057,9.85706,1.53859,70.2381
66,0.50747,0.0386,0.0336084,0.00558183,0.131893,480,0.286776,0.392057,11.6654,1.53859,70.2381
67,0.110586,0.0386,0.0229974,0.00558183,0.0902513,480,0.286776,0.392057,17.0479,1.53859,70.2381
68,0.14159,0.0386,0.13119,0.00558183,0.514843,480,0.286776,0.392057,2.98847,1.53859,70.2381
69,0.210251,0.0386,0.0960833,0.00558183,0.377071,480,0.286776,0.392057,4.08038,1.53859,70.2381
70,0.139555,0.0386,0.00291442,0.00558183,0.0114374,480,0.286776,0.392057,134.523,1.53859,70.2381
71,0.185694,0.0386,0.0283752,0.00558183,0.111356,480,0.286776,0.392057,13.8169,1.53859,70.2381
72,0.599377,0.0386,0.0148387,0.00558183,0.0582333,480,0.286776,0.392057,26.4212,1.53859,70.2381
73,0.28814,0.0386,0.268513,0.00558183,1.05376,480,0.286776,0.392057,1.4601,1.53859,70.2381
74,0.328274,0.0386,0.008208,0.00558183,0.0322116,480,0.286776,0.392057,47.7652,1.53859,70.2381
75,0.303855,0.0386,0.0125983,0.00558183,0.0494409,480,0.286776,0.392057,31.1199,1.53859,70.2381
76,0.301499,0.0386,0.0203393,0.00558183,0.0798198,480,0.286776,0.392057,19.2759,1.53859,70.2381
77,0.415071,0.0386,0.00603643,0.00558183,0.0236895,480,0.286776,0.392057,64.9485,1.53859,70.2381
78,0.315491,0.0386,0.0176214,0.00558183,0.0691539,480,0.286776,0.392057,22.2488,1.53859,70.2381
79,0.440619,0.0386,0.0078961,0.00558183,0.0309876,480,0.286776,0.392057,49.6519,1.53859,70.2381
80,0.304781,0.0386,0.0608531,0.00558183,0.238813,480,0.286776,0.392057,6.44267,1.53859,70.2381
81,0.204911,0.0386,0.0607998,0.00558183,0.238604,480,0.286776,0.392057,6.44833,1.53859,70.2381
82,0.329362,0.0386,0.0264102,0.00558183,0.103645,480,0.286776,0.392057,14.8449,1.53859,70.2381
83,0.14018,0.0386,0.016192,0.00558183,0.0635441,480,0.286776,0.392057,24.213,1.53859,70.2381
84,0.503105,0.0386,0.0859028,0.00558183,0.337119,480,0.286776,0.392057,4.56396,1.53859,70.2381
85,0.329743,0.0386,0.0113062,0.00558183,0.0443701,480,0.286776,0.392057,34.6764,1.53859,70.2381
86,0.477672,0.0386,0.065071,0.00558183,0.255366,480,0.286776,0.392057,6.02506,1.53859,70.2381
87,0.342451,0.0386,0.0382748,0.00558183,0.150206,480,0.286776,0.392057,10.2432,1.53859,70.2381
88,0.214037,0.0386,0.0313254,0.00558183,0.122934,480,0.286776,0.392057,12.5156,1.53859,70.2381
89,0.990438,0.0386,0.0112578,0.00558183,0.0441803,480,0.286776,0.392057,34.8254,1.53859,70.2381
90,0.247361,0.0386,0.0118457,0.00558183,0.0464873,480,0.286776,0.392057,33.0971,1.53859,70.2381
91,0.200972,0.0386,0.176944,0.00558183,0.694402,480,0.286776,0.392057,2.21571,1.53859,70.2381
92,0.370959,0.0386,0.105746,0.00558183,0.414992,480,0.286776,0.392057,3.70753,1.53859,70.2381
93,0.228411,0.0386,0.019221,0.00558183,0.0754313,480,0.286776,0.392057,20.3973,1.53859,70.2381
94,0.218777,0.0386,0.0454152,0.00558183,0.178228,480,0.286776,0.392057,8.63272,1.53859,70.2381
95,0.590092,0.0386,0.0043645,0.00558183,0.0171281,480,0.286776,0.392057,89.8286,1.53859,70.2381
96,0.367517,0.0386,0.179685,0.00558183,0.705159,480,0.286776,0.392057,2.18191,1.53859,70.2381
97,0.258685,0.0386,0.046304,0.00558183,0.181716,480,0.286776,0.392057,8.46701,1.53859,70.2381
98,0.444071,0.0386,0.195171,0.00558183,0.765934,480,0.286776,0.392057,2.00878,1.53859,70.2381
99,0.279382,0.0386,0.0191124,0.00558183,0.0750051,480,0.286776,0.392057,20.5132,1.53859,70.2381
100,0.261941,0.0386,0.00177396,0.00558183,0.00696175,480,0.286776,0.392057,221.007,1.53859,70.2381
101,0.588628,0.0386,0.06009,0.00558183,0.235818,480,0.286776,0.392057,6.52449,1.53859,70.2381
102,0.885409,0.0386,0.0213253,0.00558183,0.0836893,480,0.286776,0.392057,18.3846,1.53859,70.2381
103,0.38972,0.0386,0.0230508,0.00558183,0.0904609,480,0.286776,0.392057,17.0084,1.53859,70.2381
104,0.40305,0.0386,0.0427775,0.00558183,0.167877,480,0.286776,0.392057,9.16503,1.53859,70.2381
105,0.392867,0.0386,0.0390311,0.00558183,0.153174,480,0.286776,0.392057,10.0447,1.53859,70.2381
106,0.222477,0.0386,0.02968,0.00558183,0.116477,480,0.286776,0.392057,13.2095,1.53859,70.2381
107,0.335959,0.0386,0.00981754,0.00558183,0.0385281,480,0.286776,0.392057,39.9343,1.53859,70.2381
108,0.188989,0.0386,0.0402612,0.00558183,0.158002,480,0.286776,0.392057,9.73783,1.53859,70.2381
109,0.19697,0.0386,0.0062587,0.00558183,0.0245618,480,0.286776,0.392057,62.6419,1.53859,70.2381
110,0.261979,0.0386,0.000840957,0.00558183,0.00330027,480,0.286776,0.392057,466.203,1.53859,70.2381
111,0.418916,0.0386,0.0494903,0.00558183,0.194221,480,0.286776,0.392057,7.92189,1.53859,70.2381
112,0.118568,0.0386,0.0709295,0.00558183,0.278357,480,0.286776,0.392057,5.52741,1.53859,70.2381
113,0.305368,0.0386,0.0229428,0.00558183,0.0900371,480,0.286776,0.392057,17.0885,1.53859,70.2381
114,0.89882,0.0386,0.0353384,0.00558183,0.138683,480,0.286776,0.392057,11.0944,1.53859,70.2381
115,0.543073,0.0386,0.0130152,0.00558183,0.0510771,480,0.286776,0.392057,30.123,1.53859,70.2381
116,0.190563,0.0386,0.13319,0.00558183,0.522693,480,0.286776,0.392057,2.94359,1.53859,70.2381
117,0.067857,0.0386,0.00809059,0.00558183,0.0317508,480,0.286776,0.392057,48.4584,1.53859,70.2381
118,0.369039,0.0386,0.0104034,0.00558183,0.0408272,480,0.286776,0.392057,37.6856,1.53859,70.2381
119,0.598106,0.0386,0.100783,0.00558183,0.395516,480,0.286776,0.392057,3.8901,1.53859,70.2381
120,0.507025,0.0386,0.0177585,0.00558183,0.0696918,480,0.286776,0.392057,22.0771,1.53859,70.2381
121,0.223702,0.0386,0.0912869,0.00558183,0.358248,480,0.286776,0.392057,4.29478,1.53859,70.2381
122,0.276934,0.0386,0.084142,0.00558183,0.330208,480,0.286776,0.392057,4.65947,1.53859,70.2381
123,0.348286,0.0386,0.220691,0.00558183,0.866085,480,0.286776,0.392057,1.77649,1.53859,70.2381
124,0.374708,0.0386,0.114125,0.00558183,0.447874,480,0.286776,0.392057,3.43533,1.53859,70.2381
125,0.362169,0.0386,0.0148103,0.00558183,0.0581217,480,0.286776,0.392057,26.472,1.53859,70.2381
126,0.183845,0.0386,0.0393407,0.00558183,0.154389,480,0.286776,0.392057,9.96569,1.53859,70.2381
127,0.136547,0.0386,0.101037,0.00558183,0.396511,480,0.286776,0.392057,3.88033,1.53859,70.2381
128,0.281186,0.0386,0.0678881,0.00558183,0.266421,480,0.286776,0.392057,5.77504,1.53859,70.2381
129,0.238127,0.0386,0.00938184,0.00558183,0.0368183,480,0.286776,0.392057,41.7889,1.53859,70.2381
130,0.249702,0.0386,0.00699313,0.00558183,0.027444,480,0.286776,0.392057,56.0632,1.53859,70.2381
131,0.265658,0.0386,0.0511201,0.00558183,0.200617,480,0.286776,0.392057,7.66933,1.53859,70.2381
132,0.354015,0.0386,0.0162406,0.00558183,0.0637348,480,0.286776,0.392057,24.1406,1.53859,70.2381
133,0.430659,0.0386,0.212092,0.00558183,0.83234,480,0.286776,0.392057,1.84852,1.53859,70.2381
134,0.398405,0.0386,0.0212591,0.00558183,0.0834296,480,0.286776,0.392057,18.4418,1.53859,70.2381
135,0.459885,0.0386,0.0525049,0.00558183,0.206051,480,0.286776,0.392057,7.46706,1.53859,70.2381
136,0.363683,0.0386,0.00330672,0.00558183,0.0129769,480,0.286776,0.392057,118.564,1.53859,70.2381
137,0.171019,0.0386,0.0160118,0.00558183,0.0628372,480,0.286776,0.392057,24.4854,1.53859,70.2381
138,0.350563,0.0386,0.0671779,0.00558183,0.263634,480,0.286776,0.392057,5.8361,1.53859,70.2381
139,0.822334,0.0386,0.0352598,0.00558183,0.138374,480,0.286776,0.392057,11.1191,1.53859,70.2381
140,0.484406,0.0386,0.0112079,0.00558183,0.0439846,480,0.286776,0.392057,34.9803,1.53859,70.2381
141,0.146038,0.0386,0.0302866,0.00558183,0.118857,480,0.286776,0.392057,12.9449,1.53859,70.2381
142,0.423407,0.0386,0.00131577,0.00558183,0.00516365,480,0.286776,0.392057,297.967,1.53859,70.2381
143,0.486091,0.0386,0.116458,0.00558183,0.457032,480,0.286776,0.392057,3.3665,1.53859,70.2381
144,0.191714,0.0386,0.0409177,0.00558183,0.160578,480,0.286776,0.392057,9.58158,1.53859,70.2381
145,0.362945,0.0386,0.00989691,0.00558183,0.0388396,480,0.286776,0.392057,39.6141,1.53859,70.2381
146,0.179248,0.0386,0.0812638,0.00558183,0.318913,480,0.286776,0.392057,4.82449,1.53859,70.2381
147,0.303992,0.0386,0.0226488,0.00558183,0.0888836,480,0.286776,0.392057,17.3102,1.53859,70.2381
148,0.936009,0.0386,0.0253932,0.00558183,0.0996537,480,0.286776,0.392057,15.4394,1.53859,70.2381
149,0.517765,0.0386,0.0442413,0.00558183,0.173622,480,0.286776,0.392057,8.86178,1.53859,70.2381
150,0.495405,0.0386,0.0048042,0.00558183,0.0188537,480,0.286776,0.392057,81.6072,1.53859,70.2381
151,0.108068,0.0386,0.0373946,0.00558183,0.146752,480,0.286776,0.392057,10.4843,1.53859,70.2381
152,0.193372,0.0386,0.0073754,0.00558183,0.0289442,480,0.286776,0.392057,53.1574,1.53859,70.2381
153,0.450533,0.0386,0.0379897,0.00558183,0.149088,480,0.286776,0.392057,10.3201,1.53859,70.2381
154,0.0798578,0.0386,0.114441,0.00558183,0.449115,480,0.286776,0.392057,3.42583,1.53859,70.2381
155,0.2018,0.0386,0.0132171,0.00558183,0.0518693,480,0.286776,0.392057,29.6629,1.53859,70.2381
156,0.316281,0.0386,0.0370208,0.00558183,0.145285,480,0.286776,0.392057,10.5902,1.53859,70.2381
157,0.501314,0.0386,0.0196805,0.00558183,0.0772346,480,0.286776,0.392057,19.9211,1.53859,70.2381
158,0.78077,0.0386,0.00956755,0.00558183,0.0375471,480,0.286776,0.392057,40.9778,1.53859,70.2381
159,0.286115,0.0386,0.0204225,0.00558183,0.0801466,480,0.286776,0.392057,19.1973,1.53859,70.2381
160,0.227253,0.0386,0.0182351,0.00558183,0.0715623,480,0.286776,0.392057,21.5001,1.53859,70.2381
161,0.574982,0.0386,0.0361902,0.00558183,0.142025,480,0.286776,0.392057,10.8332,1.53859,70.2381
162,0.394937,0.0386,0.145791,0.00558183,0.572144,480,0.286776,0.392057,2.68918,1.53859,70.2381
163,0.686848,0.0386,0.0117616,0.00558183,0.0461574,480,0.286776,0.392057,33.3336,1.53859,70.2381
164,0.297481,0.0386,0.0316981,0.00558183,0.124396,480,0.286776,0.392057,12.3685,1.53859,70.2381
165,0.22469,0.0386,0.0202353,0.00558183,0.0794118,480,0.286776,0.392057,19.3749,1.53859,70.2381
166,0.463099,0.0386,0.013363,0.00558183,0.0524419,480,0.286776,0.392057,29.339,1.53859,70.2381
167,0.450749,0.0386,0.0121885,0.00558183,0.0478326,480,0.286776,0.392057,32.1662,1.53859,70.2381
168,0.178438,0.0386,0.0257818,0.00558183,0.101179,480,0.286776,0.392057,15.2067,1.53859,70.2381
169,0.768854,0.0386,0.165794,0.00558183,0.650645,480,0.286776,0.392057,2.36472,1.53859,70.2381
170,0.863683,0.0386,0.0479646,0.00558183,0.188233,480,0.286776,0.392057,8.17389,1.53859,70.2381
171,0.0604294,0.0386,0.0526399,0.00558183,0.206581,480,0.286776,0.392057,7.4479,1.53859,70.2381
172,0.103936,0.0386,0.0911126,0.00558183,0.357564,480,0.286776,0.392057,4.30299,1.53859,70.2381
173,0.190416,0.0386,0.0335532,0.00558183,0.131677,480,0.286776,0.392057,11.6846,1.53859,70.2381
174,0.49636,0.0386,0.0057364,0.00558183,0.022512,480,0.286776,0.392057,68.3455,1.53859,70.2381
175,0.117036,0.0386,0.00457303,0.00558183,0.0179465,480,0.286776,0.392057,85.7324,1.53859,70.2381
176,0.521097,0.0386,0.0192234,0.00558183,0.0754406,480,0.286776,0.392057,20.3948,1.53859,70.2381
177,0.184532,0.0386,0.0430036,0.00558183,0.168764,480,0.286776,0.392057,9.11684,1.53859,70.2381
178,0.0221112,0.0386,0.0378949,0.00558183,0.148715,480,0.286776,0.392057,10.3459,1.53859,70.2381
179,0.480283,0.0386,0.00769174,0.00558183,0.0301856,480,0.286776,0.392057,50.9712,1.53859,70.2381
180,0.443636,0.0386,0.0101004,0.00558183,0.0396381,480,0.286776,0.392057,38.816,1.53859,70.2381
181,0.116025,0.0386,0.00624892,0.00558183,0.0245234,480,0.286776,0.392057,62.7399,1.53859,70.2381
182,0.22504,0.0386,0.02893,0.00558183,0.113533,480,0.286776,0.392057,13.5519,1.53859,70.2381
183,0.5188,0.0386,0.019399,0.00558183,0.07613,480,0.286776,0.392057,20.2101,1.53859,70.2381
184,0.533223,0.0386,0.0527326,0.00558183,0.206945,480,0.286776,0.392057,7.4348,1.53859,70.2381
185,0.334733,0.0386,0.00896135,0.00558183,0.0351681,480,0.286776,0.392057,43.7497,1.53859,70.2381
186,0.108937,0.0386,0.0164665,0.00558183,0.0646213,480,0.286776,0.392057,23.8094,1.53859,70.2381
187,0.293677,0.0386,0.0074347,0.00558183,0.0291769,480,0.286776,0.392057,52.7334,1.53859,70.2381
188,0.16309,0.0386,0.00711828,0.00558183,0.0279351,480,0.286776,0.392057,55.0775,1.53859,70.2381
189,0.263831,0.0386,0.0330654,0.00558183,0.129762,480,0.286776,0.392057,11.857,1.53859,70.2381
190,0.0755445,0.0386,0.0111559,0.00558183,0.0437803,480,0.286776,0.392057,35.1435,1.53859,70.2381
191,0.082803,0.0386,0.0420479,0.00558183,0.165014,480,0.286776,0.392057,9.32405,1.53859,70.2381
192,0.246212,0.0386,0.0165608,0.00558183,0.0649916,480,0.286776,0.392057,23.6737,1.53859,70.2381
193,0.52583,0.0386,0.0645992,0.00558183,0.253514,480,0.286776,0.392057,6.06907,1.53859,70.2381
194,0.370588,0.0386,0.00653227,0.00558183,0.0256354,480,0.286776,0.392057,60.0184,1.53859,70.2381
195,0.230008,0.0386,0.0539648,0.00558183,0.211781,480,0.286776,0.392057,7.26504,1.53859,70.2381
196,0.321799,0.0386,0.00894771,0.00558183,0.0351146,480,0.286776,0.392057,43.8164,1.53859,70.2381
197,0.244057,0.0386,0.0233432,0.00558183,0.0916086,480,0.286776,0.392057,16.7953,1.53859,70.2381
198,0.299896,0.0386,0.0325785,0.00558183,0.127852,480,0.286776,0.392057,12.0342,1.53859,70.2381
199,0.532595,0.0386,0.053012,0.00558183,0.208041,480,0.286776,0.392057,7.39562,1.53859,70.2381
200,0.626601,0.0386,0.830025,0.00558183,3.25737,480,0.286776,0.392057,0.472343,1.53859,70.2381
201,0.138498,0.0386,0.0492968,0.00558183,0.193461,480,0.286776,0.392057,7.95299,1.53859,70.2381
202,0.661525,0.0386,0.0323065,0.00558183,0.126784,480,0.286776,0.392057,12.1355,1.53859,70.2381
203,0.230049,0.0386,0.032006,0.00558183,0.125605,480,0.286776,0.392057,12.2495,1.53859,70.2381
204,0.331537,0.0386,0.0977041,0.00558183,0.383432,480,0.286776,0.392057,4.01269,1.53859,70.2381
205,0.988969,0.0386,0.0278654,0.00558183,0.109356,480,0.286776,0.392057,14.0697,1.53859,70.2381
206,0.167518,0.0386,0.0620441,0.00558183,0.243487,480,0.286776,0.392057,6.319,1.53859,70.2381
207,0.347409,0.0386,0.0639201,0.00558183,0.250849,480,0.286776,0.392057,6.13354,1.53859,70.2381
208,0.166776,0.0386,0.00980388,0.00558183,0.0384745,480,0.286776,0.392057,39.9899,1.53859,70.2381
209,0.219364,0.0386,0.00703345,0.00558183,0.0276022,480,0.286776,0.392057,55.7417,1.53859,70.2381
210,0.316179,0.0386,0.0137052,0.00558183,0.0537848,480,0.286776,0.392057,28.6065,1.53859,70.2381
211,0.0406725,0.0386,0.126997,0.00558183,0.498391,480,0.286776,0.392057,3.08712,1.53859,70.2381
212,0.312738,0.0386,0.0429571,0.00558183,0.168582,480,0.286776,0.392057,9.12671,1.53859,70.2381
213,0.155976,0.0386,0.0878491,0.00558183,0.344757,480,0.286776,0.392057,4.46285,1.53859,70.2381
214,0.15645,0.0386,0.101574,0.00558183,0.39862,480,0.286776,0.392057,3.8598,1.53859,70.2381
215,0.189966,0.0386,0.0150014,0.00558183,0.0588719,480,0.286776,0.392057,26.1346,1.53859,70.2381
216,0.4434,0.0386,0.0590618,0.00558183,0.231783,480,0.286776,0.392057,6.63808,1.53859,70.2381
217,0.248018,0.0386,0.0684899,0.00558183,0.268783,480,0.286776,0.392057,5.7243,1.53859,70.2381
218,0.575895,0.0386,0.0417603,0.00558183,0.163885,480,0.286776,0.392057,9.38827,1.53859,70.2381
219,0.265029,0.0386,0.0501088,0.00558183,0.196648,480,0.286776,0.392057,7.82411,1.53859,70.2381
220,0.713919,0.0386,0.0229768,0.00558183,0.0901707,480,0.286776,0.392057,17.0631,1.53859,70.2381
221,0.35994,0.0386,0.0483841,0.00558183,0.18988,480,0.286776,0.392057,8.10301,1.53859,70.2381
222,0.293891,0.0386,0.0650721,0.00558183,0.25537,480,0.286776,0.392057,6.02496,1.53859,70.2381
223,0.171475,0.0386,0.0324877,0.00558183,0.127495,480,0.286776,0.392057,12.0679,1.53859,70.2381
224,0.153731,0.0386,0.01535,0.00558183,0.0602398,480,0.286776,0.392057,25.5412,1.53859,70.2381
225,0.220977,0.0386,0.0297838,0.00558183,0.116884,480,0.286776,0.392057,13.1634,1.53859,70.2381
226,0.267755,0.0386,0.022509,0.00558183,0.0883347,480,0.286776,0.392057,17.4178,1.53859,70.2381
227,0.289564,0.0386,0.0166991,0.00558183,0.0655342,480,0.286776,0.392057,23.4778,1.53859,70.2381
228,0.113985,0.0386,0.0800629,0.00558183,0.3142,480,0.286776,0.392057,4.89686,1.53859,70.2381
229,0.659771,0.0386,0.0174337,0.00558183,0.0684172,480,0.286776,0.392057,22.4884,1.53859,70.2381
230,0.722603,0.0386,0.544414,0.00558183,2.13651,480,0.286776,0.392057,0.720144,1.53859,70.2381
231,0.24837,0.0386,0.306882,0.00558183,1.20434,480,0.286776,0.392057,1.27755,1.53859,70.2381
232,0.324502,0.0386,0.051852,0.00558183,0.203489,480,0.286776,0.392057,7.56108,1.53859,70.2381
233,0.173103,0.0386,0.192761,0.00558183,0.756475,480,0.286776,0.392057,2.0339,1.53859,70.2381
234,0.0312345,0.0386,0.0146449,0.00558183,0.0574728,480,0.286776,0.392057,26.7708,1.53859,70.2381
235,0.426967,0.0386,0.0375646,0.00558183,0.147419,480,0.286776,0.392057,10.4369,1.53859,70.2381
236,0.0398629,0.0386,1.38482,0.00558183,5.43461,480,0.286776,0.392057,0.283111,1.53859,70.2381
237,0.27121,0.0386,0.164265,0.00558183,0.644646,480,0.286776,0.392057,2.38673,1.53859,70.2381
238,0.264473,0.0386,0.0484372,0.00558183,0.190088,480,0.286776,0.392057,8.09412,1.53859,70.2381
239,0.343763,0.0386,0.025173,0.00558183,0.0987895,480,0.286776,0.392057,15.5745,1.53859,70.2381
240,0.311461,0.0386,0.0220218,0.00558183,0.0864229,480,0.286776,0.392057,17.8031,1.53859,70.2381
241,0.0888258,0.0386,0.00177069,0.00558183,0.00694894,480,0.286776,0.392057,221.414,1.53859,70.2381
242,0.36204,0.0386,0.25568,0.00558183,1.00339,480,0.286776,0.392057,1.53339,1.53859,70.2381
243,0.284473,0.0386,0.136346,0.00558183,0.535078,480,0.286776,0.392057,2.87546,1.53859,70.2381
244,0.38569,0.0386,0.0202718,0.00558183,0.0795551,480,0.286776,0.392057,19.34,1.53859,70.2381
245,0.415693,0.0386,0.755594,0.00558183,2.96527,480,0.286776,0.392057,0.518873,1.53859,70.2381
246,0.0953007,0.0386,0.108445,0.00558183,0.425582,480,0.286776,0.392057,3.61527,1.53859,70.2381
247,0.240724,0.0386,0.0207143,0.00558183,0.0812917,480,0.286776,0.392057,18.9268,1.53859,70.2381
248,0.572035,0.0386,0.0159594,0.00558183,0.0626313,480,0.286776,0.392057,24.5659,1.53859,70.2381
249,0.508638,0.0386,0.0100949,0.00558183,0.0396166,480,0.286776,0.392057,38.8371,1.53859,70.2381
250,0.152495,0.0386,0.0288758,0.00558183,0.113321,480,0.286776,0.392057,13.5774,1.53859,70.2381
251,0.199804,0.0386,0.0780583,0.00558183,0.306333,480,0.286776,0.392057,5.02262,1.53859,70.2381
252,0.247992,0.0386,0.0253102,0.00558183,0.0993279,480,0.286776,0.392057,15.4901,1.53859,70.2381
253,0.196895,0.0386,0.0127033,0.00558183,0.0498532,480,0.286776,0.392057,30.8625,1.53859,70.2381
254,0.3933,0.0386,0.006837,0.00558183,0.0268312,480,0.286776,0.392057,57.3434,1.53859,70.2381
255,0.374819,0.0386,0.0364096,0.00558183,0.142887,480,0.286776,0.392057,10.7679,1.53859,70.2381
256,0.637998,0.0386,0.0302696,0.00558183,0.11879,480,0.286776,0.392057,12.9522,1.53859,70.2381
257,0.645127,0.0386,0.0184826,0.00558183,0.0725336,480,0.286776,0.392057,21.2122,1.53859,70.2381
258,0.161387,0.0386,0.011391,0.00558183,0.0447031,480,0.286776,0.392057,34.4181,1.53859,70.2381
259,0.239584,0.0386,0.00609467,0.00558183,0.023918,480,0.286776,0.392057,64.3278,1.53859,70.2381
260,0.178997,0.0386,0.0237013,0.00558183,0.0930138,480,0.286776,0.392057,16.5416,1.53859,70.2381
261,0.368805,0.0386,0.0756106,0.00558183,0.296728,480,0.286776,0.392057,5.18521,1.53859,70.2381
262,0.657368,0.0386,0.0137721,0.00558183,0.0540474,480,0.286776,0.392057,28.4675,1.53859,70.2381
263,0.272924,0.0386,0.146879,0.00558183,0.576415,480,0.286776,0.392057,2.66925,1.53859,70.2381
264,0.704329,0.0386,0.0642401,0.00558183,0.252105,480,0.286776,0.392057,6.10299,1.53859,70.2381
265,0.336048,0.0386,0.0605246,0.00558183,0.237524,480,0.286776,0.392057,6.47765,1.53859,70.2381
266,0.394693,0.0386,0.034605,0.00558183,0.135804,480,0.286776,0.392057,11.3295,1.53859,70.2381
267,0.382974,0.0386,0.0369333,0.00558183,0.144942,480,0.286776,0.392057,10.6153,1.53859,70.2381
268,0.642619,0.0386,0.0276615,0.00558183,0.108555,480,0.286776,0.392057,14.1734,1.53859,70.2381
269,0.412448,0.0386,0.185575,0.00558183,0.728274,480,0.286776,0.392057,2.11266,1.53859,70.2381
270,0.617356,0.0386,0.153705,0.00558183,0.603202,480,0.286776,0.392057,2.55071,1.53859,70.2381
271,0.631701,0.0386,0.011398,0.00558183,0.0447304,480,0.286776,0.392057,34.3971,1.53859,70.2381
272,0.151939,0.0386,0.00880217,0.00558183,0.0345434,480,0.286776,0.392057,44.5409,1.53859,70.2381
273,0.317045,0.0386,0.0778244,0.00558183,0.305415,480,0.286776,0.392057,5.03771,1.53859,70.2381
274,0.300762,0.0386,0.0108056,0.00558183,0.0424056,480,0.286776,0.392057,36.2828,1.53859,70.2381
275,0.464356,0.0386,0.020541,0.00558183,0.0806115,480,0.286776,0.392057,19.0865,1.53859,70.2381
276,0.825886,0.0386,0.106073,0.00558183,0.416275,480,0.286776,0.392057,3.6961,1.53859,70.2381
277,0.426007,0.0386,0.0225489,0.00558183,0.0884913,480,0.286776,0.392057,17.387,1.53859,70.2381
278,0.495782,0.0386,0.00473157,0.00558183,0.0185687,480,0.286776,0.392057,82.8597,1.53859,70.2381
279,0.329486,0.0386,0.00661317,0.00558183,0.0259528,480,0.286776,0.392057,59.2843,1.53859,70.2381
280,0.231767,0.0386,0.103471,0.00558183,0.406062,480,0.286776,0.392057,3.78906,1.53859,70.2381
281,0.487274,0.0386,0.0470967,0.00558183,0.184827,480,0.286776,0.392057,8.3245,1.53859,70.2381
282,0.165011,0.0386,0.020422,0.00558183,0.0801445,480,0.286776,0.392057,19.1978,1.53859,70.2381
283,0.208222,0.0386,0.0345695,0.00558183,0.135665,480,0.286776,0.392057,11.3411,1.53859,70.2381
284,0.591922,0.0386,0.0418735,0.00558183,0.164329,480,0.286776,0.392057,9.36289,1.53859,70.2381
285,0.324212,0.0386,0.0255968,0.00558183,0.100453,480,0.286776,0.392057,15.3166,1.53859,70.2381
286,0.570043,0.0386,0.0645757,0.00558183,0.253422,480,0.286776,0.392057,6.07128,1.53859,70.2381
287,0.551942,0.0386,0.0170518,0.00558183,0.0669184,480,0.286776,0.392057,22.9921,1.53859,70.2381
288,0.937294,0.0386,0.04984,0.00558183,0.195593,480,0.286776,0.392057,7.8663,1.53859,70.2381
289,0.310574,0.0386,0.0762256,0.00558183,0.299141,480,0.286776,0.392057,5.14337,1.53859,70.2381
290,0.256549,0.0386,0.0744673,0.00558183,0.292241,480,0.286776,0.392057,5.26482,1.53859,70.2381
291,0.314957,0.0386,0.0163132,0.00558183,0.0640198,480,0.286776,0.392057,24.0331,1.53859,70.2381
292,0.357545,0.0386,0.0276996,0.00558183,0.108705,480,0.286776,0.392057,14.1539,1.53859,70.2381
293,0.176017,0.0386,0.0140509,0.00558183,0.0551418,480,0.286776,0.392057,27.9025,1.53859,70.2381
294,0.308901,0.0386,0.0197537,0.00558183,0.0775219,480,0.286776,0.392057,19.8472,1.53859,70.2381
295,0.655753,0.0386,0.120386,0.00558183,0.472445,480,0.286776,0.392057,3.25667,1.53859,70.2381
296,0.185986,0.0386,0.017634,0.00558183,0.069203,480,0.286776,0.392057,22.2331,1.53859,70.2381
297,0.194174,0.0386,0.118454,0.00558183,0.464864,480,0.286776,0.392057,3.30978,1.53859,70.2381
298,0.0865412,0.0386,0.0347464,0.00558183,0.136359,480,0.286776,0.392057,11.2834,1.53859,70.2381
299,0.540512,0.0386,0.090804,0.00558183,0.356353,480,0.286776,0.392057,4.31762,1.53859,70.2381
300,0.165304,0.0386,0.0110045,0.00558183,0.0431863,480,0.286776,0.392057,35.6269,1.53859,70.2381
301,0.388269,0.0386,0.014091,0.00558183,0.0552991,480,0.286776,0.392057,27.8232,1.53859,70.2381
302,0.258555,0.0386,0.024646,0.00558183,0.0967211,480,0.286776,0.392057,15.9075,1.53859,70.2381
303,0.413533,0.0386,0.0295408,0.00558183,0.115931,480,0.286776,0.392057,13.2717,1.53859,70.2381
304,0.152065,0.0386,0.0386995,0.00558183,0.151873,480,0.286776,0.392057,10.1308,1.53859,70.2381
305,0.557832,0.0386,0.026012,0.00558183,0.102082,480,0.286776,0.392057,15.0721,1.53859,70.2381
306,0.153005,0.0386,0.00643241,0.00558183,0.0252435,480,0.286776,0.392057,60.9502,1.53859,70.2381
307,0.217947,0.0386,0.0291583,0.00558183,0.114429,480,0.286776,0.392057,13.4458,1.53859,70.2381
308,0.331476,0.0386,0.0222516,0.00558183,0.0873245,480,0.286776,0.392057,17.6193,1.53859,70.2381
309,0.178418,0.0386,0.0215378,0.00558183,0.0845235,480,0.286776,0.392057,18.2032,1.53859,70.2381
310,1.05945,0.0386,0.0290343,0.00558183,0.113943,480,0.286776,0.392057,13.5032,1.53859,70.2381
311,0.137528,0.0386,0.00405539,0.00558183,0.0159151,480,0.286776,0.392057,96.6754,1.53859,70.2381
312,0.315864,0.0386,0.0110702,0.00558183,0.0434441,480,0.286776,0.392057,35.4155,1.53859,70.2381
313,0.388732,0.0386,0.074539,0.00558183,0.292522,480,0.286776,0.392057,5.25975,1.53859,70.2381
314,0.199,0.0386,0.0384706,0.00558183,0.150975,480,0.286776,0.392057,10.1911,1.53859,70.2381
315,0.295265,0.0386,0.027289,0.00558183,0.107093,480,0.286776,0.392057,14.3668,1.53859,70.2381
316,0.055704,0.0386,0.0148413,0.00558183,0.0582434,480,0.286776,0.392057,26.4167,1.53859,70.2381
317,0.313889,0.0386,0.0360534,0.00558183,0.141489,480,0.286776,0.392057,10.8743,1.53859,70.2381
318,0.344664,0.0386,0.0156987,0.00558183,0.0616084,480,0.286776,0.392057,24.9738,1.53859,70.2381
319,0.10855,0.0386,0.0469284,0.00558183,0.184167,480,0.286776,0.392057,8.35437,1.53859,70.2381
320,0.0940972,0.0386,0.00946026,0.00558183,0.037126,480,0.286776,0.392057,41.4425,1.53859,70.2381
321,0.299107,0.0386,0.0575113,0.00558183,0.225698,480,0.286776,0.392057,6.81704,1.53859,70.2381
322,0.479391,0.0386,0.00388035,0.00558183,0.0152281,480,0.286776,0.392057,101.036,1.53859,70.2381
323,0.284012,0.0386,0.0297947,0.00558183,0.116927,480,0.286776,0.392057,13.1586,1.53859,70.2381
324,0.146257,0.0386,0.0174847,0.00558183,0.0686172,480,0.286776,0.392057,22.4229,1.53859,70.2381
325,0.513335,0.0386,0.0158172,0.00558183,0.0620733,480,0.286776,0.392057,24.7867,1.53859,70.2381
326,0.344855,0.0386,0.0472155,0.00558183,0.185294,480,0.286776,0.392057,8.30356,1.53859,70.2381
327,0.498035,0.0386,0.0542369,0.00558183,0.212848,480,0.286776,0.392057,7.22859,1.53859,70.2381
328,0.293326,0.0386,0.0152427,0.00558183,0.0598187,480,0.286776,0.392057,25.721,1.53859,70.2381
329,0.280574,0.0386,0.00336238,0.00558183,0.0131954,480,0.286776,0.392057,116.601,1.53859,70.2381
330,0.154498,0.0386,0.0202304,0.00558183,0.0793924,480,0.286776,0.392057,19.3796,1.53859,70.2381
331,0.648745,0.0386,0.0274252,0.00558183,0.107628,480,0.286776,0.392057,14.2955,1.53859,70.2381
332,0.275416,0.0386,0.0379357,0.00558183,0.148876,480,0.286776,0.392057,10.3348,1.53859,70.2381
333,0.228457,0.0386,0.0176254,0.00558183,0.0691693,480,0.286776,0.392057,22.2439,1.53859,70.2381
334,0.272128,0.0386,0.0418282,0.00558183,0.164152,480,0.286776,0.392057,9.37302,1.53859,70.2381
335,0.9002,0.0386,0.0120446,0.00558183,0.0472681,480,0.286776,0.392057,32.5504,1.53859,70.2381
336,0.708667,0.0386,0.0084966,0.00558183,0.0333442,480,0.286776,0.392057,46.1428,1.53859,70.2381
337,0.335477,0.0386,0.00766243,0.00558183,0.0300706,480,0.286776,0.392057,51.1661,1.53859,70.2381
338,0.211704,0.0386,0.0695218,0.00558183,0.272833,480,0.286776,0.392057,5.63934,1.53859,70.2381
339,0.22605,0.0386,0.00359941,0.00558183,0.0141256,480,0.286776,0.392057,108.923,1.53859,70.2381
340,0.616247,0.0386,0.0237393,0.00558183,0.0931629,480,0.286776,0.392057,16.5151,1.53859,70.2381
341,0.192059,0.0386,0.00190429,0.00558183,0.00747324,480,0.286776,0.392057,205.881,1.53859,70.2381
342,0.302048,0.0386,0.0944272,0.00558183,0.370572,480,0.286776,0.392057,4.15195,1.53859,70.2381
343,0.162305,0.0386,0.0421417,0.00558183,0.165382,480,0.286776,0.392057,9.3033,1.53859,70.2381
344,0.293113,0.0386,0.112697,0.00558183,0.442272,480,0.286776,0.392057,3.47885,1.53859,70.2381
345,0.564929,0.0386,0.0883254,0.00558183,0.346626,480,0.286776,0.392057,4.43878,1.53859,70.2381
346,0.201273,0.0386,0.0161325,0.00558183,0.0633106,480,0.286776,0.392057,24.3023,1.53859,70.2381
347,0.0972403,0.0386,0.0173489,0.00558183,0.0680843,480,0.286776,0.392057,22.5984,1.53859,70.2381
348,0.0956869,0.0386,0.299343,0.00558183,1.17475,480,0.286776,0.392057,1.30972,1.53859,70.2381
349,1.17822,0.0386,0.0652881,0.00558183,0.256218,480,0.286776,0.392057,6.00503,1.53859,70.2381
350,0.819203,0.0386,0.0197311,0.00558183,0.0774331,480,0.286776,0.392057,19.87,1.53859,70.2381
351,0.0982053,0.0386,0.13542,0.00558183,0.531445,480,0.286776,0.392057,2.89512,1.53859,70.2381
352,0.178824,0.0386,0.0388859,0.00558183,0.152604,480,0.286776,0.392057,10.0822,1.53859,70.2381
353,0.318084,0.0386,0.0684521,0.00558183,0.268635,480,0.286776,0.392057,5.72746,1.53859,70.2381
354,0.39044,0.0386,0.0652251,0.00558183,0.255971,480,0.286776,0.392057,6.01083,1.53859,70.2381
355,0.469064,0.0386,0.00985261,0.00558183,0.0386658,480,0.286776,0.392057,39.7922,1.53859,70.2381
356,0.492355,0.0386,0.0110536,0.00558183,0.0433791,480,0.286776,0.392057,35.4686,1.53859,70.2381
357,0.360598,0.0386,0.0165517,0.00558183,0.0649559,480,0.286776,0.392057,23.6867,1.53859,70.2381
358,0.281022,0.0386,0.0199701,0.00558183,0.0783711,480,0.286776,0.392057,19.6322,1.53859,70.2381
359,0.145479,0.0386,0.00886422,0.00558183,0.0347869,480,0.286776,0.392057,44.2291,1.53859,70.2381
360,0.940679,0.0386,0.0897679,0.00558183,0.352287,480,0.286776,0.392057,4.36745,1.53859,70.2381
361,0.521448,0.0386,0.0638857,0.00558183,0.250714,480,0.286776,0.392057,6.13684,1.53859,70.2381
362,0.274946,0.0386,0.186482,0.00558183,0.731832,480,0.286776,0.392057,2.10239,1.53859,70.2381
363,0.230579,0.0386,0.120832,0.00558183,0.474196,480,0.286776,0.392057,3.24464,1.53859,70.2381
364,0.257436,0.0386,0.0791611,0.00558183,0.310661,480,0.286776,0.392057,4.95265,1.53859,70.2381
365,0.151665,0.0386,0.00403562,0.00558183,0.0158375,480,0.286776,0.392057,97.1491,1.53859,70.2381
366,0.273214,0.0386,0.0715195,0.00558183,0.280672,480,0.286776,0.392057,5.48182,1.53859,70.2381
367,0.545622,0.0386,0.0160165,0.00558183,0.0628553,480,0.286776,0.392057,24.4784,1.53859,70.2381
368,0.280367,0.0386,0.221101,0.00558183,0.867694,480,0.286776,0.392057,1.7732,1.53859,70.2381
369,0.551251,0.0386,0.0510037,0.00558183,0.20016,480,0.286776,0.392057,7.68683,1.53859,70.2381
370,0.362399,0.0386,0.00375356,0.00558183,0.0147305,480,0.286776,0.392057,104.449,1.53859,70.2381
371,0.55768,0.0386,0.0375944,0.00558183,0.147536,480,0.286776,0.392057,10.4286,1.53859,70.2381
372,0.383943,0.0386,0.0491064,0.00558183,0.192714,480,0.286776,0.392057,7.98382,1.53859,70.2381
373,0.684683,0.0386,0.0785195,0.00558183,0.308143,480,0.286776,0.392057,4.99312,1.53859,70.2381
374,0.333927,0.0386,0.229688,0.00558183,0.90139,480,0.286776,0.392057,1.70691,1.53859,70.2381
375,0.237852,0.0386,0.0201399,0.00558183,0.0790376,480,0.286776,0.392057,19.4666,1.53859,70.2381
376,0.128304,0.0386,0.0113167,0.00558183,0.0444115,480,0.286776,0.392057,34.6441,1.53859,70.2381
377,0.266283,0.0386,0.0520251,0.00558183,0.204168,480,0.286776,0.392057,7.53591,1.53859,70.2381
378,0.106708,0.0386,0.0155351,0.00558183,0.0609661,480,0.286776,0.392057,25.2369,1.53859,70.2381
379,0.170551,0.0386,0.129242,0.00558183,0.507198,480,0.286776,0.392057,3.03352,1.53859,70.2381
380,0.251513,0.0386,0.0219883,0.00558183,0.0862913,480,0.286776,0.392057,17.8302,1.53859,70.2381
381,0.141338,0.0386,0.123192,0.00558183,0.483459,480,0.286776,0.392057,3.18247,1.53859,70.2381
382,0.183677,0.0386,0.0127078,0.00558183,0.0498706,480,0.286776,0.392057,30.8518,1.53859,70.2381
383,0.0402676,0.0386,0.00980678,0.00558183,0.0384859,480,0.286776,0.392057,39.9782,1.53859,70.2381
384,0.176592,0.0386,0.0371039,0.00558183,0.145611,480,0.286776,0.392057,10.5664,1.53859,70.2381
385,0.471133,0.0386,0.0392051,0.00558183,0.153857,480,0.286776,0.392057,10.0001,1.53859,70.2381
386,0.236004,0.0386,0.00286579,0.00558183,0.0112465,480,0.286776,0.392057,136.806,1.53859,70.2381
387,0.209841,0.0386,0.0619619,0.00558183,0.243164,480,0.286776,0.392057,6.32739,1.53859,70.2381
388,0.257331,0.0386,0.0246642,0.00558183,0.0967925,480,0.286776,0.392057,15.8958,1.53859,70.2381
389,1.07297,0.0386,0.0296211,0.00558183,0.116245,480,0.286776,0.392057,13.2357,1.53859,70.2381
390,0.332675,0.0386,0.130948,0.00558183,0.513894,480,0.286776,0.392057,2.99399,1.53859,70.2381
391,0.556684,0.0386,0.0383484,0.00558183,0.150495,480,0.286776,0.392057,10.2235,1.53859,70.2381
392,0.324033,0.0386,0.0108465,0.00558183,0.0425663,480,0.286776,0.392057,36.1459,1.53859,70.2381
393,0.47162,0.0386,0.0159481,0.00558183,0.0625868,480,0.286776,0.392057,24.5834,1.53859,70.2381
394,0.559049,0.0386,0.00753726,0.00558183,0.0295794,480,0.286776,0.392057,52.0158,1.53859,70.2381
395,0.560027,0.0386,0.00233718,0.00558183,0.00917208,480,0.286776,0.392057,167.748,1.53859,70.2381
396,0.43228,0.0386,0.00803714,0.00558183,0.0315411,480,0.286776,0.392057,48.7806,1.53859,70.2381
397,0.244684,0.0386,0.0342155,0.00558183,0.134276,480,0.286776,0.392057,11.4585,1.53859,70.2381
398,0.632765,0.0386,0.096498,0.00558183,0.378699,480,0.286776,0.392057,4.06285,1.53859,70.2381
399,0.402693,0.0386,0.118573,0.00558183,0.46533,480,0.286776,0.392057,3.30646,1.53859,70.2381
400,0.0702281,0.0386,0.0759608,0.00558183,0.298102,480,0.286776,0.392057,5.16131,1.53859,70.2381
401,0.124743,0.0386,0.028223,0.00558183,0.110759,480,0.286776,0.392057,13.8914,1.53859,70.2381
402,0.409799,0.0386,0.00531692,0.00558183,0.0208658,480,0.286776,0.392057,73.7376,1.53859,70.2381
403,0.701465,0.0386,0.0120609,0.00558183,0.0473319,480,0.286776,0.392057,32.5065,1.53859,70.2381
404,0.197153,0.0386,0.0116569,0.00558183,0.0457466,480,0.286776,0.392057,33.633,1.53859,70.2381
405,0.0872779,0.0386,0.0170366,0.00558183,0.0668586,480,0.286776,0.392057,23.0127,1.53859,70.2381
406,0.164161,0.0386,0.226081,0.00558183,0.887235,480,0.286776,0.392057,1.73415,1.53859,70.2381
407,0.203602,0.0386,0.023929,0.00558183,0.0939073,480,0.286776,0.392057,16.3842,1.53859,70.2381
408,0.219955,0.0386,0.142677,0.00558183,0.559924,480,0.286776,0.392057,2.74787,1.53859,70.2381
409,0.167779,0.0386,0.018743,0.00558183,0.0735553,480,0.286776,0.392057,20.9175,1.53859,70.2381
410,0.176249,0.0386,0.011396,0.00558183,0.0447228,480,0.286776,0.392057,34.4029,1.53859,70.2381
411,0.143507,0.0386,0.00828935,0.00558183,0.0325309,480,0.286776,0.392057,47.2965,1.53859,70.2381
412,0.531051,0.0386,0.043845,0.00558183,0.172066,480,0.286776,0.392057,8.94189,1.53859,70.2381
413,0.228625,0.0386,0.0839014,0.00558183,0.329264,480,0.286776,0.392057,4.67283,1.53859,70.2381
414,0.327596,0.0386,0.0232016,0.00558183,0.0910529,480,0.286776,0.392057,16.8978,1.53859,70.2381
415,0.121122,0.0386,0.014702,0.00558183,0.057697,480,0.286776,0.392057,26.6668,1.53859,70.2381
416,0.0912818,0.0386,0.0334934,0.00558183,0.131442,480,0.286776,0.392057,11.7055,1.53859,70.2381
417,0.172935,0.0386,0.121332,0.00558183,0.476159,480,0.286776,0.392057,3.23126,1.53859,70.2381
418,0.34396,0.0386,0.00573809,0.00558183,0.0225187,480,0.286776,0.392057,68.3253,1.53859,70.2381
419,0.138888,0.0386,0.00986099,0.00558183,0.0386986,480,0.286776,0.392057,39.7584,1.53859,70.2381
420,0.40062,0.0386,0.0302361,0.00558183,0.118659,480,0.286776,0.392057,12.9665,1.53859,70.2381
421,0.561842,0.0386,0.0232379,0.00558183,0.0911951,480,0.286776,0.392057,16.8715,1.53859,70.2381
422,0.230289,0.0386,0.00530624,0.00558183,0.0208239,480,0.286776,0.392057,73.8861,1.53859,70.2381
423,0.297197,0.0386,0.0165681,0.00558183,0.06502,480,0.286776,0.392057,23.6634,1.53859,70.2381
424,0.0832497,0.0386,0.0339118,0.00558183,0.133084,480,0.286776,0.392057,11.5611,1.53859,70.2381
425,0.171473,0.0386,0.0168255,0.00558183,0.0660304,480,0.286776,0.392057,23.3013,1.53859,70.2381
426,0.234103,0.0386,0.0403936,0.00558183,0.158521,480,0.286776,0.392057,9.70591,1.53859,70.2381
427,0.218835,0.0386,0.0268642,0.00558183,0.105426,480,0.286776,0.392057,14.594,1.53859,70.2381
428,0.415083,0.0386,0.0230921,0.00558183,0.0906232,480,0.286776,0.392057,16.9779,1.53859,70.2381
429,0.442188,0.0386,0.00633254,0.00558183,0.0248515,480,0.286776,0.392057,61.9115,1.53859,70.2381
430,0.113123,0.0386,0.0183913,0.00558183,0.072175,480,0.286776,0.392057,21.3175,1.53859,70.2381
431,0.232436,0.0386,0.00637861,0.00558183,0.0250323,480,0.286776,0.392057,61.4643,1.53859,70.2381
432,0.499982,0.0386,0.00933123,0.00558183,0.0366196,480,0.286776,0.392057,42.0156,1.53859,70.2381
433,0.20518,0.0386,0.0590427,0.00558183,0.231708,480,0.286776,0.392057,6.64023,1.53859,70.2381
434,0.235748,0.0386,0.0579243,0.00558183,0.227319,480,0.286776,0.392057,6.76844,1.53859,70.2381
435,0.436136,0.0386,0.00641426,0.00558183,0.0251722,480,0.286776,0.392057,61.1227,1.53859,70.2381
436,0.242209,0.0386,0.0456465,0.00558183,0.179136,480,0.286776,0.392057,8.58898,1.53859,70.2381
437,0.134921,0.0386,0.0752627,0.00558183,0.295362,480,0.286776,0.392057,5.20918,1.53859,70.2381
438,0.089996,0.0386,0.0246206,0.00558183,0.0966215,480,0.286776,0.392057,15.9239,1.53859,70.2381
439,0.665815,0.0386,0.0162174,0.00558183,0.0636437,480,0.286776,0.392057,24.1751,1.53859,70.2381
440,0.3777,0.0386,0.0145485,0.00558183,0.0570946,480,0.286776,0.392057,26.9482,1.53859,70.2381
441,0.294117,0.0386,0.0297673,0.00558183,0.116819,480,0.286776,0.392057,13.1707,1.53859,70.2381
442,0.287554,0.0386,0.00686616,0.00558183,0.0269457,480,0.286776,0.392057,57.0998,1.53859,70.2381
443,0.145827,0.0386,0.192308,0.00558183,0.754696,480,0.286776,0.392057,2.0387,1.53859,70.2381
444,0.448598,0.0386,0.116988,0.00558183,0.459111,480,0.286776,0.392057,3.35125,1.53859,70.2381
445,0.32636,0.0386,0.0120566,0.00558183,0.0473151,480,0.286776,0.392057,32.5181,1.53859,70.2381
446,0.46246,0.0386,0.0426153,0.00558183,0.16724,480,0.286776,0.392057,9.19991,1.53859,70.2381
447,0.326728,0.0386,0.0614316,0.00558183,0.241083,480,0.286776,0.392057,6.38201,1.53859,70.2381
448,0.193626,0.0386,0.00417475,0.00558183,0.0163835,480,0.286776,0.392057,93.9113,1.53859,70.2381
449,0.0915579,0.0386,0.0520546,0.00558183,0.204284,480,0.286776,0.392057,7.53165,1.53859,70.2381
450,0.314009,0.0386,0.0425129,0.00558183,0.166839,480,0.286776,0.392057,9.22206,1.53859,70.2381
451,0.244726,0.0386,0.0547015,0.00558183,0.214671,480,0.286776,0.392057,7.16721,1.53859,70.2381
452,0.126341,0.0386,0.0320567,0.00558183,0.125804,480,0.286776,0.392057,12.2301,1.53859,70.2381
453,0.291463,0.0386,0.0523418,0.00558183,0.205411,480,0.286776,0.392057,7.49032,1.53859,70.2381
454,0.221542,0.0386,0.0519713,0.00558183,0.203957,480,0.286776,0.392057,7.54372,1.53859,70.2381
455,0.241694,0.0386,0.00797769,0.00558183,0.0313078,480,0.286776,0.392057,49.1442,1.53859,70.2381
456,0.386522,0.0386,0.0249012,0.00558183,0.0977228,480,0.286776,0.392057,15.7445,1.53859,70.2381
457,0.224928,0.0386,0.013253,0.00558183,0.0520105,480,0.286776,0.392057,29.5824,1.53859,70.2381
458,0.0868974,0.0386,0.00974528,0.00558183,0.0382445,480,0.286776,0.392057,40.2304,1.53859,70.2381
459,0.588172,0.0386,0.0685132,0.00558183,0.268875,480,0.286776,0.392057,5.72235,1.53859,70.2381
460,0.293412,0.0386,0.00554696,0.00558183,0.0217686,480,0.286776,0.392057,70.6796,1.53859,70.2381
461,0.247193,0.0386,0.0207086,0.00558183,0.0812691,480,0.286776,0.392057,18.9321,1.53859,70.2381
462,0.274351,0.0386,0.0364157,0.00558183,0.142911,480,0.286776,0.392057,10.7661,1.53859,70.2381
463,0.692663,0.0386,0.0364007,0.00558183,0.142852,480,0.286776,0.392057,10.7706,1.53859,70.2381
464,0.224894,0.0386,0.463971,0.00558183,1.82081,480,0.286776,0.392057,0.845003,1.53859,70.2381
465,0.368539,0.0386,0.065247,0.00558183,0.256056,480,0.286776,0.392057,6.00881,1.53859,70.2381
466,0.246426,0.0386,0.0151039,0.00558183,0.0592741,480,0.286776,0.392057,25.9573,1.53859,70.2381
467,0.064743,0.0386,0.0163098,0.00558183,0.0640066,480,0.286776,0.392057,24.0381,1.53859,70.2381
468,0.154182,0.0386,0.0106298,0.00558183,0.0417159,480,0.286776,0.392057,36.8827,1.53859,70.2381
469,0.503803,0.0386,0.0279165,0.00558183,0.109556,480,0.286776,0.392057,14.0439,1.53859,70.2381
470,0.15892,0.0386,0.0172794,0.00558183,0.0678115,480,0.286776,0.392057,22.6893,1.53859,70.2381
471,0.0719023,0.0386,0.0660098,0.00558183,0.25905,480,0.286776,0.392057,5.93937,1.53859,70.2381
472,0.114309,0.0386,0.0672228,0.00558183,0.26381,480,0.286776,0.392057,5.8322,1.53859,70.2381
473,0.292418,0.0386,0.105869,0.00558183,0.415474,480,0.286776,0.392057,3.70323,1.53859,70.2381
474,0.548377,0.0386,0.0059244,0.00558183,0.0232498,480,0.286776,0.392057,66.1766,1.53859,70.2381
475,0.222462,0.0386,0.0161649,0.00558183,0.0634378,480,0.286776,0.392057,24.2536,1.53859,70.2381
476,0.410647,0.0386,0.0125934,0.00558183,0.0494216,480,0.286776,0.392057,31.132,1.53859,70.2381
477,0.190177,0.0386,0.0268111,0.00558183,0.105218,480,0.286776,0.392057,14.6229,1.53859,70.2381
478,0.420418,0.0386,0.0144331,0.00558183,0.0566416,480,0.286776,0.392057,27.1637,1.53859,70.2381
479,0.2162,0.0386,0.00773021,0.00558183,0.0303366,480,0.286776,0.392057,50.7175,1.53859,70.2381
480,0.89603,0.0386,0.0157243,0.00558183,0.0617085,480,0.286776,0.392057,24.9333,1.53859,70.2381
481,0.113836,0.0386,0.0510676,0.00558183,0.200411,480,0.286776,0.392057,7.67721,1.53859,70.2381
482,0.520737,0.0386,0.00643215,0.00558183,0.0252424,480,0.286776,0.392057,60.9527,1.53859,70.2381
483,0.348326,0.0386,0.00671539,0.00558183,0.026354,480,0.286776,0.392057,58.3819,1.53859,70.2381
484,0.30544,0.0386,0.00704405,0.00558183,0.0276438,480,0.286776,0.392057,55.6578,1.53859,70.2381
485,0.372282,0.0386,0.0711504,0.00558183,0.279224,480,0.286776,0.392057,5.51026,1.53859,70.2381
486,0.241373,0.0386,0.0698457,0.00558183,0.274104,480,0.286776,0.392057,5.61319,1.53859,70.2381
487,0.641995,0.0386,0.0487225,0.00558183,0.191207,480,0.286776,0.392057,8.04673,1.53859,70.2381
488,0.223388,0.0386,0.103353,0.00558183,0.405599,480,0.286776,0.392057,3.79339,1.53859,70.2381
489,0.292569,0.0386,0.381238,0.00558183,1.49614,480,0.286776,0.392057,1.02838,1.53859,70.2381
490,0.36931,0.0386,0.0618271,0.00558183,0.242635,480,0.286776,0.392057,6.34118,1.53859,70.2381
491,0.42202,0.0386,0.0619591,0.00558183,0.243153,480,0.286776,0.392057,6.32768,1.53859,70.2381
492,0.71246,0.0386,0.0143767,0.00558183,0.0564204,480,0.286776,0.392057,27.2702,1.53859,70.2381
493,0.265017,0.0386,0.0168109,0.00558183,0.0659729,480,0.286776,0.392057,23.3216,1.53859,70.2381
494,0.133941,0.0386,0.00623518,0.00558183,0.0244695,480,0.286776,0.392057,62.8781,1.53859,70.2381
495,0.343834,0.0386,0.0627746,0.00558183,0.246354,480,0.286776,0.392057,6.24547,1.53859,70.2381
496,0.621221,0.0386,0.0179847,0.00558183,0.0705796,480,0.286776,0.392057,21.7994,1.53859,70.2381
497,0.0563523,0.0386,0.0292003,0.00558183,0.114594,480,0.286776,0.392057,13.4265,1.53859,70.2381
498,0.353265,0.0386,0.0156875,0.00558183,0.0615644,480,0.286776,0.392057,24.9916,1.53859,70.2381
499,0.345722,0.0386,0.0519415,0.00558183,0.20384,480,0.286776,0.392057,7.54804,1.53859,70.2381
