PID,i_lum_F1_indiv,i_lum_k12(KA),i_lum_k23(Q/V),i_lum_k32(Q/VP),i_lum_k20(CL/V),total_mg_dose_per_occassion,DS,Q,V,CL,VP
0,0.0462411,0.0386,0.0488991,0.00834678,0.191901,120,0.24338,0.117252,2.39784,0.460147,14.0476
1,0.0174104,0.0386,0.0381223,0.00834678,0.149608,120,0.24338,0.117252,3.07569,0.460147,14.0476
2,0.206032,0.0386,0.0131758,0.00834678,0.0517075,120,0.24338,0.117252,8.89904,0.460147,14.0476
3,0.550288,0.0386,0.226228,0.00834678,0.887815,120,0.24338,0.117252,0.518292,0.460147,14.0476
4,0.538701,0.0386,0.00653505,0.00834678,0.0256463,120,0.24338,0.117252,17.9421,0.460147,14.0476
5,0.405297,0.0386,0.0287301,0.00834678,0.112749,120,0.24338,0.117252,4.08116,0.460147,14.0476
6,0.0742343,0.0386,0.0328634,0.00834678,0.12897,120,0.24338,0.117252,3.56787,0.460147,14.0476
7,0.223736,0.0386,0.221852,0.00834678,0.870641,120,0.24338,0.117252,0.528515,0.460147,14.0476
8,0.250757,0.0386,0.0530884,0.00834678,0.208341,120,0.24338,0.117252,2.20862,0.460147,14.0476
9,0.547054,0.0386,0.125832,0.00834678,0.493819,120,0.24338,0.117252,0.931814,0.460147,14.0476
10,0.0908223,0.0386,0.122987,0.00834678,0.482652,120,0.24338,0.117252,0.953372,0.460147,14.0476
11,0.0911714,0.0386,0.0208784,0.00834678,0.0819355,120,0.24338,0.117252,5.61597,0.460147,14.0476
12,0.442205,0.0386,0.11309,0.00834678,0.443811,120,0.24338,0.117252,1.03681,0.460147,14.0476
13,0.356693,0.0386,0.131926,0.00834678,0.517733,120,0.24338,0.117252,0.888773,0.460147,14.0476
14,0.499324,0.0386,0.0802733,0.00834678,0.315026,120,0.24338,0.117252,1.46066,0.460147,14.0476
15,0.257145,0.0386,0.215769,0.00834678,0.846767,120,0.24338,0.117252,0.543417,0.460147,14.0476
16,0.160549,0.0386,0.041771,0.00834678,0.163927,120,0.24338,0.117252,2.80702,0.460147,14.0476
17,0.168299,0.0386,0.0336785,0.00834678,0.132169,120,0.24338,0.117252,3.48152,0.460147,14.0476
18,0.0381344,0.0386,0.0117598,0.00834678,0.0461504,120,0.24338,0.117252,9.9706,0.460147,14.0476
19,0.50592,0.0386,0.0579375,0.00834678,0.227371,120,0.24338,0.117252,2.02377,0.460147,14.0476
20,0.146421,0.0386,0.0274435,0.00834678,0.1077,120,0.24338,0.117252,4.2725,0.460147,14.0476
21,0.452817,0.0386,0.00583263,0.00834678,0.0228897,120,0.24338,0.117252,20.1028,0.460147,14.0476
22,0.450175,0.0386,0.210314,0.00834678,0.825361,120,0.24338,0.117252,0.55751,0.460147,14.0476
23,0.579269,0.0386,0.00562581,0.00834678,0.022078,120,0.24338,0.117252,20.8419,0.460147,14.0476
24,0.480242,0.0386,0.0186596,0.00834678,0.0732282,120,0.24338,0.117252,6.28374,0.460147,14.0476
25,0.0916858,0.0386,0.0253635,0.00834678,0.099537,120,0.24338,0.117252,4.62288,0.460147,14.0476
26,0.372623,0.0386,0.0461729,0.00834678,0.181202,120,0.24338,0.117252,2.53942,0.460147,14.0476
27,0.390048,0.0386,0.0216171,0.00834678,0.0848347,120,0.24338,0.117252,5.42405,0.460147,14.0476
28,0.261898,0.0386,0.00748677,0.00834678,0.0293812,120,0.24338,0.117252,15.6613,0.460147,14.0476
29,0.268276,0.0386,0.083921,0.00834678,0.329341,120,0.24338,0.117252,1.39718,0.460147,14.0476
30,0.207091,0.0386,0.0936404,0.00834678,0.367484,120,0.24338,0.117252,1.25216,0.460147,14.0476
31,0.432559,0.0386,0.205487,0.00834678,0.806416,120,0.24338,0.117252,0.570608,0.460147,14.0476
32,0.0663534,0.0386,0.0311806,0.00834678,0.122366,120,0.24338,0.117252,3.76042,0.460147,14.0476
33,0.26253,0.0386,0.124292,0.00834678,0.487774,120,0.24338,0.117252,0.943361,0.460147,14.0476
34,0.142403,0.0386,0.0248701,0.00834678,0.0976006,120,0.24338,0.117252,4.71459,0.460147,14.0476
35,0.199898,0.0386,0.0236281,0.00834678,0.0927266,120,0.24338,0.117252,4.96241,0.460147,14.0476
36,0.185043,0.0386,0.302044,0.00834678,1.18535,120,0.24338,0.117252,0.388196,0.460147,14.0476
37,0.0839831,0.0386,0.107669,0.00834678,0.422539,120,0.24338,0.117252,1.08901,0.460147,14.0476
38,0.119692,0.0386,0.0143132,0.00834678,0.0561709,120,0.24338,0.117252,8.19192,0.460147,14.0476
39,0.146951,0.0386,0.0282135,0.00834678,0.110722,120,0.24338,0.117252,4.1559,0.460147,14.0476
40,0.178459,0.0386,0.0511345,0.00834678,0.200673,120,0.24338,0.117252,2.29302,0.460147,14.0476
41,0.0983093,0.0386,0.168025,0.00834678,0.6594,120,0.24338,0.117252,0.697827,0.460147,14.0476
42,0.509795,0.0386,0.0318621,0.00834678,0.12504,120,0.24338,0.117252,3.67999,0.460147,14.0476
43,0.347645,0.0386,0.0144682,0.00834678,0.0567794,120,0.24338,0.117252,8.10412,0.460147,14.0476
44,0.655287,0.0386,0.0365074,0.00834678,0.14327,120,0.24338,0.117252,3.21174,0.460147,14.0476
45,0.102779,0.0386,0.199936,0.00834678,0.784631,120,0.24338,0.117252,0.58645,0.460147,14.0476
46,0.230957,0.0386,0.10112,0.00834678,0.396838,120,0.24338,0.117252,1.15953,0.460147,14.0476
47,0.155341,0.0386,0.0731562,0.00834678,0.287096,120,0.24338,0.117252,1.60277,0.460147,14.0476
48,0.399215,0.0386,0.747789,0.00834678,2.93464,120,0.24338,0.117252,0.156799,0.460147,14.0476
49,0.0983528,0.0386,0.0607087,0.00834678,0.238246,120,0.24338,0.117252,1.93139,0.460147,14.0476
50,0.253005,0.0386,0.273992,0.00834678,1.07526,120,0.24338,0.117252,0.427941,0.460147,14.0476
51,0.26307,0.0386,0.113697,0.00834678,0.446194,120,0.24338,0.117252,1.03127,0.460147,14.0476
52,0.295872,0.0386,0.0463461,0.00834678,0.181882,120,0.24338,0.117252,2.52993,0.460147,14.0476
53,0.346917,0.0386,0.134185,0.00834678,0.5266,120,0.24338,0.117252,0.873808,0.460147,14.0476
54,0.195832,0.0386,0.690458,0.00834678,2.70965,120,0.24338,0.117252,0.169818,0.460147,14.0476
55,0.0362957,0.0386,0.0478365,0.00834678,0.187731,120,0.24338,0.117252,2.45111,0.460147,14.0476
56,0.0886558,0.0386,0.019001,0.00834678,0.0745679,120,0.24338,0.117252,6.17085,0.460147,14.0476
57,0.572164,0.0386,0.0721887,0.00834678,0.283299,120,0.24338,0.117252,1.62425,0.460147,14.0476
58,0.130044,0.0386,0.0160195,0.00834678,0.0628673,120,0.24338,0.117252,7.31934,0.460147,14.0476
59,0.356882,0.0386,0.373663,0.00834678,1.46641,120,0.24338,0.117252,0.313791,0.460147,14.0476
60,0.260254,0.0386,0.0204273,0.00834678,0.0801652,120,0.24338,0.117252,5.73999,0.460147,14.0476
61,0.516013,0.0386,0.13164,0.00834678,0.516611,120,0.24338,0.117252,0.890703,0.460147,14.0476
62,0.196651,0.0386,0.0255834,0.00834678,0.1004,120,0.24338,0.117252,4.58314,0.460147,14.0476
63,0.0892024,0.0386,0.0370976,0.00834678,0.145587,120,0.24338,0.117252,3.16064,0.460147,14.0476
64,0.104155,0.0386,0.035243,0.00834678,0.138308,120,0.24338,0.117252,3.32697,0.460147,14.0476
65,0.134108,0.0386,0.0279072,0.00834678,0.10952,120,0.24338,0.117252,4.20151,0.460147,14.0476
66,0.2207,0.0386,0.0637355,0.00834678,0.250125,120,0.24338,0.117252,1.83967,0.460147,14.0476
67,0.637995,0.0386,0.00882748,0.00834678,0.0346427,120,0.24338,0.117252,13.2826,0.460147,14.0476
68,0.167075,0.0386,0.0523138,0.00834678,0.205301,120,0.24338,0.117252,2.24133,0.460147,14.0476
69,0.316479,0.0386,0.00990139,0.00834678,0.0388572,120,0.24338,0.117252,11.842,0.460147,14.0476
70,0.247825,0.0386,0.0752435,0.00834678,0.295287,120,0.24338,0.117252,1.55831,0.460147,14.0476
71,0.481781,0.0386,0.125134,0.00834678,0.49108,120,0.24338,0.117252,0.937011,0.460147,14.0476
72,0.0513397,0.0386,0.0201424,0.00834678,0.0790472,120,0.24338,0.117252,5.82117,0.460147,14.0476
73,0.326435,0.0386,0.0024981,0.00834678,0.00980359,120,0.24338,0.117252,46.9366,0.460147,14.0476
74,0.618403,0.0386,0.0146175,0.00834678,0.0573651,120,0.24338,0.117252,8.02138,0.460147,14.0476
75,0.37587,0.0386,0.0556204,0.00834678,0.218278,120,0.24338,0.117252,2.10808,0.460147,14.0476
76,0.262539,0.0386,0.218114,0.00834678,0.85597,120,0.24338,0.117252,0.537574,0.460147,14.0476
77,0.306689,0.0386,0.0122918,0.00834678,0.0482382,120,0.24338,0.117252,9.53907,0.460147,14.0476
78,0.13679,0.0386,0.0804838,0.00834678,0.315852,120,0.24338,0.117252,1.45684,0.460147,14.0476
79,0.163488,0.0386,0.0198013,0.00834678,0.0777086,120,0.24338,0.117252,5.92145,0.460147,14.0476
80,0.180446,0.0386,0.593094,0.00834678,2.32755,120,0.24338,0.117252,0.197696,0.460147,14.0476
81,0.544865,0.0386,0.0442731,0.00834678,0.173746,120,0.24338,0.117252,2.64839,0.460147,14.0476
82,0.159936,0.0386,0.0682103,0.00834678,0.267686,120,0.24338,0.117252,1.71898,0.460147,14.0476
83,0.493709,0.0386,0.190965,0.00834678,0.749425,120,0.24338,0.117252,0.614001,0.460147,14.0476
84,0.183316,0.0386,0.0721361,0.00834678,0.283092,120,0.24338,0.117252,1.62543,0.460147,14.0476
85,0.402752,0.0386,0.042666,0.00834678,0.167439,120,0.24338,0.117252,2.74814,0.460147,14.0476
86,0.292631,0.0386,0.109954,0.00834678,0.431507,120,0.24338,0.117252,1.06637,0.460147,14.0476
87,0.0444346,0.0386,0.022427,0.00834678,0.0880129,120,0.24338,0.117252,5.22818,0.460147,14.0476
88,0.0106979,0.0386,0.168018,0.00834678,0.659373,120,0.24338,0.117252,0.697855,0.460147,14.0476
89,0.212989,0.0386,0.397374,0.00834678,1.55946,120,0.24338,0.117252,0.295068,0.460147,14.0476
90,0.153327,0.0386,0.0876023,0.00834678,0.343788,120,0.24338,0.117252,1.33846,0.460147,14.0476
91,0.264158,0.0386,0.183224,0.00834678,0.719047,120,0.24338,0.117252,0.63994,0.460147,14.0476
92,0.619465,0.0386,0.0299858,0.00834678,0.117677,120,0.24338,0.117252,3.91026,0.460147,14.0476
93,0.168134,0.0386,0.035205,0.00834678,0.138159,120,0.24338,0.117252,3.33056,0.460147,14.0476
94,0.211982,0.0386,0.0635895,0.00834678,0.249552,120,0.24338,0.117252,1.84389,0.460147,14.0476
95,0.464429,0.0386,0.0830036,0.00834678,0.325741,120,0.24338,0.117252,1.41262,0.460147,14.0476
96,0.391066,0.0386,0.0648518,0.00834678,0.254505,120,0.24338,0.117252,1.80801,0.460147,14.0476
97,0.133049,0.0386,0.0524557,0.00834678,0.205858,120,0.24338,0.117252,2.23526,0.460147,14.0476
98,0.253512,0.0386,0.017986,0.00834678,0.0705846,120,0.24338,0.117252,6.51908,0.460147,14.0476
99,0.434506,0.0386,0.0242727,0.00834678,0.0952564,120,0.24338,0.117252,4.83062,0.460147,14.0476
100,0.583383,0.0386,0.0249354,0.00834678,0.0978571,120,0.24338,0.117252,4.70223,0.460147,14.0476
101,0.253001,0.0386,0.0319548,0.00834678,0.125404,120,0.24338,0.117252,3.66932,0.460147,14.0476
102,0.272949,0.0386,0.1581,0.00834678,0.62045,120,0.24338,0.117252,0.741634,0.460147,14.0476
103,0.38086,0.0386,0.0456739,0.00834678,0.179244,120,0.24338,0.117252,2.56716,0.460147,14.0476
104,0.454466,0.0386,0.024674,0.00834678,0.0968312,120,0.24338,0.117252,4.75205,0.460147,14.0476
105,0.221259,0.0386,0.085691,0.00834678,0.336287,120,0.24338,0.117252,1.36832,0.460147,14.0476
106,0.184099,0.0386,0.00667731,0.00834678,0.0262045,120,0.24338,0.117252,17.5598,0.460147,14.0476
107,0.260415,0.0386,0.0511191,0.00834678,0.200613,120,0.24338,0.117252,2.29371,0.460147,14.0476
108,0.555997,0.0386,0.0288954,0.00834678,0.113397,120,0.24338,0.117252,4.05783,0.460147,14.0476
109,0.33683,0.0386,0.107379,0.00834678,0.421402,120,0.24338,0.117252,1.09194,0.460147,14.0476
110,0.790202,0.0386,0.0164406,0.00834678,0.0645198,120,0.24338,0.117252,7.13187,0.460147,14.0476
111,0.172874,0.0386,0.0510297,0.00834678,0.200262,120,0.24338,0.117252,2.29773,0.460147,14.0476
112,0.159442,0.0386,0.0326807,0.00834678,0.128253,120,0.24338,0.117252,3.58782,0.460147,14.0476
113,0.219639,0.0386,0.107557,0.00834678,0.422101,120,0.24338,0.117252,1.09014,0.460147,14.0476
114,0.287622,0.0386,0.0252388,0.00834678,0.0990478,120,0.24338,0.117252,4.64571,0.460147,14.0476
115,0.376607,0.0386,0.0652723,0.00834678,0.256156,120,0.24338,0.117252,1.79636,0.460147,14.0476
116,0.622027,0.0386,0.0473352,0.00834678,0.185763,120,0.24338,0.117252,2.47706,0.460147,14.0476
117,0.781239,0.0386,0.00366445,0.00834678,0.0143808,120,0.24338,0.117252,31.9973,0.460147,14.0476
118,0.6096,0.0386,0.153177,0.00834678,0.601131,120,0.24338,0.117252,0.765469,0.460147,14.0476
119,0.0693316,0.0386,0.221982,0.00834678,0.871152,120,0.24338,0.117252,0.528206,0.460147,14.0476
120,0.590264,0.0386,0.0483356,0.00834678,0.189689,120,0.24338,0.117252,2.42579,0.460147,14.0476
121,0.134553,0.0386,0.308815,0.00834678,1.21192,120,0.24338,0.117252,0.379684,0.460147,14.0476
122,0.159629,0.0386,0.0179091,0.00834678,0.0702829,120,0.24338,0.117252,6.54707,0.460147,14.0476
123,0.0987547,0.0386,0.0777704,0.00834678,0.305204,120,0.24338,0.117252,1.50767,0.460147,14.0476
124,0.749433,0.0386,0.0377189,0.00834678,0.148025,120,0.24338,0.117252,3.10858,0.460147,14.0476
125,0.207446,0.0386,0.0739528,0.00834678,0.290222,120,0.24338,0.117252,1.5855,0.460147,14.0476
126,0.413179,0.0386,0.0641142,0.00834678,0.251611,120,0.24338,0.117252,1.8288,0.460147,14.0476
127,0.414819,0.0386,0.0168199,0.00834678,0.0660082,120,0.24338,0.117252,6.97106,0.460147,14.0476
128,0.0818201,0.0386,0.0326767,0.00834678,0.128237,120,0.24338,0.117252,3.58825,0.460147,14.0476
129,0.135778,0.0386,0.0476923,0.00834678,0.187165,120,0.24338,0.117252,2.45852,0.460147,14.0476
130,0.189087,0.0386,0.155796,0.00834678,0.611407,120,0.24338,0.117252,0.752604,0.460147,14.0476
131,0.251568,0.0386,0.0195116,0.00834678,0.0765716,120,0.24338,0.117252,6.00937,0.460147,14.0476
132,0.120845,0.0386,0.0920359,0.00834678,0.361187,120,0.24338,0.117252,1.27398,0.460147,14.0476
133,0.385364,0.0386,0.0983189,0.00834678,0.385844,120,0.24338,0.117252,1.19257,0.460147,14.0476
134,0.31921,0.0386,0.022274,0.00834678,0.0874127,120,0.24338,0.117252,5.26408,0.460147,14.0476
135,0.2873,0.0386,0.0380076,0.00834678,0.149158,120,0.24338,0.117252,3.08497,0.460147,14.0476
136,0.565536,0.0386,0.0233883,0.00834678,0.0917854,120,0.24338,0.117252,5.01329,0.460147,14.0476
137,0.255808,0.0386,0.153025,0.00834678,0.600533,120,0.24338,0.117252,0.766231,0.460147,14.0476
138,0.119122,0.0386,0.105613,0.00834678,0.41447,120,0.24338,0.117252,1.11021,0.460147,14.0476
139,0.0469218,0.0386,0.120441,0.00834678,0.472659,120,0.24338,0.117252,0.973529,0.460147,14.0476
140,0.428293,0.0386,0.0315726,0.00834678,0.123904,120,0.24338,0.117252,3.71374,0.460147,14.0476
141,0.285414,0.0386,0.172148,0.00834678,0.675581,120,0.24338,0.117252,0.681114,0.460147,14.0476
142,0.130249,0.0386,0.0101224,0.00834678,0.0397247,120,0.24338,0.117252,11.5834,0.460147,14.0476
143,0.24504,0.0386,0.0429137,0.00834678,0.168411,120,0.24338,0.117252,2.73228,0.460147,14.0476
144,0.206106,0.0386,0.0494176,0.00834678,0.193935,120,0.24338,0.117252,2.37268,0.460147,14.0476
145,0.498333,0.0386,0.121768,0.00834678,0.47787,120,0.24338,0.117252,0.962914,0.460147,14.0476
146,0.298753,0.0386,0.129644,0.00834678,0.508777,120,0.24338,0.117252,0.904418,0.460147,14.0476
147,0.395506,0.0386,0.0417847,0.00834678,0.163981,120,0.24338,0.117252,2.8061,0.460147,14.0476
148,0.455131,0.0386,0.189711,0.00834678,0.744507,120,0.24338,0.117252,0.618056,0.460147,14.0476
149,0.112749,0.0386,0.194602,0.00834678,0.763701,120,0.24338,0.117252,0.602523,0.460147,14.0476
150,0.112402,0.0386,0.00539624,0.00834678,0.0211771,120,0.24338,0.117252,21.7285,0.460147,14.0476
151,0.232723,0.0386,0.193762,0.00834678,0.760405,120,0.24338,0.117252,0.605134,0.460147,14.0476
152,0.335219,0.0386,0.0122052,0.00834678,0.0478982,120,0.24338,0.117252,9.60678,0.460147,14.0476
153,0.272405,0.0386,0.0407207,0.00834678,0.159805,120,0.24338,0.117252,2.87943,0.460147,14.0476
154,0.56337,0.0386,0.0895538,0.00834678,0.351447,120,0.24338,0.117252,1.30929,0.460147,14.0476
155,0.138333,0.0386,0.0181012,0.00834678,0.0710366,120,0.24338,0.117252,6.47761,0.460147,14.0476
156,0.152695,0.0386,0.0682416,0.00834678,0.267809,120,0.24338,0.117252,1.71819,0.460147,14.0476
157,0.0348031,0.0386,0.277123,0.00834678,1.08755,120,0.24338,0.117252,0.423106,0.460147,14.0476
158,0.214331,0.0386,0.139579,0.00834678,0.547767,120,0.24338,0.117252,0.840043,0.460147,14.0476
159,0.11856,0.0386,0.328216,0.00834678,1.28806,120,0.24338,0.117252,0.357241,0.460147,14.0476
160,0.246094,0.0386,0.0338354,0.00834678,0.132784,120,0.24338,0.117252,3.46537,0.460147,14.0476
161,0.196923,0.0386,0.0977388,0.00834678,0.383568,120,0.24338,0.117252,1.19965,0.460147,14.0476
162,0.0657527,0.0386,0.0755765,0.00834678,0.296594,120,0.24338,0.117252,1.55144,0.460147,14.0476
163,0.125745,0.0386,0.0889872,0.00834678,0.349223,120,0.24338,0.117252,1.31763,0.460147,14.0476
164,0.242338,0.0386,0.15057,0.00834678,0.590898,120,0.24338,0.117252,0.778725,0.460147,14.0476
165,0.134026,0.0386,0.155239,0.00834678,0.609223,120,0.24338,0.117252,0.755302,0.460147,14.0476
166,0.289765,0.0386,0.0476855,0.00834678,0.187138,120,0.24338,0.117252,2.45887,0.460147,14.0476
167,0.149334,0.0386,0.0158825,0.00834678,0.0623297,120,0.24338,0.117252,7.38248,0.460147,14.0476
168,0.259792,0.0386,0.0698514,0.00834678,0.274126,120,0.24338,0.117252,1.6786,0.460147,14.0476
169,0.0990711,0.0386,0.0478808,0.00834678,0.187904,120,0.24338,0.117252,2.44884,0.460147,14.0476
170,0.213323,0.0386,0.0364246,0.00834678,0.142946,120,0.24338,0.117252,3.21904,0.460147,14.0476
171,0.375213,0.0386,0.0328903,0.00834678,0.129075,120,0.24338,0.117252,3.56495,0.460147,14.0476
172,0.243601,0.0386,0.0272613,0.00834678,0.106985,120,0.24338,0.117252,4.30105,0.460147,14.0476
173,0.22896,0.0386,0.0435747,0.00834678,0.171005,120,0.24338,0.117252,2.69083,0.460147,14.0476
174,0.450392,0.0386,0.0717974,0.00834678,0.281763,120,0.24338,0.117252,1.6331,0.460147,14.0476
175,0.383205,0.0386,0.255028,0.00834678,1.00083,120,0.24338,0.117252,0.459763,0.460147,14.0476
176,0.131908,0.0386,0.279371,0.00834678,1.09637,120,0.24338,0.117252,0.419702,0.460147,14.0476
177,0.176313,0.0386,0.13229,0.00834678,0.519161,120,0.24338,0.117252,0.886329,0.460147,14.0476
178,0.821228,0.0386,0.0473587,0.00834678,0.185856,120,0.24338,0.117252,2.47583,0.460147,14.0476
179,0.236948,0.0386,0.0300323,0.00834678,0.117859,120,0.24338,0.117252,3.90421,0.460147,14.0476
180,0.338683,0.0386,0.0666064,0.00834678,0.261391,120,0.24338,0.117252,1.76038,0.460147,14.0476
181,0.150835,0.0386,0.0317719,0.00834678,0.124686,120,0.24338,0.117252,3.69045,0.460147,14.0476
182,0.460384,0.0386,0.203713,0.00834678,0.799454,120,0.24338,0.117252,0.575577,0.460147,14.0476
183,0.568754,0.0386,0.101462,0.00834678,0.398178,120,0.24338,0.117252,1.15563,0.460147,14.0476
184,0.349364,0.0386,0.0137399,0.00834678,0.0539209,120,0.24338,0.117252,8.53374,0.460147,14.0476
185,0.257991,0.0386,0.094639,0.00834678,0.371403,120,0.24338,0.117252,1.23894,0.460147,14.0476
186,0.33853,0.0386,0.0478012,0.00834678,0.187592,120,0.24338,0.117252,2.45292,0.460147,14.0476
187,0.425134,0.0386,0.0729839,0.00834678,0.286419,120,0.24338,0.117252,1.60655,0.460147,14.0476
188,0.269393,0.0386,0.00840827,0.00834678,0.0329976,120,0.24338,0.117252,13.9449,0.460147,14.0476
189,0.437555,0.0386,0.0455747,0.00834678,0.178854,120,0.24338,0.117252,2.57275,0.460147,14.0476
190,0.34786,0.0386,0.0157696,0.00834678,0.0618865,120,0.24338,0.117252,7.43534,0.460147,14.0476
191,0.134931,0.0386,0.0337365,0.00834678,0.132396,120,0.24338,0.117252,3.47553,0.460147,14.0476
192,0.0903417,0.0386,0.0310668,0.00834678,0.121919,120,0.24338,0.117252,3.7742,0.460147,14.0476
193,0.0776029,0.0386,0.00697869,0.00834678,0.0273873,120,0.24338,0.117252,16.8015,0.460147,14.0476
194,0.21565,0.0386,0.00189893,0.00834678,0.00745218,120,0.24338,0.117252,61.7466,0.460147,14.0476
195,0.955723,0.0386,0.0721109,0.00834678,0.282993,120,0.24338,0.117252,1.626,0.460147,14.0476
196,0.0328815,0.0386,0.0156164,0.00834678,0.0612854,120,0.24338,0.117252,7.50826,0.460147,14.0476
197,0.215996,0.0386,0.0835136,0.00834678,0.327742,120,0.24338,0.117252,1.40399,0.460147,14.0476
198,0.207805,0.0386,0.110127,0.00834678,0.432183,120,0.24338,0.117252,1.0647,0.460147,14.0476
199,0.197047,0.0386,0.00810967,0.00834678,0.0318258,120,0.24338,0.117252,14.4583,0.460147,14.0476
200,0.0341749,0.0386,0.0199358,0.00834678,0.0782366,120,0.24338,0.117252,5.88148,0.460147,14.0476
201,0.286178,0.0386,0.0505916,0.00834678,0.198543,120,0.24338,0.117252,2.31763,0.460147,14.0476
202,0.040537,0.0386,0.0367284,0.00834678,0.144138,120,0.24338,0.117252,3.19242,0.460147,14.0476
203,0.236197,0.0386,0.0231755,0.00834678,0.0909504,120,0.24338,0.117252,5.05932,0.460147,14.0476
204,0.262212,0.0386,0.039418,0.00834678,0.154693,120,0.24338,0.117252,2.97459,0.460147,14.0476
205,0.329765,0.0386,0.061981,0.00834678,0.243239,120,0.24338,0.117252,1.89175,0.460147,14.0476
206,0.22608,0.0386,0.211445,0.00834678,0.8298,120,0.24338,0.117252,0.554528,0.460147,14.0476
207,0.362739,0.0386,0.064921,0.00834678,0.254777,120,0.24338,0.117252,1.80608,0.460147,14.0476
208,0.669052,0.0386,0.00463454,0.00834678,0.0181879,120,0.24338,0.117252,25.2997,0.460147,14.0476
209,0.146216,0.0386,0.0146367,0.00834678,0.0574404,120,0.24338,0.117252,8.01086,0.460147,14.0476
210,0.0939256,0.0386,0.192322,0.00834678,0.754753,120,0.24338,0.117252,0.609666,0.460147,14.0476
211,0.251466,0.0386,0.0794777,0.00834678,0.311904,120,0.24338,0.117252,1.47529,0.460147,14.0476
212,0.318367,0.0386,0.0321746,0.00834678,0.126267,120,0.24338,0.117252,3.64425,0.460147,14.0476
213,0.320744,0.0386,0.0414018,0.00834678,0.162478,120,0.24338,0.117252,2.83206,0.460147,14.0476
214,0.29163,0.0386,0.148095,0.00834678,0.581187,120,0.24338,0.117252,0.791737,0.460147,14.0476
215,0.131146,0.0386,0.0125756,0.00834678,0.0493518,120,0.24338,0.117252,9.32382,0.460147,14.0476
216,0.140989,0.0386,0.0815901,0.00834678,0.320194,120,0.24338,0.117252,1.43709,0.460147,14.0476
217,0.170504,0.0386,0.0197076,0.00834678,0.0773407,120,0.24338,0.117252,5.94961,0.460147,14.0476
218,0.146833,0.0386,0.0193545,0.00834678,0.0759551,120,0.24338,0.117252,6.05815,0.460147,14.0476
219,0.284324,0.0386,0.0532625,0.00834678,0.209024,120,0.24338,0.117252,2.2014,0.460147,14.0476
220,0.788901,0.0386,0.0222054,0.00834678,0.0871434,120,0.24338,0.117252,5.28034,0.460147,14.0476
221,0.691265,0.0386,0.0427214,0.00834678,0.167657,120,0.24338,0.117252,2.74458,0.460147,14.0476
222,0.819223,0.0386,0.0157797,0.00834678,0.061926,120,0.24338,0.117252,7.4306,0.460147,14.0476
223,0.284856,0.0386,0.0269685,0.00834678,0.105836,120,0.24338,0.117252,4.34775,0.460147,14.0476
224,0.204287,0.0386,0.00354669,0.00834678,0.0139187,120,0.24338,0.117252,33.0597,0.460147,14.0476
225,0.422323,0.0386,0.0600949,0.00834678,0.235837,120,0.24338,0.117252,1.95112,0.460147,14.0476
226,0.216161,0.0386,0.0647588,0.00834678,0.25414,120,0.24338,0.117252,1.8106,0.460147,14.0476
227,0.177941,0.0386,0.136515,0.00834678,0.535741,120,0.24338,0.117252,0.858898,0.460147,14.0476
228,0.284345,0.0386,0.15713,0.00834678,0.616642,120,0.24338,0.117252,0.746215,0.460147,14.0476
229,0.182885,0.0386,0.0408355,0.00834678,0.160256,120,0.24338,0.117252,2.87133,0.460147,14.0476
230,0.0653364,0.0386,0.0268402,0.00834678,0.105332,120,0.24338,0.117252,4.36854,0.460147,14.0476
231,0.320879,0.0386,0.0212275,0.00834678,0.0833054,120,0.24338,0.117252,5.52362,0.460147,14.0476
232,0.363027,0.0386,0.029209,0.00834678,0.114628,120,0.24338,0.117252,4.01426,0.460147,14.0476
233,0.574419,0.0386,0.0275924,0.00834678,0.108284,120,0.24338,0.117252,4.24945,0.460147,14.0476
234,0.137093,0.0386,0.0220817,0.00834678,0.0866579,120,0.24338,0.117252,5.30993,0.460147,14.0476
235,0.23308,0.0386,0.0586894,0.00834678,0.230322,120,0.24338,0.117252,1.99784,0.460147,14.0476
236,0.422826,0.0386,0.172619,0.00834678,0.677427,120,0.24338,0.117252,0.679257,0.460147,14.0476
237,0.460667,0.0386,0.0696702,0.00834678,0.273415,120,0.24338,0.117252,1.68296,0.460147,14.0476
238,0.177455,0.0386,0.204751,0.00834678,0.803528,120,0.24338,0.117252,0.572658,0.460147,14.0476
239,0.368664,0.0386,0.00378408,0.00834678,0.0148503,120,0.24338,0.117252,30.9857,0.460147,14.0476
240,0.079742,0.0386,0.129898,0.00834678,0.509776,120,0.24338,0.117252,0.902646,0.460147,14.0476
241,0.398992,0.0386,0.0411509,0.00834678,0.161493,120,0.24338,0.117252,2.84933,0.460147,14.0476
242,0.317075,0.0386,0.0181542,0.00834678,0.0712446,120,0.24338,0.117252,6.45869,0.460147,14.0476
243,0.243607,0.0386,0.0206231,0.00834678,0.0809337,120,0.24338,0.117252,5.68549,0.460147,14.0476
244,0.0785427,0.0386,0.0411373,0.00834678,0.16144,120,0.24338,0.117252,2.85027,0.460147,14.0476
245,0.155407,0.0386,0.0204786,0.00834678,0.0803664,120,0.24338,0.117252,5.72562,0.460147,14.0476
246,0.173981,0.0386,0.029116,0.00834678,0.114263,120,0.24338,0.117252,4.02708,0.460147,14.0476
247,0.170715,0.0386,0.0220241,0.00834678,0.0864317,120,0.24338,0.117252,5.32382,0.460147,14.0476
248,0.163503,0.0386,0.0467668,0.00834678,0.183533,120,0.24338,0.117252,2.50717,0.460147,14.0476
249,0.304275,0.0386,0.0359651,0.00834678,0.141142,120,0.24338,0.117252,3.26017,0.460147,14.0476
250,0.167828,0.0386,0.0221879,0.00834678,0.0870746,120,0.24338,0.117252,5.28452,0.460147,14.0476
251,0.401779,0.0386,0.00446956,0.00834678,0.0175404,120,0.24338,0.117252,26.2335,0.460147,14.0476
252,0.205283,0.0386,0.0442189,0.00834678,0.173533,120,0.24338,0.117252,2.65164,0.460147,14.0476
253,0.115469,0.0386,0.0419319,0.00834678,0.164558,120,0.24338,0.117252,2.79626,0.460147,14.0476
254,0.115557,0.0386,0.0187439,0.00834678,0.0735589,120,0.24338,0.117252,6.25549,0.460147,14.0476
255,0.292816,0.0386,0.0151917,0.00834678,0.0596186,120,0.24338,0.117252,7.71818,0.460147,14.0476
256,0.118238,0.0386,0.0617034,0.00834678,0.24215,120,0.24338,0.117252,1.90026,0.460147,14.0476
257,0.192525,0.0386,0.0208849,0.00834678,0.0819611,120,0.24338,0.117252,5.61421,0.460147,14.0476
258,0.165612,0.0386,0.165125,0.00834678,0.648021,120,0.24338,0.117252,0.71008,0.460147,14.0476
259,0.103764,0.0386,0.178949,0.00834678,0.702271,120,0.24338,0.117252,0.655227,0.460147,14.0476
260,0.372835,0.0386,0.0125506,0.00834678,0.0492539,120,0.24338,0.117252,9.34235,0.460147,14.0476
261,0.356335,0.0386,0.0263984,0.00834678,0.103598,120,0.24338,0.117252,4.44165,0.460147,14.0476
262,0.218826,0.0386,0.0150905,0.00834678,0.0592215,120,0.24338,0.117252,7.76994,0.460147,14.0476
263,0.081617,0.0386,0.233675,0.00834678,0.917039,120,0.24338,0.117252,0.501775,0.460147,14.0476
264,0.33036,0.0386,0.044814,0.00834678,0.175869,120,0.24338,0.117252,2.61642,0.460147,14.0476
265,0.257048,0.0386,0.0296875,0.00834678,0.116506,120,0.24338,0.117252,3.94956,0.460147,14.0476
266,0.497632,0.0386,0.0262825,0.00834678,0.103144,120,0.24338,0.117252,4.46123,0.460147,14.0476
267,0.143179,0.0386,0.0501316,0.00834678,0.196738,120,0.24338,0.117252,2.33889,0.460147,14.0476
268,0.075557,0.0386,0.00967799,0.00834678,0.0379805,120,0.24338,0.117252,12.1154,0.460147,14.0476
269,0.155833,0.0386,0.0698546,0.00834678,0.274139,120,0.24338,0.117252,1.67852,0.460147,14.0476
270,0.333666,0.0386,0.163807,0.00834678,0.642848,120,0.24338,0.117252,0.715795,0.460147,14.0476
271,0.183406,0.0386,0.0193182,0.00834678,0.0758128,120,0.24338,0.117252,6.06952,0.460147,14.0476
272,0.0445812,0.0386,0.0123448,0.00834678,0.048446,120,0.24338,0.117252,9.49814,0.460147,14.0476
273,0.532821,0.0386,0.0222815,0.00834678,0.087442,120,0.24338,0.117252,5.26231,0.460147,14.0476
274,0.174111,0.0386,0.0310339,0.00834678,0.12179,120,0.24338,0.117252,3.7782,0.460147,14.0476
275,0.224874,0.0386,0.014705,0.00834678,0.0577084,120,0.24338,0.117252,7.97365,0.460147,14.0476
276,0.318162,0.0386,0.00944698,0.00834678,0.0370739,120,0.24338,0.117252,12.4116,0.460147,14.0476
277,0.0486797,0.0386,0.0869358,0.00834678,0.341172,120,0.24338,0.117252,1.34872,0.460147,14.0476
278,0.184227,0.0386,0.0521264,0.00834678,0.204566,120,0.24338,0.117252,2.24938,0.460147,14.0476
279,0.107232,0.0386,0.00944803,0.00834678,0.037078,120,0.24338,0.117252,12.4102,0.460147,14.0476
280,0.139339,0.0386,0.130858,0.00834678,0.513543,120,0.24338,0.117252,0.896024,0.460147,14.0476
281,0.354207,0.0386,0.114505,0.00834678,0.449367,120,0.24338,0.117252,1.02399,0.460147,14.0476
282,0.182124,0.0386,0.0412139,0.00834678,0.161741,120,0.24338,0.117252,2.84497,0.460147,14.0476
283,0.289765,0.0386,0.13782,0.00834678,0.540865,120,0.24338,0.117252,0.850762,0.460147,14.0476
284,0.142959,0.0386,0.0065703,0.00834678,0.0257846,120,0.24338,0.117252,17.8458,0.460147,14.0476
285,0.242129,0.0386,0.0134545,0.00834678,0.052801,120,0.24338,0.117252,8.71475,0.460147,14.0476
286,0.240727,0.0386,0.209938,0.00834678,0.823886,120,0.24338,0.117252,0.558508,0.460147,14.0476
287,0.306461,0.0386,0.0598818,0.00834678,0.235001,120,0.24338,0.117252,1.95806,0.460147,14.0476
288,0.30998,0.0386,0.212508,0.00834678,0.83397,120,0.24338,0.117252,0.551755,0.460147,14.0476
289,0.037351,0.0386,0.0381241,0.00834678,0.149615,120,0.24338,0.117252,3.07554,0.460147,14.0476
290,0.717262,0.0386,0.0284488,0.00834678,0.111645,120,0.24338,0.117252,4.12153,0.460147,14.0476
291,0.0966413,0.0386,0.0392568,0.00834678,0.15406,120,0.24338,0.117252,2.98681,0.460147,14.0476
292,0.135672,0.0386,0.0786166,0.00834678,0.308524,120,0.24338,0.117252,1.49145,0.460147,14.0476
293,0.176179,0.0386,0.0201912,0.00834678,0.0792386,120,0.24338,0.117252,5.80711,0.460147,14.0476
294,0.326095,0.0386,0.0156826,0.00834678,0.0615452,120,0.24338,0.117252,7.47658,0.460147,14.0476
295,0.240494,0.0386,0.0792232,0.00834678,0.310905,120,0.24338,0.117252,1.48002,0.460147,14.0476
296,0.526382,0.0386,0.0424229,0.00834678,0.166485,120,0.24338,0.117252,2.76389,0.460147,14.0476
297,0.0310381,0.0386,0.0990119,0.00834678,0.388564,120,0.24338,0.117252,1.18422,0.460147,14.0476
298,0.415467,0.0386,0.0454904,0.00834678,0.178523,120,0.24338,0.117252,2.57752,0.460147,14.0476
299,0.247548,0.0386,0.0293486,0.00834678,0.115176,120,0.24338,0.117252,3.99516,0.460147,14.0476
300,0.213385,0.0386,0.0350119,0.00834678,0.137401,120,0.24338,0.117252,3.34893,0.460147,14.0476
301,0.0787115,0.0386,0.0622012,0.00834678,0.244104,120,0.24338,0.117252,1.88505,0.460147,14.0476
302,0.243976,0.0386,0.0189931,0.00834678,0.0745367,120,0.24338,0.117252,6.17343,0.460147,14.0476
303,0.278891,0.0386,0.00452285,0.00834678,0.0177496,120,0.24338,0.117252,25.9244,0.460147,14.0476
304,0.536978,0.0386,0.21829,0.00834678,0.856662,120,0.24338,0.117252,0.537139,0.460147,14.0476
305,0.481976,0.0386,0.0150306,0.00834678,0.0589865,120,0.24338,0.117252,7.80089,0.460147,14.0476
306,0.215368,0.0386,0.0268439,0.00834678,0.105347,120,0.24338,0.117252,4.36793,0.460147,14.0476
307,0.104752,0.0386,0.137764,0.00834678,0.540644,120,0.24338,0.117252,0.851109,0.460147,14.0476
308,0.444566,0.0386,0.0137966,0.00834678,0.0541437,120,0.24338,0.117252,8.49863,0.460147,14.0476
309,0.466637,0.0386,0.115697,0.00834678,0.454043,120,0.24338,0.117252,1.01344,0.460147,14.0476
310,0.482554,0.0386,0.0589824,0.00834678,0.231472,120,0.24338,0.117252,1.98792,0.460147,14.0476
311,0.172791,0.0386,0.168209,0.00834678,0.660122,120,0.24338,0.117252,0.697064,0.460147,14.0476
312,0.0477044,0.0386,0.0124472,0.00834678,0.0488479,120,0.24338,0.117252,9.42001,0.460147,14.0476
313,0.591019,0.0386,0.326322,0.00834678,1.28063,120,0.24338,0.117252,0.359315,0.460147,14.0476
314,0.329436,0.0386,0.0210615,0.00834678,0.082654,120,0.24338,0.117252,5.56715,0.460147,14.0476
315,0.445241,0.0386,0.0271084,0.00834678,0.106385,120,0.24338,0.117252,4.32531,0.460147,14.0476
316,0.150322,0.0386,0.0470022,0.00834678,0.184456,120,0.24338,0.117252,2.49461,0.460147,14.0476
317,0.469976,0.0386,0.0233776,0.00834678,0.0917435,120,0.24338,0.117252,5.01558,0.460147,14.0476
318,0.0276619,0.0386,0.218531,0.00834678,0.857609,120,0.24338,0.117252,0.536547,0.460147,14.0476
319,0.330426,0.0386,0.144149,0.00834678,0.565701,120,0.24338,0.117252,0.813411,0.460147,14.0476
320,0.37311,0.0386,0.0495076,0.00834678,0.194288,120,0.24338,0.117252,2.36837,0.460147,14.0476
321,1.05086,0.0386,0.0238294,0.00834678,0.0935166,120,0.24338,0.117252,4.92049,0.460147,14.0476
322,0.127777,0.0386,0.00432773,0.00834678,0.0169838,120,0.24338,0.117252,27.0933,0.460147,14.0476
323,0.186811,0.0386,0.016589,0.00834678,0.0651023,120,0.24338,0.117252,7.06806,0.460147,14.0476
324,0.0692775,0.0386,0.135501,0.00834678,0.531763,120,0.24338,0.117252,0.865323,0.460147,14.0476
325,0.225537,0.0386,0.0908214,0.00834678,0.356421,120,0.24338,0.117252,1.29102,0.460147,14.0476
326,0.554962,0.0386,0.00912044,0.00834678,0.0357924,120,0.24338,0.117252,12.856,0.460147,14.0476
327,0.14358,0.0386,0.0911333,0.00834678,0.357645,120,0.24338,0.117252,1.2866,0.460147,14.0476
328,0.430381,0.0386,0.0069673,0.00834678,0.0273426,120,0.24338,0.117252,16.8289,0.460147,14.0476
329,0.225697,0.0386,0.0164716,0.00834678,0.0646413,120,0.24338,0.117252,7.11847,0.460147,14.0476
330,0.178391,0.0386,0.0663797,0.00834678,0.260502,120,0.24338,0.117252,1.76639,0.460147,14.0476
331,0.233829,0.0386,0.053135,0.00834678,0.208524,120,0.24338,0.117252,2.20669,0.460147,14.0476
332,0.411571,0.0386,0.085864,0.00834678,0.336966,120,0.24338,0.117252,1.36556,0.460147,14.0476
333,0.244636,0.0386,0.0192276,0.00834678,0.0754572,120,0.24338,0.117252,6.09812,0.460147,14.0476
334,0.266129,0.0386,0.0132829,0.00834678,0.0521276,120,0.24338,0.117252,8.82732,0.460147,14.0476
335,0.0642219,0.0386,0.00519701,0.00834678,0.0203952,120,0.24338,0.117252,22.5615,0.460147,14.0476
336,0.239489,0.0386,0.0142631,0.00834678,0.0559744,120,0.24338,0.117252,8.22067,0.460147,14.0476
337,0.309235,0.0386,0.0544562,0.00834678,0.213709,120,0.24338,0.117252,2.15315,0.460147,14.0476
338,0.104651,0.0386,0.00979365,0.00834678,0.0384344,120,0.24338,0.117252,11.9723,0.460147,14.0476
339,0.42587,0.0386,0.0523468,0.00834678,0.205431,120,0.24338,0.117252,2.23991,0.460147,14.0476
340,0.109277,0.0386,0.260463,0.00834678,1.02217,120,0.24338,0.117252,0.450168,0.460147,14.0476
341,0.130651,0.0386,0.184653,0.00834678,0.724658,120,0.24338,0.117252,0.634986,0.460147,14.0476
342,0.0653377,0.0386,0.0995397,0.00834678,0.390635,120,0.24338,0.117252,1.17795,0.460147,14.0476
343,0.148744,0.0386,0.0138092,0.00834678,0.0541931,120,0.24338,0.117252,8.49089,0.460147,14.0476
344,0.192081,0.0386,0.115267,0.00834678,0.452356,120,0.24338,0.117252,1.01722,0.460147,14.0476
345,0.139157,0.0386,0.0504333,0.00834678,0.197921,120,0.24338,0.117252,2.3249,0.460147,14.0476
346,0.37552,0.0386,0.0167669,0.00834678,0.0658004,120,0.24338,0.117252,6.99308,0.460147,14.0476
347,0.180595,0.0386,0.0614801,0.00834678,0.241274,120,0.24338,0.117252,1.90716,0.460147,14.0476
348,0.163736,0.0386,0.0126561,0.00834678,0.0496678,120,0.24338,0.117252,9.26451,0.460147,14.0476
349,0.354357,0.0386,0.0468898,0.00834678,0.184015,120,0.24338,0.117252,2.5006,0.460147,14.0476
350,0.179424,0.0386,0.0198293,0.00834678,0.0778183,120,0.24338,0.117252,5.9131,0.460147,14.0476
351,0.223286,0.0386,0.00424847,0.00834678,0.0166728,120,0.24338,0.117252,27.5987,0.460147,14.0476
352,0.0794121,0.0386,0.0397316,0.00834678,0.155923,120,0.24338,0.117252,2.95111,0.460147,14.0476
353,0.0863759,0.0386,0.134462,0.00834678,0.527684,120,0.24338,0.117252,0.872013,0.460147,14.0476
354,0.341033,0.0386,0.0442001,0.00834678,0.17346,120,0.24338,0.117252,2.65276,0.460147,14.0476
355,0.816863,0.0386,0.0305705,0.00834678,0.119972,120,0.24338,0.117252,3.83547,0.460147,14.0476
356,0.99512,0.0386,0.0806603,0.00834678,0.316545,120,0.24338,0.117252,1.45366,0.460147,14.0476
357,0.107621,0.0386,0.0652994,0.00834678,0.256262,120,0.24338,0.117252,1.79561,0.460147,14.0476
358,0.232914,0.0386,0.0204868,0.00834678,0.080399,120,0.24338,0.117252,5.7233,0.460147,14.0476
359,0.120388,0.0386,0.0356383,0.00834678,0.139859,120,0.24338,0.117252,3.29007,0.460147,14.0476
360,0.810671,0.0386,0.202333,0.00834678,0.794039,120,0.24338,0.117252,0.579502,0.460147,14.0476
361,0.273971,0.0386,0.330241,0.00834678,1.29601,120,0.24338,0.117252,0.35505,0.460147,14.0476
362,0.276967,0.0386,0.0391852,0.00834678,0.153779,120,0.24338,0.117252,2.99226,0.460147,14.0476
363,0.217448,0.0386,0.19631,0.00834678,0.770403,120,0.24338,0.117252,0.597281,0.460147,14.0476
364,0.142287,0.0386,0.0574667,0.00834678,0.225524,120,0.24338,0.117252,2.04035,0.460147,14.0476
365,0.212997,0.0386,0.0877042,0.00834678,0.344188,120,0.24338,0.117252,1.33691,0.460147,14.0476
366,0.534538,0.0386,0.254153,0.00834678,0.997401,120,0.24338,0.117252,0.461346,0.460147,14.0476
367,0.0555143,0.0386,0.0594032,0.00834678,0.233123,120,0.24338,0.117252,1.97384,0.460147,14.0476
368,0.224871,0.0386,0.0642195,0.00834678,0.252024,120,0.24338,0.117252,1.8258,0.460147,14.0476
369,0.298044,0.0386,0.00799178,0.00834678,0.0313631,120,0.24338,0.117252,14.6716,0.460147,14.0476
370,0.469348,0.0386,0.0802314,0.00834678,0.314861,120,0.24338,0.117252,1.46143,0.460147,14.0476
371,0.0740095,0.0386,0.01269,0.00834678,0.0498009,120,0.24338,0.117252,9.23973,0.460147,14.0476
372,0.140252,0.0386,0.0384343,0.00834678,0.150832,120,0.24338,0.117252,3.05072,0.460147,14.0476
373,0.128823,0.0386,0.259599,0.00834678,1.01878,120,0.24338,0.117252,0.451667,0.460147,14.0476
374,0.456764,0.0386,0.0618775,0.00834678,0.242833,120,0.24338,0.117252,1.89491,0.460147,14.0476
375,0.493878,0.0386,0.109682,0.00834678,0.430436,120,0.24338,0.117252,1.06902,0.460147,14.0476
376,0.340873,0.0386,0.0133565,0.00834678,0.0524166,120,0.24338,0.117252,8.77866,0.460147,14.0476
377,0.16581,0.0386,0.150999,0.00834678,0.592584,120,0.24338,0.117252,0.77651,0.460147,14.0476
378,0.886182,0.0386,0.0459636,0.00834678,0.18038,120,0.24338,0.117252,2.55098,0.460147,14.0476
379,0.452844,0.0386,0.126827,0.00834678,0.497723,120,0.24338,0.117252,0.924505,0.460147,14.0476
380,0.130283,0.0386,0.17573,0.00834678,0.68964,120,0.24338,0.117252,0.667228,0.460147,14.0476
381,0.478656,0.0386,0.0170255,0.00834678,0.0668151,120,0.24338,0.117252,6.88687,0.460147,14.0476
382,0.179697,0.0386,0.0619255,0.00834678,0.243021,120,0.24338,0.117252,1.89344,0.460147,14.0476
383,0.413394,0.0386,0.0119966,0.00834678,0.0470796,120,0.24338,0.117252,9.77381,0.460147,14.0476
384,0.25166,0.0386,0.0311833,0.00834678,0.122376,120,0.24338,0.117252,3.7601,0.460147,14.0476
385,0.301833,0.0386,0.0367276,0.00834678,0.144134,120,0.24338,0.117252,3.19249,0.460147,14.0476
386,0.219861,0.0386,0.00654216,0.00834678,0.0256742,120,0.24338,0.117252,17.9226,0.460147,14.0476
387,0.336219,0.0386,0.0510263,0.00834678,0.200249,120,0.24338,0.117252,2.29788,0.460147,14.0476
388,0.0971363,0.0386,0.0628682,0.00834678,0.246721,120,0.24338,0.117252,1.86505,0.460147,14.0476
389,0.110405,0.0386,0.0983513,0.00834678,0.385972,120,0.24338,0.117252,1.19218,0.460147,14.0476
390,0.872262,0.0386,0.0750631,0.00834678,0.294579,120,0.24338,0.117252,1.56205,0.460147,14.0476
391,0.204397,0.0386,0.0426399,0.00834678,0.167337,120,0.24338,0.117252,2.74983,0.460147,14.0476
392,0.136183,0.0386,0.0299614,0.00834678,0.117581,120,0.24338,0.117252,3.91345,0.460147,14.0476
393,0.151034,0.0386,0.0894786,0.00834678,0.351152,120,0.24338,0.117252,1.3104,0.460147,14.0476
394,0.368657,0.0386,0.163212,0.00834678,0.640512,120,0.24338,0.117252,0.718405,0.460147,14.0476
395,0.416078,0.0386,0.0921952,0.00834678,0.361813,120,0.24338,0.117252,1.27178,0.460147,14.0476
396,0.0946756,0.0386,0.0365246,0.00834678,0.143338,120,0.24338,0.117252,3.21023,0.460147,14.0476
397,0.953743,0.0386,0.0323654,0.00834678,0.127015,120,0.24338,0.117252,3.62277,0.460147,14.0476
398,0.287981,0.0386,0.0590086,0.00834678,0.231575,120,0.24338,0.117252,1.98704,0.460147,14.0476
399,0.175332,0.0386,0.0711375,0.00834678,0.279173,120,0.24338,0.117252,1.64825,0.460147,14.0476
400,0.092275,0.0386,0.0303211,0.00834678,0.118993,120,0.24338,0.117252,3.86702,0.460147,14.0476
401,0.268139,0.0386,0.00698073,0.00834678,0.0273953,120,0.24338,0.117252,16.7966,0.460147,14.0476
402,0.624918,0.0386,0.0589778,0.00834678,0.231453,120,0.24338,0.117252,1.98808,0.460147,14.0476
403,0.258138,0.0386,0.0222938,0.00834678,0.0874901,120,0.24338,0.117252,5.25942,0.460147,14.0476
404,0.132362,0.0386,0.118762,0.00834678,0.466072,120,0.24338,0.117252,0.987287,0.460147,14.0476
405,0.16361,0.0386,0.0131612,0.00834678,0.0516499,120,0.24338,0.117252,8.90896,0.460147,14.0476
406,0.651088,0.0386,0.0657537,0.00834678,0.258045,120,0.24338,0.117252,1.78321,0.460147,14.0476
407,0.110806,0.0386,0.0305608,0.00834678,0.119933,120,0.24338,0.117252,3.83669,0.460147,14.0476
408,0.217563,0.0386,0.065346,0.00834678,0.256445,120,0.24338,0.117252,1.79433,0.460147,14.0476
409,0.592374,0.0386,0.0428783,0.00834678,0.168272,120,0.24338,0.117252,2.73454,0.460147,14.0476
410,0.245417,0.0386,0.00620421,0.00834678,0.0243479,120,0.24338,0.117252,18.8988,0.460147,14.0476
411,0.201879,0.0386,0.104797,0.00834678,0.411266,120,0.24338,0.117252,1.11886,0.460147,14.0476
412,0.105649,0.0386,0.0591606,0.00834678,0.232171,120,0.24338,0.117252,1.98193,0.460147,14.0476
413,0.365194,0.0386,0.0285246,0.00834678,0.111942,120,0.24338,0.117252,4.11057,0.460147,14.0476
414,0.508903,0.0386,0.00616449,0.00834678,0.0241921,120,0.24338,0.117252,19.0206,0.460147,14.0476
415,0.338985,0.0386,0.107948,0.00834678,0.423635,120,0.24338,0.117252,1.08619,0.460147,14.0476
416,0.157107,0.0386,0.0550416,0.00834678,0.216006,120,0.24338,0.117252,2.13025,0.460147,14.0476
417,0.272117,0.0386,0.0753309,0.00834678,0.29563,120,0.24338,0.117252,1.5565,0.460147,14.0476
418,0.265811,0.0386,0.031399,0.00834678,0.123223,120,0.24338,0.117252,3.73427,0.460147,14.0476
419,0.131128,0.0386,0.121643,0.00834678,0.477379,120,0.24338,0.117252,0.963904,0.460147,14.0476
420,0.395295,0.0386,0.0207113,0.00834678,0.0812796,120,0.24338,0.117252,5.66128,0.460147,14.0476
421,0.111444,0.0386,0.204756,0.00834678,0.803547,120,0.24338,0.117252,0.572645,0.460147,14.0476
422,0.224151,0.0386,0.132306,0.00834678,0.519226,120,0.24338,0.117252,0.886218,0.460147,14.0476
423,0.154023,0.0386,0.0262264,0.00834678,0.102923,120,0.24338,0.117252,4.47078,0.460147,14.0476
424,0.529359,0.0386,0.0825047,0.00834678,0.323783,120,0.24338,0.117252,1.42116,0.460147,14.0476
425,0.357395,0.0386,0.0512052,0.00834678,0.200951,120,0.24338,0.117252,2.28985,0.460147,14.0476
426,0.10399,0.0386,0.0125637,0.00834678,0.0493051,120,0.24338,0.117252,9.33265,0.460147,14.0476
427,0.522337,0.0386,0.0329591,0.00834678,0.129345,120,0.24338,0.117252,3.55751,0.460147,14.0476
428,0.126205,0.0386,0.0819785,0.00834678,0.321718,120,0.24338,0.117252,1.43028,0.460147,14.0476
429,0.250191,0.0386,0.0722217,0.00834678,0.283428,120,0.24338,0.117252,1.62351,0.460147,14.0476
430,0.289045,0.0386,0.0563834,0.00834678,0.221272,120,0.24338,0.117252,2.07955,0.460147,14.0476
431,0.262624,0.0386,0.00613492,0.00834678,0.024076,120,0.24338,0.117252,19.1123,0.460147,14.0476
432,0.184747,0.0386,0.00785489,0.00834678,0.0308259,120,0.24338,0.117252,14.9273,0.460147,14.0476
433,0.250253,0.0386,0.205219,0.00834678,0.805367,120,0.24338,0.117252,0.571351,0.460147,14.0476
434,0.237891,0.0386,0.0317242,0.00834678,0.124499,120,0.24338,0.117252,3.69599,0.460147,14.0476
435,0.289965,0.0386,0.073182,0.00834678,0.287197,120,0.24338,0.117252,1.6022,0.460147,14.0476
436,0.322525,0.0386,0.0238232,0.00834678,0.093492,120,0.24338,0.117252,4.92178,0.460147,14.0476
437,0.431101,0.0386,0.284158,0.00834678,1.11516,120,0.24338,0.117252,0.41263,0.460147,14.0476
438,0.145905,0.0386,0.296626,0.00834678,1.16408,120,0.24338,0.117252,0.395287,0.460147,14.0476
439,0.114847,0.0386,0.0464708,0.00834678,0.182371,120,0.24338,0.117252,2.52314,0.460147,14.0476
440,0.258174,0.0386,0.00573822,0.00834678,0.0225192,120,0.24338,0.117252,20.4336,0.460147,14.0476
441,0.237371,0.0386,0.0507919,0.00834678,0.199329,120,0.24338,0.117252,2.30849,0.460147,14.0476
442,0.161132,0.0386,0.340204,0.00834678,1.3351,120,0.24338,0.117252,0.344653,0.460147,14.0476
443,0.164989,0.0386,0.0169699,0.00834678,0.0665972,120,0.24338,0.117252,6.90941,0.460147,14.0476
444,0.233603,0.0386,0.0315647,0.00834678,0.123873,120,0.24338,0.117252,3.71467,0.460147,14.0476
445,0.167244,0.0386,0.0145993,0.00834678,0.0572937,120,0.24338,0.117252,8.03137,0.460147,14.0476
446,0.290849,0.0386,0.0794545,0.00834678,0.311813,120,0.24338,0.117252,1.47572,0.460147,14.0476
447,0.384165,0.0386,0.0191496,0.00834678,0.0751512,120,0.24338,0.117252,6.12296,0.460147,14.0476
448,0.198166,0.0386,0.285199,0.00834678,1.11924,120,0.24338,0.117252,0.411124,0.460147,14.0476
449,0.210305,0.0386,0.0105669,0.00834678,0.041469,120,0.24338,0.117252,11.0962,0.460147,14.0476
450,0.121034,0.0386,0.00665543,0.00834678,0.0261187,120,0.24338,0.117252,17.6175,0.460147,14.0476
451,0.275311,0.0386,0.193643,0.00834678,0.759938,120,0.24338,0.117252,0.605506,0.460147,14.0476
452,0.376461,0.0386,0.0302216,0.00834678,0.118602,120,0.24338,0.117252,3.87976,0.460147,14.0476
453,0.41085,0.0386,0.0509958,0.00834678,0.200129,120,0.24338,0.117252,2.29925,0.460147,14.0476
454,0.337701,0.0386,0.0737528,0.00834678,0.289437,120,0.24338,0.117252,1.5898,0.460147,14.0476
455,0.367531,0.0386,0.0161439,0.00834678,0.0633555,120,0.24338,0.117252,7.26294,0.460147,14.0476
456,0.183653,0.0386,0.0771916,0.00834678,0.302932,120,0.24338,0.117252,1.51898,0.460147,14.0476
457,0.642712,0.0386,0.294264,0.00834678,1.15481,120,0.24338,0.117252,0.39846,0.460147,14.0476
458,0.516646,0.0386,0.0853072,0.00834678,0.334781,120,0.24338,0.117252,1.37447,0.460147,14.0476
459,0.186599,0.0386,0.0415384,0.00834678,0.163014,120,0.24338,0.117252,2.82275,0.460147,14.0476
460,0.221501,0.0386,0.0455239,0.00834678,0.178655,120,0.24338,0.117252,2.57562,0.460147,14.0476
461,0.395441,0.0386,0.284791,0.00834678,1.11764,120,0.24338,0.117252,0.411714,0.460147,14.0476
462,0.232201,0.0386,0.0109834,0.00834678,0.0431034,120,0.24338,0.117252,10.6754,0.460147,14.0476
463,0.134781,0.0386,0.0936553,0.00834678,0.367543,120,0.24338,0.117252,1.25196,0.460147,14.0476
464,0.372848,0.0386,0.018467,0.00834678,0.0724722,120,0.24338,0.117252,6.34929,0.460147,14.0476
465,0.151018,0.0386,0.114892,0.00834678,0.450883,120,0.24338,0.117252,1.02055,0.460147,14.0476
466,0.202167,0.0386,0.0701887,0.00834678,0.27545,120,0.24338,0.117252,1.67053,0.460147,14.0476
467,0.614659,0.0386,0.443388,0.00834678,1.74004,120,0.24338,0.117252,0.264446,0.460147,14.0476
468,0.104447,0.0386,0.0476409,0.00834678,0.186963,120,0.24338,0.117252,2.46117,0.460147,14.0476
469,0.0442762,0.0386,0.127584,0.00834678,0.500695,120,0.24338,0.117252,0.919017,0.460147,14.0476
470,0.201391,0.0386,0.0747543,0.00834678,0.293367,120,0.24338,0.117252,1.5685,0.460147,14.0476
471,0.0479509,0.0386,0.0123251,0.00834678,0.0483687,120,0.24338,0.117252,9.51332,0.460147,14.0476
472,0.199728,0.0386,0.0142463,0.00834678,0.0559086,120,0.24338,0.117252,8.23034,0.460147,14.0476
473,0.682327,0.0386,0.0552847,0.00834678,0.21696,120,0.24338,0.117252,2.12088,0.460147,14.0476
474,0.343916,0.0386,0.0734232,0.00834678,0.288143,120,0.24338,0.117252,1.59694,0.460147,14.0476
475,0.285005,0.0386,0.039153,0.00834678,0.153653,120,0.24338,0.117252,2.99472,0.460147,14.0476
476,0.439523,0.0386,0.0293573,0.00834678,0.115211,120,0.24338,0.117252,3.99397,0.460147,14.0476
477,0.0614774,0.0386,0.108039,0.00834678,0.423991,120,0.24338,0.117252,1.08528,0.460147,14.0476
478,0.0825075,0.0386,0.125712,0.00834678,0.493348,120,0.24338,0.117252,0.932703,0.460147,14.0476
479,0.0683368,0.0386,0.254724,0.00834678,0.999645,120,0.24338,0.117252,0.460311,0.460147,14.0476
480,0.39574,0.0386,0.0347081,0.00834678,0.136209,120,0.24338,0.117252,3.37824,0.460147,14.0476
481,0.133373,0.0386,0.0408638,0.00834678,0.160367,120,0.24338,0.117252,2.86935,0.460147,14.0476
482,0.443191,0.0386,0.0276281,0.00834678,0.108424,120,0.24338,0.117252,4.24395,0.460147,14.0476
483,0.410724,0.0386,0.0795626,0.00834678,0.312237,120,0.24338,0.117252,1.47371,0.460147,14.0476
484,0.730517,0.0386,0.0679613,0.00834678,0.266708,120,0.24338,0.117252,1.72528,0.460147,14.0476
485,0.438834,0.0386,0.0320406,0.00834678,0.125741,120,0.24338,0.117252,3.65949,0.460147,14.0476
486,0.441198,0.0386,0.0649814,0.00834678,0.255014,120,0.24338,0.117252,1.8044,0.460147,14.0476
487,0.20453,0.0386,0.0327387,0.00834678,0.12848,120,0.24338,0.117252,3.58146,0.460147,14.0476
488,0.263722,0.0386,0.438421,0.00834678,1.72055,120,0.24338,0.117252,0.267442,0.460147,14.0476
489,0.162749,0.0386,0.075797,0.00834678,0.297459,120,0.24338,0.117252,1.54693,0.460147,14.0476
490,0.432851,0.0386,0.105346,0.00834678,0.41342,120,0.24338,0.117252,1.11303,0.460147,14.0476
491,0.364963,0.0386,0.0199075,0.00834678,0.0781253,120,0.24338,0.117252,5.88986,0.460147,14.0476
492,0.271826,0.0386,0.0170703,0.00834678,0.066991,120,0.24338,0.117252,6.86879,0.460147,14.0476
493,0.0789777,0.0386,0.0779834,0.00834678,0.306039,120,0.24338,0.117252,1.50356,0.460147,14.0476
494,0.28353,0.0386,0.0865844,0.00834678,0.339793,120,0.24338,0.117252,1.3542,0.460147,14.0476
495,0.0631443,0.0386,0.166164,0.00834678,0.652097,120,0.24338,0.117252,0.705642,0.460147,14.0476
496,0.0847297,0.0386,0.0689761,0.00834678,0.270691,120,0.24338,0.117252,1.6999,0.460147,14.0476
497,0.257975,0.0386,0.00593401,0.00834678,0.0232875,120,0.24338,0.117252,19.7594,0.460147,14.0476
498,0.112981,0.0386,0.124029,0.00834678,0.48674,120,0.24338,0.117252,0.945366,0.460147,14.0476
499,0.0922019,0.0386,0.090847,0.00834678,0.356522,120,0.24338,0.117252,1.29066,0.460147,14.0476
