PID,i_lum_F1_indiv,i_lum_k12(KA),i_lum_k23(Q/V),i_lum_k32(Q/VP),i_lum_k20(CL/V),total_mg_dose_per_occassion,DS,Q,V,CL,VP
0,0.143904,0.0386,0.00399913,0.00590206,0.0156943,480,0.24338,0.33164,82.9279,1.30149,56.1905
1,0.0756251,0.0386,0.0109627,0.00590206,0.0430221,480,0.24338,0.33164,30.2517,1.30149,56.1905
2,0.123315,0.0386,0.00699678,0.00590206,0.0274583,480,0.24338,0.33164,47.3989,1.30149,56.1905
3,0.296683,0.0386,0.0145454,0.00590206,0.0570822,480,0.24338,0.33164,22.8003,1.30149,56.1905
4,0.0761613,0.0386,0.128144,0.00590206,0.502889,480,0.24338,0.33164,2.58803,1.30149,56.1905
5,0.101414,0.0386,0.0466422,0.00590206,0.183043,480,0.24338,0.33164,7.1103,1.30149,56.1905
6,0.289128,0.0386,0.00645745,0.00590206,0.0253417,480,0.24338,0.33164,51.3577,1.30149,56.1905
7,0.321208,0.0386,0.153869,0.00590206,0.603845,480,0.24338,0.33164,2.15534,1.30149,56.1905
8,0.303847,0.0386,0.0613548,0.00590206,0.240782,480,0.24338,0.33164,5.40528,1.30149,56.1905
9,0.37981,0.0386,0.0783684,0.00590206,0.30755,480,0.24338,0.33164,4.2318,1.30149,56.1905
10,0.165783,0.0386,0.0235042,0.00590206,0.0922404,480,0.24338,0.33164,14.1098,1.30149,56.1905
11,0.170864,0.0386,0.0312384,0.00590206,0.122593,480,0.24338,0.33164,10.6164,1.30149,56.1905
12,0.226394,0.0386,0.0788791,0.00590206,0.309555,480,0.24338,0.33164,4.20441,1.30149,56.1905
13,0.203206,0.0386,0.00988003,0.00590206,0.0387734,480,0.24338,0.33164,33.5667,1.30149,56.1905
14,0.239126,0.0386,0.0112333,0.00590206,0.0440843,480,0.24338,0.33164,29.5228,1.30149,56.1905
15,0.504253,0.0386,0.122423,0.00590206,0.48044,480,0.24338,0.33164,2.70896,1.30149,56.1905
16,0.132265,0.0386,0.0891551,0.00590206,0.349882,480,0.24338,0.33164,3.71981,1.30149,56.1905
17,0.182032,0.0386,0.0864957,0.00590206,0.339445,480,0.24338,0.33164,3.83417,1.30149,56.1905
18,0.139092,0.0386,0.00961204,0.00590206,0.0377217,480,0.24338,0.33164,34.5025,1.30149,56.1905
19,0.360366,0.0386,0.0243948,0.00590206,0.0957356,480,0.24338,0.33164,13.5947,1.30149,56.1905
20,0.407083,0.0386,0.00319987,0.00590206,0.0125576,480,0.24338,0.33164,103.641,1.30149,56.1905
21,0.494668,0.0386,0.544674,0.00590206,2.13753,480,0.24338,0.33164,0.608878,1.30149,56.1905
22,0.140254,0.0386,0.0390295,0.00590206,0.153168,480,0.24338,0.33164,8.49715,1.30149,56.1905
23,0.17631,0.0386,0.0160876,0.00590206,0.0631343,480,0.24338,0.33164,20.6147,1.30149,56.1905
24,0.330596,0.0386,0.0218,0.00590206,0.0855525,480,0.24338,0.33164,15.2128,1.30149,56.1905
25,0.314441,0.0386,0.0765187,0.00590206,0.300291,480,0.24338,0.33164,4.3341,1.30149,56.1905
26,0.0921016,0.0386,0.0126081,0.00590206,0.0494793,480,0.24338,0.33164,26.3038,1.30149,56.1905
27,0.475085,0.0386,0.0859866,0.00590206,0.337448,480,0.24338,0.33164,3.85688,1.30149,56.1905
28,0.211512,0.0386,0.00806385,0.00590206,0.0316459,480,0.24338,0.33164,41.1267,1.30149,56.1905
29,0.355273,0.0386,0.506202,0.00590206,1.98655,480,0.24338,0.33164,0.655153,1.30149,56.1905
30,0.184815,0.0386,0.010023,0.00590206,0.0393343,480,0.24338,0.33164,33.088,1.30149,56.1905
31,0.356598,0.0386,0.00810886,0.00590206,0.0318226,480,0.24338,0.33164,40.8984,1.30149,56.1905
32,0.466727,0.0386,0.0272115,0.00590206,0.106789,480,0.24338,0.33164,12.1875,1.30149,56.1905
33,0.291025,0.0386,0.0841804,0.00590206,0.330359,480,0.24338,0.33164,3.93963,1.30149,56.1905
34,0.316167,0.0386,0.0534565,0.00590206,0.209786,480,0.24338,0.33164,6.20391,1.30149,56.1905
35,0.0974139,0.0386,0.0431295,0.00590206,0.169258,480,0.24338,0.33164,7.68939,1.30149,56.1905
36,0.159706,0.0386,0.00575927,0.00590206,0.0226018,480,0.24338,0.33164,57.5836,1.30149,56.1905
37,0.281792,0.0386,0.00735983,0.00590206,0.0288831,480,0.24338,0.33164,45.0608,1.30149,56.1905
38,0.242753,0.0386,0.00364297,0.00590206,0.0142966,480,0.24338,0.33164,91.0354,1.30149,56.1905
39,0.271529,0.0386,0.108743,0.00590206,0.426753,480,0.24338,0.33164,3.04976,1.30149,56.1905
40,0.257702,0.0386,0.291891,0.00590206,1.1455,480,0.24338,0.33164,1.13618,1.30149,56.1905
41,0.151994,0.0386,0.0977277,0.00590206,0.383525,480,0.24338,0.33164,3.39351,1.30149,56.1905
42,0.458392,0.0386,0.152174,0.00590206,0.597196,480,0.24338,0.33164,2.17934,1.30149,56.1905
43,0.0502761,0.0386,0.00397549,0.00590206,0.0156015,480,0.24338,0.33164,83.4211,1.30149,56.1905
44,0.20834,0.0386,0.0164111,0.00590206,0.064404,480,0.24338,0.33164,20.2083,1.30149,56.1905
45,0.158065,0.0386,0.0181942,0.00590206,0.0714017,480,0.24338,0.33164,18.2278,1.30149,56.1905
46,0.0363264,0.0386,0.00136219,0.00590206,0.0053458,480,0.24338,0.33164,243.461,1.30149,56.1905
47,0.548379,0.0386,0.0531463,0.00590206,0.208568,480,0.24338,0.33164,6.24013,1.30149,56.1905
48,0.364587,0.0386,0.0162441,0.00590206,0.0637486,480,0.24338,0.33164,20.416,1.30149,56.1905
49,0.233872,0.0386,0.0303749,0.00590206,0.119204,480,0.24338,0.33164,10.9182,1.30149,56.1905
50,0.208219,0.0386,0.0839953,0.00590206,0.329633,480,0.24338,0.33164,3.94831,1.30149,56.1905
51,0.546692,0.0386,0.0813819,0.00590206,0.319376,480,0.24338,0.33164,4.07511,1.30149,56.1905
52,0.269433,0.0386,0.00963681,0.00590206,0.0378189,480,0.24338,0.33164,34.4138,1.30149,56.1905
53,0.191019,0.0386,0.00328164,0.00590206,0.0128785,480,0.24338,0.33164,101.059,1.30149,56.1905
54,0.14349,0.0386,0.0118962,0.00590206,0.0466858,480,0.24338,0.33164,27.8777,1.30149,56.1905
55,0.489549,0.0386,0.0134074,0.00590206,0.0526161,480,0.24338,0.33164,24.7356,1.30149,56.1905
56,0.15272,0.0386,0.0335766,0.00590206,0.131769,480,0.24338,0.33164,9.8771,1.30149,56.1905
57,0.204581,0.0386,0.232243,0.00590206,0.91142,480,0.24338,0.33164,1.42798,1.30149,56.1905
58,0.121989,0.0386,0.0166183,0.00590206,0.0652173,480,0.24338,0.33164,19.9562,1.30149,56.1905
59,0.0975569,0.0386,0.0359319,0.00590206,0.141012,480,0.24338,0.33164,9.22967,1.30149,56.1905
60,0.0968278,0.0386,0.0241786,0.00590206,0.0948869,480,0.24338,0.33164,13.7163,1.30149,56.1905
61,0.309576,0.0386,0.0107621,0.00590206,0.042235,480,0.24338,0.33164,30.8155,1.30149,56.1905
62,0.470121,0.0386,0.01982,0.00590206,0.077782,480,0.24338,0.33164,16.7326,1.30149,56.1905
63,0.0967932,0.0386,0.0147536,0.00590206,0.0578993,480,0.24338,0.33164,22.4786,1.30149,56.1905
64,0.244525,0.0386,0.0183511,0.00590206,0.0720174,480,0.24338,0.33164,18.0719,1.30149,56.1905
65,0.435829,0.0386,0.0200405,0.00590206,0.0786472,480,0.24338,0.33164,16.5485,1.30149,56.1905
66,0.280676,0.0386,0.0578751,0.00590206,0.227126,480,0.24338,0.33164,5.73026,1.30149,56.1905
67,0.368168,0.0386,0.0623051,0.00590206,0.244511,480,0.24338,0.33164,5.32283,1.30149,56.1905
68,0.303872,0.0386,0.3939,0.00590206,1.54583,480,0.24338,0.33164,0.841939,1.30149,56.1905
69,0.520998,0.0386,0.158634,0.00590206,0.622546,480,0.24338,0.33164,2.0906,1.30149,56.1905
70,0.0548098,0.0386,0.0148754,0.00590206,0.0583772,480,0.24338,0.33164,22.2945,1.30149,56.1905
71,0.326528,0.0386,0.0121936,0.00590206,0.0478529,480,0.24338,0.33164,27.1978,1.30149,56.1905
72,0.122615,0.0386,0.0862314,0.00590206,0.338408,480,0.24338,0.33164,3.84593,1.30149,56.1905
73,0.573658,0.0386,0.00505292,0.00590206,0.0198298,480,0.24338,0.33164,65.6333,1.30149,56.1905
74,0.115504,0.0386,0.00501228,0.00590206,0.0196703,480,0.24338,0.33164,66.1655,1.30149,56.1905
75,0.606858,0.0386,0.0821566,0.00590206,0.322417,480,0.24338,0.33164,4.03668,1.30149,56.1905
76,0.231849,0.0386,0.0054393,0.00590206,0.0213461,480,0.24338,0.33164,60.971,1.30149,56.1905
77,0.190015,0.0386,0.069098,0.00590206,0.271169,480,0.24338,0.33164,4.79956,1.30149,56.1905
78,0.198882,0.0386,0.00987676,0.00590206,0.0387605,480,0.24338,0.33164,33.5778,1.30149,56.1905
79,0.46076,0.0386,0.007176,0.00590206,0.0281616,480,0.24338,0.33164,46.2151,1.30149,56.1905
80,0.406086,0.0386,0.0241837,0.00590206,0.0949068,480,0.24338,0.33164,13.7134,1.30149,56.1905
81,0.487868,0.0386,0.0169848,0.00590206,0.0666553,480,0.24338,0.33164,19.5257,1.30149,56.1905
82,0.314115,0.0386,0.0533013,0.00590206,0.209176,480,0.24338,0.33164,6.22198,1.30149,56.1905
83,0.0886054,0.0386,0.0743765,0.00590206,0.291884,480,0.24338,0.33164,4.45893,1.30149,56.1905
84,0.148077,0.0386,0.00720394,0.00590206,0.0282713,480,0.24338,0.33164,46.0358,1.30149,56.1905
85,0.2958,0.0386,0.0072707,0.00590206,0.0285333,480,0.24338,0.33164,45.6132,1.30149,56.1905
86,0.165009,0.0386,0.0487753,0.00590206,0.191415,480,0.24338,0.33164,6.79934,1.30149,56.1905
87,0.12025,0.0386,0.0275712,0.00590206,0.108201,480,0.24338,0.33164,12.0285,1.30149,56.1905
88,0.0382456,0.0386,0.13451,0.00590206,0.527874,480,0.24338,0.33164,2.46554,1.30149,56.1905
89,0.203844,0.0386,0.22244,0.00590206,0.872948,480,0.24338,0.33164,1.49092,1.30149,56.1905
90,0.149844,0.0386,0.0203639,0.00590206,0.0799166,480,0.24338,0.33164,16.2856,1.30149,56.1905
91,0.498319,0.0386,0.0533635,0.00590206,0.209421,480,0.24338,0.33164,6.21473,1.30149,56.1905
92,0.305634,0.0386,0.693943,0.00590206,2.72332,480,0.24338,0.33164,0.477906,1.30149,56.1905
93,0.448605,0.0386,0.0213499,0.00590206,0.0837859,480,0.24338,0.33164,15.5336,1.30149,56.1905
94,0.273613,0.0386,0.00526235,0.00590206,0.0206517,480,0.24338,0.33164,63.0212,1.30149,56.1905
95,0.187105,0.0386,0.0306618,0.00590206,0.12033,480,0.24338,0.33164,10.8161,1.30149,56.1905
96,0.171233,0.0386,0.0560087,0.00590206,0.219802,480,0.24338,0.33164,5.92122,1.30149,56.1905
97,0.301237,0.0386,0.0079843,0.00590206,0.0313337,480,0.24338,0.33164,41.5365,1.30149,56.1905
98,0.201629,0.0386,0.0296649,0.00590206,0.116417,480,0.24338,0.33164,11.1795,1.30149,56.1905
99,0.247408,0.0386,0.067164,0.00590206,0.26358,480,0.24338,0.33164,4.93776,1.30149,56.1905
100,0.0515109,0.0386,0.0483857,0.00590206,0.189886,480,0.24338,0.33164,6.85408,1.30149,56.1905
101,0.259681,0.0386,0.0180636,0.00590206,0.0708892,480,0.24338,0.33164,18.3595,1.30149,56.1905
102,0.235542,0.0386,0.00917008,0.00590206,0.0359872,480,0.24338,0.33164,36.1654,1.30149,56.1905
103,0.386476,0.0386,0.0177854,0.00590206,0.0697974,480,0.24338,0.33164,18.6467,1.30149,56.1905
104,0.706429,0.0386,0.0343309,0.00590206,0.134729,480,0.24338,0.33164,9.66011,1.30149,56.1905
105,0.231247,0.0386,0.140505,0.00590206,0.551401,480,0.24338,0.33164,2.36034,1.30149,56.1905
106,0.348263,0.0386,0.0304809,0.00590206,0.11962,480,0.24338,0.33164,10.8802,1.30149,56.1905
107,0.545671,0.0386,0.0318834,0.00590206,0.125124,480,0.24338,0.33164,10.4016,1.30149,56.1905
108,0.898894,0.0386,0.012576,0.00590206,0.0493536,480,0.24338,0.33164,26.3708,1.30149,56.1905
109,0.352979,0.0386,0.559566,0.00590206,2.19597,480,0.24338,0.33164,0.592673,1.30149,56.1905
110,0.260915,0.0386,0.183414,0.00590206,0.719793,480,0.24338,0.33164,1.80815,1.30149,56.1905
111,0.479528,0.0386,0.0168714,0.00590206,0.0662103,480,0.24338,0.33164,19.657,1.30149,56.1905
112,0.221279,0.0386,0.027802,0.00590206,0.109107,480,0.24338,0.33164,11.9286,1.30149,56.1905
113,0.111139,0.0386,0.062703,0.00590206,0.246073,480,0.24338,0.33164,5.28905,1.30149,56.1905
114,0.113718,0.0386,0.0234691,0.00590206,0.0921025,480,0.24338,0.33164,14.1309,1.30149,56.1905
115,0.350376,0.0386,0.092815,0.00590206,0.364245,480,0.24338,0.33164,3.57313,1.30149,56.1905
116,0.305832,0.0386,0.0324106,0.00590206,0.127193,480,0.24338,0.33164,10.2325,1.30149,56.1905
117,0.160314,0.0386,0.0431294,0.00590206,0.169258,480,0.24338,0.33164,7.68941,1.30149,56.1905
118,0.202786,0.0386,0.0128451,0.00590206,0.0504095,480,0.24338,0.33164,25.8184,1.30149,56.1905
119,0.235262,0.0386,0.192869,0.00590206,0.7569,480,0.24338,0.33164,1.7195,1.30149,56.1905
120,0.126207,0.0386,0.0171706,0.00590206,0.0673845,480,0.24338,0.33164,19.3144,1.30149,56.1905
121,0.15766,0.0386,0.0162322,0.00590206,0.0637019,480,0.24338,0.33164,20.431,1.30149,56.1905
122,0.146679,0.0386,0.0444774,0.00590206,0.174548,480,0.24338,0.33164,7.45637,1.30149,56.1905
123,0.188683,0.0386,0.0481491,0.00590206,0.188957,480,0.24338,0.33164,6.88776,1.30149,56.1905
124,0.291008,0.0386,0.0190868,0.00590206,0.0749046,480,0.24338,0.33164,17.3753,1.30149,56.1905
125,0.172225,0.0386,0.0218972,0.00590206,0.0859337,480,0.24338,0.33164,15.1453,1.30149,56.1905
126,0.0951954,0.0386,0.0818373,0.00590206,0.321164,480,0.24338,0.33164,4.05243,1.30149,56.1905
127,0.0437466,0.0386,0.0103908,0.00590206,0.040778,480,0.24338,0.33164,31.9165,1.30149,56.1905
128,0.144739,0.0386,0.0126084,0.00590206,0.0494806,480,0.24338,0.33164,26.3031,1.30149,56.1905
129,0.189679,0.0386,0.0143242,0.00590206,0.0562141,480,0.24338,0.33164,23.1524,1.30149,56.1905
130,0.174727,0.0386,0.0454103,0.00590206,0.178209,480,0.24338,0.33164,7.30318,1.30149,56.1905
131,0.230821,0.0386,0.144476,0.00590206,0.566983,480,0.24338,0.33164,2.29547,1.30149,56.1905
132,0.595793,0.0386,0.109625,0.00590206,0.430216,480,0.24338,0.33164,3.02521,1.30149,56.1905
133,0.204594,0.0386,0.029296,0.00590206,0.11497,480,0.24338,0.33164,11.3203,1.30149,56.1905
134,0.277959,0.0386,0.0155735,0.00590206,0.061117,480,0.24338,0.33164,21.2951,1.30149,56.1905
135,0.195459,0.0386,0.0187615,0.00590206,0.0736281,480,0.24338,0.33164,17.6766,1.30149,56.1905
136,0.0822453,0.0386,0.0764598,0.00590206,0.30006,480,0.24338,0.33164,4.33744,1.30149,56.1905
137,0.195678,0.0386,0.0267668,0.00590206,0.105044,480,0.24338,0.33164,12.39,1.30149,56.1905
138,0.320439,0.0386,0.0213949,0.00590206,0.0839626,480,0.24338,0.33164,15.5009,1.30149,56.1905
139,0.412411,0.0386,0.0065335,0.00590206,0.0256402,480,0.24338,0.33164,50.7599,1.30149,56.1905
140,0.223099,0.0386,0.0221097,0.00590206,0.0867679,480,0.24338,0.33164,14.9997,1.30149,56.1905
141,0.680404,0.0386,0.00681601,0.00590206,0.0267489,480,0.24338,0.33164,48.656,1.30149,56.1905
142,0.309149,0.0386,0.0117598,0.00590206,0.0461503,480,0.24338,0.33164,28.2012,1.30149,56.1905
143,0.196183,0.0386,0.0262466,0.00590206,0.103003,480,0.24338,0.33164,12.6355,1.30149,56.1905
144,0.0697588,0.0386,0.0892603,0.00590206,0.350295,480,0.24338,0.33164,3.71542,1.30149,56.1905
145,0.178341,0.0386,0.020443,0.00590206,0.0802269,480,0.24338,0.33164,16.2227,1.30149,56.1905
146,0.0656037,0.0386,0.0639279,0.00590206,0.25088,480,0.24338,0.33164,5.18771,1.30149,56.1905
147,0.527065,0.0386,0.0263343,0.00590206,0.103347,480,0.24338,0.33164,12.5935,1.30149,56.1905
148,0.273828,0.0386,0.0160404,0.00590206,0.0629491,480,0.24338,0.33164,20.6753,1.30149,56.1905
149,0.542299,0.0386,0.0700488,0.00590206,0.274901,480,0.24338,0.33164,4.73441,1.30149,56.1905
150,0.128857,0.0386,0.00514508,0.00590206,0.0201915,480,0.24338,0.33164,64.4576,1.30149,56.1905
151,0.268492,0.0386,0.0365885,0.00590206,0.143588,480,0.24338,0.33164,9.06405,1.30149,56.1905
152,0.269333,0.0386,0.0614612,0.00590206,0.2412,480,0.24338,0.33164,5.39592,1.30149,56.1905
153,0.115519,0.0386,0.0403037,0.00590206,0.158169,480,0.24338,0.33164,8.22852,1.30149,56.1905
154,0.299209,0.0386,0.0276308,0.00590206,0.108435,480,0.24338,0.33164,12.0025,1.30149,56.1905
155,0.216906,0.0386,0.00970195,0.00590206,0.0380745,480,0.24338,0.33164,34.1828,1.30149,56.1905
156,0.472944,0.0386,0.0830588,0.00590206,0.325958,480,0.24338,0.33164,3.99283,1.30149,56.1905
157,0.195893,0.0386,0.00913415,0.00590206,0.0358462,480,0.24338,0.33164,36.3077,1.30149,56.1905
158,0.663654,0.0386,0.0126473,0.00590206,0.0496332,480,0.24338,0.33164,26.2222,1.30149,56.1905
159,0.637889,0.0386,0.0169373,0.00590206,0.0664691,480,0.24338,0.33164,19.5804,1.30149,56.1905
160,0.540232,0.0386,0.0519075,0.00590206,0.203707,480,0.24338,0.33164,6.38906,1.30149,56.1905
161,0.0147368,0.0386,0.0266222,0.00590206,0.104477,480,0.24338,0.33164,12.4573,1.30149,56.1905
162,0.186445,0.0386,0.123222,0.00590206,0.483575,480,0.24338,0.33164,2.6914,1.30149,56.1905
163,0.280301,0.0386,0.0528013,0.00590206,0.207214,480,0.24338,0.33164,6.2809,1.30149,56.1905
164,0.250543,0.0386,0.0433806,0.00590206,0.170244,480,0.24338,0.33164,7.64488,1.30149,56.1905
165,0.461702,0.0386,0.0050915,0.00590206,0.0199812,480,0.24338,0.33164,65.136,1.30149,56.1905
166,0.0779019,0.0386,0.0113517,0.00590206,0.0445487,480,0.24338,0.33164,29.215,1.30149,56.1905
167,0.772555,0.0386,0.0343656,0.00590206,0.134865,480,0.24338,0.33164,9.65033,1.30149,56.1905
168,0.181499,0.0386,0.00329909,0.00590206,0.012947,480,0.24338,0.33164,100.524,1.30149,56.1905
169,0.149056,0.0386,0.00639972,0.00590206,0.0251152,480,0.24338,0.33164,51.821,1.30149,56.1905
170,0.498188,0.0386,0.175783,0.00590206,0.689847,480,0.24338,0.33164,1.88664,1.30149,56.1905
171,0.294734,0.0386,0.027146,0.00590206,0.106532,480,0.24338,0.33164,12.2169,1.30149,56.1905
172,0.0852616,0.0386,0.0645874,0.00590206,0.253468,480,0.24338,0.33164,5.13474,1.30149,56.1905
173,0.102186,0.0386,0.00367813,0.00590206,0.0144345,480,0.24338,0.33164,90.1654,1.30149,56.1905
174,0.367075,0.0386,0.0217167,0.00590206,0.0852256,480,0.24338,0.33164,15.2711,1.30149,56.1905
175,0.400915,0.0386,0.0161295,0.00590206,0.0632988,480,0.24338,0.33164,20.5611,1.30149,56.1905
176,0.524297,0.0386,0.00248725,0.00590206,0.00976102,480,0.24338,0.33164,133.336,1.30149,56.1905
177,0.153097,0.0386,0.0571769,0.00590206,0.224386,480,0.24338,0.33164,5.80024,1.30149,56.1905
178,0.12628,0.0386,0.0495027,0.00590206,0.194269,480,0.24338,0.33164,6.69942,1.30149,56.1905
179,0.312303,0.0386,0.033835,0.00590206,0.132783,480,0.24338,0.33164,9.80168,1.30149,56.1905
180,0.0181233,0.0386,0.0115444,0.00590206,0.0453049,480,0.24338,0.33164,28.7274,1.30149,56.1905
181,0.115606,0.0386,0.0119242,0.00590206,0.0467957,480,0.24338,0.33164,27.8122,1.30149,56.1905
182,0.182051,0.0386,0.044942,0.00590206,0.176371,480,0.24338,0.33164,7.37927,1.30149,56.1905
183,0.417945,0.0386,0.11743,0.00590206,0.460843,480,0.24338,0.33164,2.82415,1.30149,56.1905
184,0.34208,0.0386,0.195133,0.00590206,0.765785,480,0.24338,0.33164,1.69955,1.30149,56.1905
185,0.421974,0.0386,0.0586466,0.00590206,0.230154,480,0.24338,0.33164,5.65488,1.30149,56.1905
186,0.415337,0.0386,0.0220148,0.00590206,0.0863954,480,0.24338,0.33164,15.0644,1.30149,56.1905
187,0.25395,0.0386,0.119722,0.00590206,0.469839,480,0.24338,0.33164,2.77008,1.30149,56.1905
188,0.169888,0.0386,0.0242322,0.00590206,0.0950974,480,0.24338,0.33164,13.6859,1.30149,56.1905
189,0.260623,0.0386,0.0195016,0.00590206,0.0765325,480,0.24338,0.33164,17.0058,1.30149,56.1905
190,0.175879,0.0386,0.0268062,0.00590206,0.105199,480,0.24338,0.33164,12.3718,1.30149,56.1905
191,0.160119,0.0386,0.0366912,0.00590206,0.143992,480,0.24338,0.33164,9.03868,1.30149,56.1905
192,0.119046,0.0386,0.066386,0.00590206,0.260526,480,0.24338,0.33164,4.99563,1.30149,56.1905
193,0.122201,0.0386,0.00878364,0.00590206,0.0344707,480,0.24338,0.33164,37.7565,1.30149,56.1905
194,0.0517932,0.0386,0.0619178,0.00590206,0.242991,480,0.24338,0.33164,5.35613,1.30149,56.1905
195,0.288863,0.0386,0.191322,0.00590206,0.750827,480,0.24338,0.33164,1.73341,1.30149,56.1905
196,0.459122,0.0386,0.00914348,0.00590206,0.0358829,480,0.24338,0.33164,36.2706,1.30149,56.1905
197,0.0848836,0.0386,0.0175253,0.00590206,0.0687768,480,0.24338,0.33164,18.9234,1.30149,56.1905
198,0.574328,0.0386,0.00426887,0.00590206,0.0167528,480,0.24338,0.33164,77.6879,1.30149,56.1905
199,0.493872,0.0386,0.0602488,0.00590206,0.236442,480,0.24338,0.33164,5.5045,1.30149,56.1905
200,0.473198,0.0386,0.0205495,0.00590206,0.0806447,480,0.24338,0.33164,16.1386,1.30149,56.1905
201,0.140593,0.0386,0.0730933,0.00590206,0.286849,480,0.24338,0.33164,4.53721,1.30149,56.1905
202,0.271829,0.0386,0.376039,0.00590206,1.47573,480,0.24338,0.33164,0.88193,1.30149,56.1905
203,0.443935,0.0386,0.048839,0.00590206,0.191665,480,0.24338,0.33164,6.79046,1.30149,56.1905
204,0.219662,0.0386,0.0160569,0.00590206,0.0630142,480,0.24338,0.33164,20.654,1.30149,56.1905
205,0.608136,0.0386,0.240283,0.00590206,0.942971,480,0.24338,0.33164,1.3802,1.30149,56.1905
206,0.0875043,0.0386,0.00294131,0.00590206,0.0115429,480,0.24338,0.33164,112.752,1.30149,56.1905
207,0.457034,0.0386,0.00308555,0.00590206,0.012109,480,0.24338,0.33164,107.482,1.30149,56.1905
208,0.234172,0.0386,0.0668151,0.00590206,0.26221,480,0.24338,0.33164,4.96355,1.30149,56.1905
209,0.56079,0.0386,0.0330625,0.00590206,0.129751,480,0.24338,0.33164,10.0307,1.30149,56.1905
210,0.310651,0.0386,0.0360058,0.00590206,0.141302,480,0.24338,0.33164,9.21074,1.30149,56.1905
211,0.0731964,0.0386,0.0169538,0.00590206,0.0665337,480,0.24338,0.33164,19.5614,1.30149,56.1905
212,0.159591,0.0386,0.00941,0.00590206,0.0369288,480,0.24338,0.33164,35.2433,1.30149,56.1905
213,0.0920237,0.0386,0.0887363,0.00590206,0.348238,480,0.24338,0.33164,3.73736,1.30149,56.1905
214,0.418652,0.0386,0.0403013,0.00590206,0.158159,480,0.24338,0.33164,8.229,1.30149,56.1905
215,0.61063,0.0386,0.124544,0.00590206,0.488761,480,0.24338,0.33164,2.66284,1.30149,56.1905
216,0.23905,0.0386,0.0393002,0.00590206,0.15423,480,0.24338,0.33164,8.43863,1.30149,56.1905
217,0.408362,0.0386,0.0737052,0.00590206,0.28925,480,0.24338,0.33164,4.49954,1.30149,56.1905
218,0.18137,0.0386,0.0198872,0.00590206,0.0780459,480,0.24338,0.33164,16.676,1.30149,56.1905
219,0.441796,0.0386,0.526038,0.00590206,2.06439,480,0.24338,0.33164,0.630448,1.30149,56.1905
220,0.179353,0.0386,0.098991,0.00590206,0.388482,480,0.24338,0.33164,3.3502,1.30149,56.1905
221,0.197805,0.0386,0.056441,0.00590206,0.221498,480,0.24338,0.33164,5.87586,1.30149,56.1905
222,0.708143,0.0386,0.0456996,0.00590206,0.179344,480,0.24338,0.33164,7.25695,1.30149,56.1905
223,0.103077,0.0386,0.0224822,0.00590206,0.0882295,480,0.24338,0.33164,14.7512,1.30149,56.1905
224,0.0451687,0.0386,0.0080899,0.00590206,0.0317482,480,0.24338,0.33164,40.9943,1.30149,56.1905
225,0.105561,0.0386,0.00293845,0.00590206,0.0115317,480,0.24338,0.33164,112.862,1.30149,56.1905
226,0.094603,0.0386,0.0380301,0.00590206,0.149246,480,0.24338,0.33164,8.72044,1.30149,56.1905
227,0.499874,0.0386,0.0126501,0.00590206,0.0496443,480,0.24338,0.33164,26.2164,1.30149,56.1905
228,0.151417,0.0386,0.0123334,0.00590206,0.0484013,480,0.24338,0.33164,26.8896,1.30149,56.1905
229,0.244993,0.0386,0.168329,0.00590206,0.660593,480,0.24338,0.33164,1.97019,1.30149,56.1905
230,0.832002,0.0386,0.0811269,0.00590206,0.318376,480,0.24338,0.33164,4.08791,1.30149,56.1905
231,0.0844823,0.0386,0.0894736,0.00590206,0.351132,480,0.24338,0.33164,3.70657,1.30149,56.1905
232,0.272877,0.0386,0.059759,0.00590206,0.234519,480,0.24338,0.33164,5.54962,1.30149,56.1905
233,0.112947,0.0386,0.00600251,0.00590206,0.0235564,480,0.24338,0.33164,55.2502,1.30149,56.1905
234,0.14537,0.0386,0.0134367,0.00590206,0.0527313,480,0.24338,0.33164,24.6816,1.30149,56.1905
235,0.387764,0.0386,0.0182722,0.00590206,0.0717077,480,0.24338,0.33164,18.15,1.30149,56.1905
236,0.261795,0.0386,0.0472937,0.00590206,0.1856,480,0.24338,0.33164,7.01234,1.30149,56.1905
237,0.424798,0.0386,0.071336,0.00590206,0.279953,480,0.24338,0.33164,4.64898,1.30149,56.1905
238,0.28905,0.0386,0.00893344,0.00590206,0.0350585,480,0.24338,0.33164,37.1234,1.30149,56.1905
239,0.0990085,0.0386,0.038432,0.00590206,0.150823,480,0.24338,0.33164,8.62926,1.30149,56.1905
240,0.135483,0.0386,0.0162232,0.00590206,0.0636668,480,0.24338,0.33164,20.4422,1.30149,56.1905
241,0.241992,0.0386,0.00972058,0.00590206,0.0381476,480,0.24338,0.33164,34.1173,1.30149,56.1905
242,0.157507,0.0386,0.110902,0.00590206,0.435228,480,0.24338,0.33164,2.99037,1.30149,56.1905
243,0.0976168,0.0386,0.0187405,0.00590206,0.0735454,480,0.24338,0.33164,17.6965,1.30149,56.1905
244,0.27255,0.0386,0.0046307,0.00590206,0.0181728,480,0.24338,0.33164,71.6177,1.30149,56.1905
245,0.27544,0.0386,0.0293169,0.00590206,0.115052,480,0.24338,0.33164,11.3122,1.30149,56.1905
246,0.471032,0.0386,0.0234895,0.00590206,0.0921827,480,0.24338,0.33164,14.1186,1.30149,56.1905
247,0.1285,0.0386,0.0492954,0.00590206,0.193456,480,0.24338,0.33164,6.7276,1.30149,56.1905
248,0.0457712,0.0386,0.0160663,0.00590206,0.0630508,480,0.24338,0.33164,20.642,1.30149,56.1905
249,0.0663174,0.0386,0.0243573,0.00590206,0.0955882,480,0.24338,0.33164,13.6156,1.30149,56.1905
250,0.65676,0.0386,0.0392541,0.00590206,0.154049,480,0.24338,0.33164,8.44854,1.30149,56.1905
251,0.0998192,0.0386,0.358865,0.00590206,1.40833,480,0.24338,0.33164,0.924136,1.30149,56.1905
252,0.0910255,0.0386,0.00749212,0.00590206,0.0294022,480,0.24338,0.33164,44.2651,1.30149,56.1905
253,0.470106,0.0386,0.446088,0.00590206,1.75064,480,0.24338,0.33164,0.74344,1.30149,56.1905
254,0.231257,0.0386,0.0394288,0.00590206,0.154735,480,0.24338,0.33164,8.41111,1.30149,56.1905
255,0.218474,0.0386,0.0178326,0.00590206,0.0699827,480,0.24338,0.33164,18.5973,1.30149,56.1905
256,0.344588,0.0386,0.0116135,0.00590206,0.0455762,480,0.24338,0.33164,28.5564,1.30149,56.1905
257,0.230446,0.0386,0.0150811,0.00590206,0.0591847,480,0.24338,0.33164,21.9904,1.30149,56.1905
258,0.129308,0.0386,0.0131443,0.00590206,0.0515836,480,0.24338,0.33164,25.2308,1.30149,56.1905
259,0.157772,0.0386,0.00389253,0.00590206,0.0152759,480,0.24338,0.33164,85.1991,1.30149,56.1905
260,0.268054,0.0386,0.0150197,0.00590206,0.0589435,480,0.24338,0.33164,22.0803,1.30149,56.1905
261,0.209619,0.0386,0.00456844,0.00590206,0.0179285,480,0.24338,0.33164,72.5937,1.30149,56.1905
262,0.213945,0.0386,0.00756162,0.00590206,0.029675,480,0.24338,0.33164,43.8583,1.30149,56.1905
263,0.143186,0.0386,0.0539105,0.00590206,0.211567,480,0.24338,0.33164,6.15167,1.30149,56.1905
264,0.188781,0.0386,0.0473636,0.00590206,0.185875,480,0.24338,0.33164,7.002,1.30149,56.1905
265,0.261234,0.0386,0.0562002,0.00590206,0.220553,480,0.24338,0.33164,5.90104,1.30149,56.1905
266,0.119441,0.0386,0.00579826,0.00590206,0.0227548,480,0.24338,0.33164,57.1964,1.30149,56.1905
267,0.232483,0.0386,0.0261219,0.00590206,0.102513,480,0.24338,0.33164,12.6958,1.30149,56.1905
268,0.148518,0.0386,0.428613,0.00590206,1.68206,480,0.24338,0.33164,0.773751,1.30149,56.1905
269,0.15781,0.0386,0.031327,0.00590206,0.12294,480,0.24338,0.33164,10.5864,1.30149,56.1905
270,0.207594,0.0386,0.0232324,0.00590206,0.0911738,480,0.24338,0.33164,14.2749,1.30149,56.1905
271,0.162351,0.0386,0.011503,0.00590206,0.0451425,480,0.24338,0.33164,28.8308,1.30149,56.1905
272,0.236693,0.0386,0.0332081,0.00590206,0.130323,480,0.24338,0.33164,9.9867,1.30149,56.1905
273,0.671712,0.0386,0.0115192,0.00590206,0.0452061,480,0.24338,0.33164,28.7902,1.30149,56.1905
274,0.209849,0.0386,0.0181656,0.00590206,0.0712896,480,0.24338,0.33164,18.2564,1.30149,56.1905
275,0.460654,0.0386,0.0940829,0.00590206,0.36922,480,0.24338,0.33164,3.52497,1.30149,56.1905
276,0.111775,0.0386,0.00645993,0.00590206,0.0253515,480,0.24338,0.33164,51.338,1.30149,56.1905
277,0.0935572,0.0386,0.0959899,0.00590206,0.376705,480,0.24338,0.33164,3.45494,1.30149,56.1905
278,0.84489,0.0386,0.0136082,0.00590206,0.0534042,480,0.24338,0.33164,24.3706,1.30149,56.1905
279,0.257736,0.0386,0.0248295,0.00590206,0.0974412,480,0.24338,0.33164,13.3567,1.30149,56.1905
280,0.16887,0.0386,0.00815835,0.00590206,0.0320168,480,0.24338,0.33164,40.6503,1.30149,56.1905
281,0.34139,0.0386,0.0347947,0.00590206,0.136549,480,0.24338,0.33164,9.53132,1.30149,56.1905
282,0.473924,0.0386,0.0166845,0.00590206,0.0654771,480,0.24338,0.33164,19.8771,1.30149,56.1905
283,0.113315,0.0386,0.0827565,0.00590206,0.324771,480,0.24338,0.33164,4.00742,1.30149,56.1905
284,0.351499,0.0386,0.0187453,0.00590206,0.0735644,480,0.24338,0.33164,17.6919,1.30149,56.1905
285,0.546029,0.0386,0.0233,0.00590206,0.0914388,480,0.24338,0.33164,14.2335,1.30149,56.1905
286,0.186716,0.0386,0.0161944,0.00590206,0.0635535,480,0.24338,0.33164,20.4787,1.30149,56.1905
287,0.171295,0.0386,0.0203668,0.00590206,0.0799279,480,0.24338,0.33164,16.2833,1.30149,56.1905
288,0.106915,0.0386,0.0466222,0.00590206,0.182965,480,0.24338,0.33164,7.11335,1.30149,56.1905
289,0.634041,0.0386,0.00585375,0.00590206,0.0229726,480,0.24338,0.33164,56.6542,1.30149,56.1905
290,0.106042,0.0386,0.123463,0.00590206,0.48452,480,0.24338,0.33164,2.68615,1.30149,56.1905
291,0.131724,0.0386,0.0237135,0.00590206,0.0930619,480,0.24338,0.33164,13.9852,1.30149,56.1905
292,0.697805,0.0386,0.0220461,0.00590206,0.0865182,480,0.24338,0.33164,15.043,1.30149,56.1905
293,0.280225,0.0386,0.0429388,0.00590206,0.16851,480,0.24338,0.33164,7.72354,1.30149,56.1905
294,0.584196,0.0386,0.0308539,0.00590206,0.121084,480,0.24338,0.33164,10.7487,1.30149,56.1905
295,0.448748,0.0386,0.0282429,0.00590206,0.110837,480,0.24338,0.33164,11.7424,1.30149,56.1905
296,0.380207,0.0386,0.0602232,0.00590206,0.236341,480,0.24338,0.33164,5.50685,1.30149,56.1905
297,0.158193,0.0386,0.0219884,0.00590206,0.0862918,480,0.24338,0.33164,15.0825,1.30149,56.1905
298,0.452179,0.0386,0.0435506,0.00590206,0.170911,480,0.24338,0.33164,7.61505,1.30149,56.1905
299,0.0430998,0.0386,0.0752593,0.00590206,0.295349,480,0.24338,0.33164,4.40663,1.30149,56.1905
300,0.322597,0.0386,0.0388739,0.00590206,0.152557,480,0.24338,0.33164,8.53116,1.30149,56.1905
301,0.166599,0.0386,0.00455148,0.00590206,0.0178619,480,0.24338,0.33164,72.8641,1.30149,56.1905
302,0.381665,0.0386,0.00970651,0.00590206,0.0380924,480,0.24338,0.33164,34.1667,1.30149,56.1905
303,0.326404,0.0386,0.0350004,0.00590206,0.137356,480,0.24338,0.33164,9.4753,1.30149,56.1905
304,0.216974,0.0386,0.0123334,0.00590206,0.0484014,480,0.24338,0.33164,26.8895,1.30149,56.1905
305,0.333133,0.0386,0.0148672,0.00590206,0.058345,480,0.24338,0.33164,22.3068,1.30149,56.1905
306,0.2322,0.0386,0.348018,0.00590206,1.36577,480,0.24338,0.33164,0.952938,1.30149,56.1905
307,0.152858,0.0386,0.0223405,0.00590206,0.0876734,480,0.24338,0.33164,14.8448,1.30149,56.1905
308,0.458156,0.0386,0.0143768,0.00590206,0.0564207,480,0.24338,0.33164,23.0677,1.30149,56.1905
309,0.19548,0.0386,0.0179213,0.00590206,0.0703308,480,0.24338,0.33164,18.5053,1.30149,56.1905
310,0.392409,0.0386,0.0503772,0.00590206,0.197701,480,0.24338,0.33164,6.58313,1.30149,56.1905
311,0.234234,0.0386,0.0160875,0.00590206,0.0631341,480,0.24338,0.33164,20.6148,1.30149,56.1905
312,0.403825,0.0386,0.0325603,0.00590206,0.12778,480,0.24338,0.33164,10.1854,1.30149,56.1905
313,0.0838707,0.0386,0.0174357,0.00590206,0.0684248,480,0.24338,0.33164,19.0208,1.30149,56.1905
314,0.230839,0.0386,0.0188033,0.00590206,0.0737918,480,0.24338,0.33164,17.6374,1.30149,56.1905
315,0.443046,0.0386,0.0385739,0.00590206,0.15138,480,0.24338,0.33164,8.59752,1.30149,56.1905
316,0.149802,0.0386,0.0800381,0.00590206,0.314103,480,0.24338,0.33164,4.14352,1.30149,56.1905
317,0.220334,0.0386,0.168346,0.00590206,0.66066,480,0.24338,0.33164,1.96999,1.30149,56.1905
318,0.0610228,0.0386,0.0151468,0.00590206,0.0594423,480,0.24338,0.33164,21.8951,1.30149,56.1905
319,0.298701,0.0386,0.0196342,0.00590206,0.0770526,480,0.24338,0.33164,16.891,1.30149,56.1905
320,0.549948,0.0386,0.0173155,0.00590206,0.0679534,480,0.24338,0.33164,19.1527,1.30149,56.1905
321,0.348168,0.0386,0.0652356,0.00590206,0.256012,480,0.24338,0.33164,5.08372,1.30149,56.1905
322,0.191685,0.0386,0.0200699,0.00590206,0.0787628,480,0.24338,0.33164,16.5242,1.30149,56.1905
323,0.125744,0.0386,0.00839084,0.00590206,0.0329292,480,0.24338,0.33164,39.524,1.30149,56.1905
324,0.445853,0.0386,0.00756188,0.00590206,0.029676,480,0.24338,0.33164,43.8567,1.30149,56.1905
325,0.0597373,0.0386,0.26262,0.00590206,1.03063,480,0.24338,0.33164,1.26281,1.30149,56.1905
326,0.113037,0.0386,0.0604325,0.00590206,0.237163,480,0.24338,0.33164,5.48777,1.30149,56.1905
327,0.0765808,0.0386,0.0386181,0.00590206,0.151553,480,0.24338,0.33164,8.58768,1.30149,56.1905
328,0.243469,0.0386,0.0717893,0.00590206,0.281731,480,0.24338,0.33164,4.61963,1.30149,56.1905
329,0.20407,0.0386,0.0220385,0.00590206,0.0864882,480,0.24338,0.33164,15.0482,1.30149,56.1905
330,0.487816,0.0386,0.00407563,0.00590206,0.0159945,480,0.24338,0.33164,81.3713,1.30149,56.1905
331,0.176745,0.0386,0.0265642,0.00590206,0.104249,480,0.24338,0.33164,12.4845,1.30149,56.1905
332,0.408235,0.0386,0.0620468,0.00590206,0.243497,480,0.24338,0.33164,5.345,1.30149,56.1905
333,0.439082,0.0386,0.0328776,0.00590206,0.129026,480,0.24338,0.33164,10.0871,1.30149,56.1905
334,0.355356,0.0386,0.0138802,0.00590206,0.0544717,480,0.24338,0.33164,23.893,1.30149,56.1905
335,0.227534,0.0386,0.0727834,0.00590206,0.285632,480,0.24338,0.33164,4.55653,1.30149,56.1905
336,0.121287,0.0386,0.0181989,0.00590206,0.0714199,480,0.24338,0.33164,18.2231,1.30149,56.1905
337,0.0992374,0.0386,0.063004,0.00590206,0.247254,480,0.24338,0.33164,5.26379,1.30149,56.1905
338,0.324001,0.0386,0.00458478,0.00590206,0.0179926,480,0.24338,0.33164,72.3349,1.30149,56.1905
339,0.330509,0.0386,0.0203395,0.00590206,0.0798205,480,0.24338,0.33164,16.3052,1.30149,56.1905
340,0.0473047,0.0386,0.029993,0.00590206,0.117705,480,0.24338,0.33164,11.0572,1.30149,56.1905
341,0.15865,0.0386,0.0114608,0.00590206,0.0449768,480,0.24338,0.33164,28.937,1.30149,56.1905
342,0.138809,0.0386,0.0721195,0.00590206,0.283027,480,0.24338,0.33164,4.59847,1.30149,56.1905
343,0.380418,0.0386,0.0815863,0.00590206,0.320179,480,0.24338,0.33164,4.0649,1.30149,56.1905
344,0.188139,0.0386,0.176934,0.00590206,0.694362,480,0.24338,0.33164,1.87437,1.30149,56.1905
345,0.115444,0.0386,0.0278283,0.00590206,0.10921,480,0.24338,0.33164,11.9174,1.30149,56.1905
346,0.154148,0.0386,0.0317434,0.00590206,0.124574,480,0.24338,0.33164,10.4475,1.30149,56.1905
347,0.055364,0.0386,0.114975,0.00590206,0.451211,480,0.24338,0.33164,2.88445,1.30149,56.1905
348,0.199956,0.0386,0.01393,0.00590206,0.0546671,480,0.24338,0.33164,23.8076,1.30149,56.1905
349,0.43089,0.0386,0.171622,0.00590206,0.673516,480,0.24338,0.33164,1.93239,1.30149,56.1905
350,0.559304,0.0386,0.0383127,0.00590206,0.150355,480,0.24338,0.33164,8.65612,1.30149,56.1905
351,0.357058,0.0386,0.00529388,0.00590206,0.0207754,480,0.24338,0.33164,62.6459,1.30149,56.1905
352,0.218476,0.0386,0.123095,0.00590206,0.483077,480,0.24338,0.33164,2.69417,1.30149,56.1905
353,0.26305,0.0386,0.0200249,0.00590206,0.0785861,480,0.24338,0.33164,16.5614,1.30149,56.1905
354,0.251075,0.0386,0.01843,0.00590206,0.0723269,480,0.24338,0.33164,17.9946,1.30149,56.1905
355,0.109172,0.0386,0.0229794,0.00590206,0.0901809,480,0.24338,0.33164,14.432,1.30149,56.1905
356,0.300061,0.0386,0.0599425,0.00590206,0.235239,480,0.24338,0.33164,5.53263,1.30149,56.1905
357,0.308377,0.0386,0.00704073,0.00590206,0.0276308,480,0.24338,0.33164,47.103,1.30149,56.1905
358,0.115649,0.0386,0.0543348,0.00590206,0.213232,480,0.24338,0.33164,6.10364,1.30149,56.1905
359,0.0834546,0.0386,0.0198118,0.00590206,0.0777497,480,0.24338,0.33164,16.7395,1.30149,56.1905
360,0.239883,0.0386,0.0219548,0.00590206,0.0861598,480,0.24338,0.33164,15.1056,1.30149,56.1905
361,0.139679,0.0386,0.07526,0.00590206,0.295352,480,0.24338,0.33164,4.40659,1.30149,56.1905
362,0.432145,0.0386,0.0146018,0.00590206,0.0573036,480,0.24338,0.33164,22.7122,1.30149,56.1905
363,0.0767619,0.0386,0.0196289,0.00590206,0.077032,480,0.24338,0.33164,16.8955,1.30149,56.1905
364,0.242595,0.0386,0.01386,0.00590206,0.0543926,480,0.24338,0.33164,23.9277,1.30149,56.1905
365,0.0581877,0.0386,0.0386783,0.00590206,0.15179,480,0.24338,0.33164,8.5743,1.30149,56.1905
366,0.0510425,0.0386,0.0543454,0.00590206,0.213274,480,0.24338,0.33164,6.10245,1.30149,56.1905
367,0.29479,0.0386,0.00177661,0.00590206,0.00697214,480,0.24338,0.33164,186.67,1.30149,56.1905
368,0.602312,0.0386,0.24743,0.00590206,0.97102,480,0.24338,0.33164,1.34034,1.30149,56.1905
369,0.22511,0.0386,0.0402892,0.00590206,0.158112,480,0.24338,0.33164,8.23148,1.30149,56.1905
370,0.136152,0.0386,0.0342008,0.00590206,0.134218,480,0.24338,0.33164,9.69685,1.30149,56.1905
371,0.224377,0.0386,0.132858,0.00590206,0.521391,480,0.24338,0.33164,2.49619,1.30149,56.1905
372,0.193595,0.0386,0.0480397,0.00590206,0.188528,480,0.24338,0.33164,6.90345,1.30149,56.1905
373,0.113635,0.0386,0.0163029,0.00590206,0.0639795,480,0.24338,0.33164,20.3424,1.30149,56.1905
374,0.611277,0.0386,0.00948479,0.00590206,0.0372223,480,0.24338,0.33164,34.9654,1.30149,56.1905
375,0.119975,0.0386,0.0781146,0.00590206,0.306554,480,0.24338,0.33164,4.24555,1.30149,56.1905
376,0.250918,0.0386,0.126631,0.00590206,0.496953,480,0.24338,0.33164,2.61895,1.30149,56.1905
377,0.235147,0.0386,0.0100811,0.00590206,0.0395626,480,0.24338,0.33164,32.897,1.30149,56.1905
378,0.229808,0.0386,0.00355202,0.00590206,0.0139396,480,0.24338,0.33164,93.3664,1.30149,56.1905
379,0.317417,0.0386,0.0638762,0.00590206,0.250677,480,0.24338,0.33164,5.19191,1.30149,56.1905
380,0.300747,0.0386,0.0911096,0.00590206,0.357552,480,0.24338,0.33164,3.64001,1.30149,56.1905
381,0.348277,0.0386,0.0412946,0.00590206,0.162057,480,0.24338,0.33164,8.03106,1.30149,56.1905
382,0.51273,0.0386,0.0630729,0.00590206,0.247524,480,0.24338,0.33164,5.25804,1.30149,56.1905
383,0.331562,0.0386,0.026384,0.00590206,0.103542,480,0.24338,0.33164,12.5697,1.30149,56.1905
384,0.0979257,0.0386,0.0246054,0.00590206,0.0965619,480,0.24338,0.33164,13.4783,1.30149,56.1905
385,0.318958,0.0386,0.057131,0.00590206,0.224206,480,0.24338,0.33164,5.8049,1.30149,56.1905
386,0.284003,0.0386,0.180344,0.00590206,0.707747,480,0.24338,0.33164,1.83892,1.30149,56.1905
387,0.124138,0.0386,0.0170959,0.00590206,0.0670914,480,0.24338,0.33164,19.3988,1.30149,56.1905
388,0.329489,0.0386,0.233049,0.00590206,0.914582,480,0.24338,0.33164,1.42305,1.30149,56.1905
389,0.207751,0.0386,0.0052794,0.00590206,0.0207186,480,0.24338,0.33164,62.8177,1.30149,56.1905
390,0.241032,0.0386,0.14596,0.00590206,0.572808,480,0.24338,0.33164,2.27213,1.30149,56.1905
391,0.152514,0.0386,0.0130936,0.00590206,0.0513849,480,0.24338,0.33164,25.3283,1.30149,56.1905
392,0.249718,0.0386,0.0215034,0.00590206,0.0843882,480,0.24338,0.33164,15.4227,1.30149,56.1905
393,0.227644,0.0386,0.160683,0.00590206,0.630588,480,0.24338,0.33164,2.06393,1.30149,56.1905
394,0.232119,0.0386,0.0436572,0.00590206,0.171329,480,0.24338,0.33164,7.59645,1.30149,56.1905
395,0.444362,0.0386,0.0376385,0.00590206,0.147709,480,0.24338,0.33164,8.81119,1.30149,56.1905
396,0.266671,0.0386,0.110777,0.00590206,0.434736,480,0.24338,0.33164,2.99376,1.30149,56.1905
397,0.325856,0.0386,0.00686536,0.00590206,0.0269425,480,0.24338,0.33164,48.3063,1.30149,56.1905
398,0.310289,0.0386,0.0154326,0.00590206,0.0605642,480,0.24338,0.33164,21.4895,1.30149,56.1905
399,0.174292,0.0386,0.0122597,0.00590206,0.0481122,480,0.24338,0.33164,27.0512,1.30149,56.1905
400,0.137854,0.0386,0.0256592,0.00590206,0.100697,480,0.24338,0.33164,12.9248,1.30149,56.1905
401,0.405498,0.0386,0.041746,0.00590206,0.163829,480,0.24338,0.33164,7.94422,1.30149,56.1905
402,0.305439,0.0386,0.0204874,0.00590206,0.0804013,480,0.24338,0.33164,16.1875,1.30149,56.1905
403,0.131258,0.0386,0.0184884,0.00590206,0.0725561,480,0.24338,0.33164,17.9378,1.30149,56.1905
404,0.268809,0.0386,0.00579138,0.00590206,0.0227278,480,0.24338,0.33164,57.2644,1.30149,56.1905
405,0.30371,0.0386,0.0108404,0.00590206,0.0425422,480,0.24338,0.33164,30.593,1.30149,56.1905
406,0.217071,0.0386,0.0242673,0.00590206,0.095235,480,0.24338,0.33164,13.6661,1.30149,56.1905
407,0.153225,0.0386,0.0264991,0.00590206,0.103994,480,0.24338,0.33164,12.5151,1.30149,56.1905
408,0.0958131,0.0386,0.147465,0.00590206,0.578714,480,0.24338,0.33164,2.24894,1.30149,56.1905
409,0.259426,0.0386,0.0260287,0.00590206,0.102147,480,0.24338,0.33164,12.7413,1.30149,56.1905
410,0.179098,0.0386,0.00431787,0.00590206,0.0169451,480,0.24338,0.33164,76.8063,1.30149,56.1905
411,0.639187,0.0386,0.0380673,0.00590206,0.149392,480,0.24338,0.33164,8.71192,1.30149,56.1905
412,0.603115,0.0386,0.112479,0.00590206,0.441415,480,0.24338,0.33164,2.94846,1.30149,56.1905
413,0.0224464,0.0386,0.0562556,0.00590206,0.220771,480,0.24338,0.33164,5.89523,1.30149,56.1905
414,0.36867,0.0386,0.0476052,0.00590206,0.186823,480,0.24338,0.33164,6.96646,1.30149,56.1905
415,0.0864358,0.0386,0.0471653,0.00590206,0.185097,480,0.24338,0.33164,7.03143,1.30149,56.1905
416,0.737483,0.0386,0.0127378,0.00590206,0.0499883,480,0.24338,0.33164,26.0359,1.30149,56.1905
417,0.455067,0.0386,0.0606669,0.00590206,0.238082,480,0.24338,0.33164,5.46656,1.30149,56.1905
418,0.167308,0.0386,0.0703376,0.00590206,0.276034,480,0.24338,0.33164,4.71497,1.30149,56.1905
419,0.238984,0.0386,0.0799562,0.00590206,0.313781,480,0.24338,0.33164,4.14777,1.30149,56.1905
420,0.296583,0.0386,0.0279972,0.00590206,0.109873,480,0.24338,0.33164,11.8455,1.30149,56.1905
421,0.184545,0.0386,0.0884352,0.00590206,0.347057,480,0.24338,0.33164,3.75009,1.30149,56.1905
422,0.321934,0.0386,0.026602,0.00590206,0.104397,480,0.24338,0.33164,12.4667,1.30149,56.1905
423,0.339219,0.0386,0.0503635,0.00590206,0.197647,480,0.24338,0.33164,6.58493,1.30149,56.1905
424,0.0924379,0.0386,0.0631621,0.00590206,0.247874,480,0.24338,0.33164,5.25061,1.30149,56.1905
425,0.712167,0.0386,0.0270793,0.00590206,0.10627,480,0.24338,0.33164,12.247,1.30149,56.1905
426,0.336529,0.0386,0.0325285,0.00590206,0.127655,480,0.24338,0.33164,10.1954,1.30149,56.1905
427,0.17158,0.0386,0.0243535,0.00590206,0.0955732,480,0.24338,0.33164,13.6178,1.30149,56.1905
428,0.255638,0.0386,0.0517486,0.00590206,0.203083,480,0.24338,0.33164,6.40867,1.30149,56.1905
429,0.234466,0.0386,0.0230001,0.00590206,0.090262,480,0.24338,0.33164,14.4191,1.30149,56.1905
430,0.409169,0.0386,0.0721713,0.00590206,0.28323,480,0.24338,0.33164,4.59517,1.30149,56.1905
431,0.23927,0.0386,0.056895,0.00590206,0.22328,480,0.24338,0.33164,5.82898,1.30149,56.1905
432,0.234221,0.0386,0.0290312,0.00590206,0.11393,480,0.24338,0.33164,11.4236,1.30149,56.1905
433,0.208362,0.0386,0.0262038,0.00590206,0.102835,480,0.24338,0.33164,12.6562,1.30149,56.1905
434,0.198524,0.0386,0.0572736,0.00590206,0.224765,480,0.24338,0.33164,5.79045,1.30149,56.1905
435,0.0737316,0.0386,0.040458,0.00590206,0.158774,480,0.24338,0.33164,8.19714,1.30149,56.1905
436,0.22495,0.0386,0.0228958,0.00590206,0.0898527,480,0.24338,0.33164,14.4847,1.30149,56.1905
437,0.040858,0.0386,0.0795661,0.00590206,0.312251,480,0.24338,0.33164,4.1681,1.30149,56.1905
438,0.209962,0.0386,0.0955244,0.00590206,0.374878,480,0.24338,0.33164,3.47178,1.30149,56.1905
439,0.26868,0.0386,0.628431,0.00590206,2.46623,480,0.24338,0.33164,0.527727,1.30149,56.1905
440,0.314087,0.0386,0.284821,0.00590206,1.11776,480,0.24338,0.33164,1.16438,1.30149,56.1905
441,0.595976,0.0386,0.0707187,0.00590206,0.27753,480,0.24338,0.33164,4.68956,1.30149,56.1905
442,0.129952,0.0386,0.0387986,0.00590206,0.152262,480,0.24338,0.33164,8.54773,1.30149,56.1905
443,0.0792796,0.0386,0.0145735,0.00590206,0.0571926,480,0.24338,0.33164,22.7563,1.30149,56.1905
444,0.322895,0.0386,0.0749929,0.00590206,0.294303,480,0.24338,0.33164,4.42228,1.30149,56.1905
445,0.20644,0.0386,0.0752318,0.00590206,0.295241,480,0.24338,0.33164,4.40824,1.30149,56.1905
446,0.0978831,0.0386,0.0302048,0.00590206,0.118536,480,0.24338,0.33164,10.9797,1.30149,56.1905
447,0.108935,0.0386,0.0988125,0.00590206,0.387782,480,0.24338,0.33164,3.35625,1.30149,56.1905
448,0.171032,0.0386,0.0127132,0.00590206,0.0498921,480,0.24338,0.33164,26.0861,1.30149,56.1905
449,0.273416,0.0386,0.0120246,0.00590206,0.0471897,480,0.24338,0.33164,27.58,1.30149,56.1905
450,0.183586,0.0386,0.0441907,0.00590206,0.173423,480,0.24338,0.33164,7.50474,1.30149,56.1905
451,0.434239,0.0386,0.00545031,0.00590206,0.0213893,480,0.24338,0.33164,60.8478,1.30149,56.1905
452,0.14448,0.0386,0.0891632,0.00590206,0.349914,480,0.24338,0.33164,3.71947,1.30149,56.1905
453,0.140375,0.0386,0.0222016,0.00590206,0.0871282,480,0.24338,0.33164,14.9377,1.30149,56.1905
454,0.24134,0.0386,0.0522197,0.00590206,0.204932,480,0.24338,0.33164,6.35086,1.30149,56.1905
455,0.510238,0.0386,0.0462061,0.00590206,0.181332,480,0.24338,0.33164,7.1774,1.30149,56.1905
456,0.307382,0.0386,0.0271874,0.00590206,0.106695,480,0.24338,0.33164,12.1983,1.30149,56.1905
457,0.128114,0.0386,0.0175508,0.00590206,0.0688766,480,0.24338,0.33164,18.896,1.30149,56.1905
458,0.206474,0.0386,0.0299956,0.00590206,0.117715,480,0.24338,0.33164,11.0563,1.30149,56.1905
459,0.701132,0.0386,0.0107548,0.00590206,0.0422062,480,0.24338,0.33164,30.8365,1.30149,56.1905
460,0.367471,0.0386,0.145313,0.00590206,0.570269,480,0.24338,0.33164,2.28225,1.30149,56.1905
461,0.071432,0.0386,0.0386091,0.00590206,0.151518,480,0.24338,0.33164,8.58967,1.30149,56.1905
462,0.478353,0.0386,0.112075,0.00590206,0.439828,480,0.24338,0.33164,2.9591,1.30149,56.1905
463,0.163074,0.0386,0.185218,0.00590206,0.726874,480,0.24338,0.33164,1.79054,1.30149,56.1905
464,0.284144,0.0386,0.0291346,0.00590206,0.114336,480,0.24338,0.33164,11.383,1.30149,56.1905
465,0.371608,0.0386,0.00766752,0.00590206,0.0300906,480,0.24338,0.33164,43.2525,1.30149,56.1905
466,0.530113,0.0386,0.0353241,0.00590206,0.138627,480,0.24338,0.33164,9.38848,1.30149,56.1905
467,0.0815901,0.0386,0.196224,0.00590206,0.770064,480,0.24338,0.33164,1.69011,1.30149,56.1905
468,0.142632,0.0386,0.0123468,0.00590206,0.0484539,480,0.24338,0.33164,26.8605,1.30149,56.1905
469,0.398052,0.0386,0.0283318,0.00590206,0.111186,480,0.24338,0.33164,11.7056,1.30149,56.1905
470,0.480687,0.0386,0.0101816,0.00590206,0.0399569,480,0.24338,0.33164,32.5724,1.30149,56.1905
471,0.470656,0.0386,0.0136675,0.00590206,0.053637,480,0.24338,0.33164,24.2648,1.30149,56.1905
472,0.329863,0.0386,0.0257344,0.00590206,0.100992,480,0.24338,0.33164,12.887,1.30149,56.1905
473,0.470433,0.0386,0.00728026,0.00590206,0.0285708,480,0.24338,0.33164,45.5533,1.30149,56.1905
474,0.22731,0.0386,0.0225707,0.00590206,0.088577,480,0.24338,0.33164,14.6934,1.30149,56.1905
475,0.200539,0.0386,0.00316832,0.00590206,0.0124338,480,0.24338,0.33164,104.674,1.30149,56.1905
476,0.866537,0.0386,0.0164674,0.00590206,0.0646249,480,0.24338,0.33164,20.1392,1.30149,56.1905
477,0.393354,0.0386,0.00937086,0.00590206,0.0367752,480,0.24338,0.33164,35.3905,1.30149,56.1905
478,0.307847,0.0386,0.123589,0.00590206,0.485015,480,0.24338,0.33164,2.68341,1.30149,56.1905
479,0.387272,0.0386,0.010402,0.00590206,0.0408218,480,0.24338,0.33164,31.8823,1.30149,56.1905
480,0.125218,0.0386,0.0198727,0.00590206,0.0779886,480,0.24338,0.33164,16.6882,1.30149,56.1905
481,0.0791917,0.0386,0.0243063,0.00590206,0.0953879,480,0.24338,0.33164,13.6442,1.30149,56.1905
482,0.105246,0.0386,0.106078,0.00590206,0.416293,480,0.24338,0.33164,3.12638,1.30149,56.1905
483,0.0616181,0.0386,0.0382125,0.00590206,0.149962,480,0.24338,0.33164,8.67883,1.30149,56.1905
484,0.265468,0.0386,0.0491007,0.00590206,0.192692,480,0.24338,0.33164,6.75427,1.30149,56.1905
485,0.110806,0.0386,0.0104114,0.00590206,0.0408587,480,0.24338,0.33164,31.8535,1.30149,56.1905
486,0.118947,0.0386,0.520634,0.00590206,2.04319,480,0.24338,0.33164,0.636992,1.30149,56.1905
487,0.33288,0.0386,0.0531836,0.00590206,0.208715,480,0.24338,0.33164,6.23575,1.30149,56.1905
488,0.210727,0.0386,0.0100525,0.00590206,0.0394502,480,0.24338,0.33164,32.9907,1.30149,56.1905
489,0.564958,0.0386,0.00444008,0.00590206,0.0174247,480,0.24338,0.33164,74.6923,1.30149,56.1905
490,0.132584,0.0386,0.0516186,0.00590206,0.202573,480,0.24338,0.33164,6.42481,1.30149,56.1905
491,0.310383,0.0386,0.0125861,0.00590206,0.0493929,480,0.24338,0.33164,26.3498,1.30149,56.1905
492,0.19625,0.0386,0.0794196,0.00590206,0.311676,480,0.24338,0.33164,4.17579,1.30149,56.1905
493,0.113535,0.0386,0.0403872,0.00590206,0.158496,480,0.24338,0.33164,8.2115,1.30149,56.1905
494,0.181194,0.0386,0.0245239,0.00590206,0.0962421,480,0.24338,0.33164,13.5231,1.30149,56.1905
495,0.0749579,0.0386,0.00324485,0.00590206,0.0127341,480,0.24338,0.33164,102.205,1.30149,56.1905
496,0.396339,0.0386,0.0113586,0.00590206,0.044576,480,0.24338,0.33164,29.1972,1.30149,56.1905
497,0.445975,0.0386,0.0447935,0.00590206,0.175789,480,0.24338,0.33164,7.40374,1.30149,56.1905
498,0.333987,0.0386,0.0102359,0.00590206,0.0401699,480,0.24338,0.33164,32.3997,1.30149,56.1905
499,0.237938,0.0386,0.0302848,0.00590206,0.11885,480,0.24338,0.33164,10.9507,1.30149,56.1905
