-0,0
8.87836e-11,1
7.48824e-07,2
8.56158e-05,3
0.00166723,4
0.0113306,5
0.0349831,6
0.0643204,7
0.0899929,8
0.109348,9
0.12264,10
0.130751,11
0.134557,12
0.246157,13
0.296872,14
0.310902,15
0.314492,16
0.315613,17
0.31604,18
0.316228,19
0.316313,20
0.316347,21
0.316348,22
0.316321,23
0.316267,24
0.316606,25
0.316671,26
0.316689,27
0.316695,28
0.316698,29
0.316699,30
0.3167,31
0.3167,32
0.3167,33
0.316699,34
0.316698,35
0.316696,36
0.316702,37
0.316703,38
0.316704,39
0.316704,40
0.316704,41
0.316704,42
0.316704,43
0.316704,44
0.316704,45
0.316704,46
0.316704,47
0.316703,48
0.316704,49
0.316704,50
0.316704,51
0.316704,52
0.316704,53
0.316704,54
0.316704,55
0.316704,56
0.316704,57
0.316704,58
0.316704,59
0.316704,60
0.316704,61
0.316704,62
0.316704,63
0.316704,64
0.316704,65
0.316704,66
0.316704,67
0.316704,68
0.316704,69
0.316704,70
0.316704,71
0.316704,72
0.316704,73
0.316704,74
0.316704,75
0.316704,76
0.316704,77
0.316703,78
0.316703,79
0.316702,80
0.316701,81
0.316699,82
0.316696,83
0.316691,84
0.316683,85
0.31667,86
0.31665,87
0.316617,88
0.316564,89
0.316478,90
0.316339,91
0.316115,92
0.315756,93
0.315181,94
0.314268,95
0.312836,96
0.310625,97
0.307295,98
0.302443,99
0.295673,100
0.286705,101
0.275472,102
0.262153,103
0.247107,104
0.230766,105
0.213538,106
0.195761,107
0.177702,108
0.159566,109
0.141529,110
0.123757,111
0.106431,112
0.0897677,113
0.0740262,114
0.0595067,115
0.0465196,116
0.035329,117
0.0260845,118
0.0187745,119
0.0132288,120
0.00917015,121
0.00628385,122
0.00427438,123
0.00289569,124
0.00195855,125
0.00132493,126
0.000897565,127
0.000609441,128
0.000414999,129
0.000283524,130
0.000194396,131
0.000133789,132
9.24398e-05,133
6.41272e-05,134
4.4669e-05,135
3.12446e-05,136
2.19466e-05,137
1.5481e-05,138
1.09668e-05,139
7.80229e-06,140
5.5748e-06,141
4.00045e-06,142
2.88312e-06,143
2.08686e-06,144
1.51706e-06,145
1.10761e-06,146
8.12171e-07,147
5.98108e-07,148
4.42364e-07,149
3.28581e-07,150
2.4511e-07,151
1.83624e-07,152
1.38145e-07,153
1.0437e-07,154
7.91832e-08,155
6.03254e-08,156
4.61492e-08,157
3.54495e-08,158
2.73417e-08,159
2.11736e-08,160
1.64627e-08,161
1.28508e-08,162
1.00708e-08,163
7.92282e-09,164
6.25697e-09,165
4.96016e-09,166
3.9469e-09,167
3.15226e-09,168
2.52682e-09,169
2.03278e-09,170
1.64115e-09,171
1.32962e-09,172
1.08094e-09,173
8.81763e-10,174
7.21691e-10,175
5.92621e-10,176
4.88209e-10,177
4.03471e-10,178
3.34483e-10,179
2.78141e-10,180
2.31986e-10,181
1.94061e-10,182
1.62806e-10,183
1.36973e-10,184
1.1556e-10,185
9.77597e-11,186
8.29223e-11,187
7.05207e-11,188
6.01271e-11,189
5.13937e-11,190
4.40363e-11,191
3.78224e-11,192
3.25613e-11,193
2.8096e-11,194
2.42972e-11,195
2.10577e-11,196
1.8289e-11,197
1.59172e-11,198
1.38811e-11,199
1.21294e-11,200
1.06191e-11,201
9.31427e-12,202
8.18474e-12,203
7.20501e-12,204
6.35356e-12,205
5.6122e-12,206
4.9655e-12,207
4.40037e-12,208
3.90564e-12,209
3.47178e-12,210
3.09068e-12,211
2.75536e-12,212
2.45986e-12,213
2.19902e-12,214
1.96844e-12,215
1.7643e-12,216
1.58329e-12,217
1.42258e-12,218
1.27969e-12,219
1.15246e-12,220
1.03904e-12,221
9.37787e-13,222
8.47285e-13,223
7.66299e-13,224
6.93737e-13,225
6.28645e-13,226
5.70187e-13,227
5.17632e-13,228
4.70337e-13,229
4.27718e-13,230
3.89286e-13,231
3.54587e-13,232
3.23232e-13,233
2.94871e-13,234
2.69192e-13,235
2.45924e-13,236
2.2482e-13,237
2.05664e-13,238
1.88257e-13,239
1.72436e-13,240
1.58036e-13,241
1.44926e-13,242
1.32977e-13,243
1.22078e-13,244
1.12133e-13,245
1.03052e-13,246
9.47529e-14,247
8.71664e-14,248
8.02229e-14,249
7.38668e-14,250
6.80428e-14,251
6.27045e-14,252
5.78102e-14,253
5.33185e-14,254
4.91921e-14,255
4.54035e-14,256
4.19248e-14,257
3.87237e-14,258
3.57769e-14,259
3.30708e-14,260
3.05728e-14,261
2.82783e-14,262
2.61596e-14,263
2.42075e-14,264
2.2408e-14,265
2.07473e-14,266
1.92115e-14,267
1.78006e-14,268
1.64914e-14,269
1.52841e-14,270
1.41692e-14,271
1.31376e-14,272
1.21847e-14,273
1.13011e-14,274
1.0487e-14,275
9.73296e-15,276
9.02981e-15,277
8.38218e-15,278
7.78544e-15,279
7.23033e-15,280
6.71222e-15,281
6.23575e-15,282
5.79629e-15,283
5.38458e-15,284
5.00526e-15,285
4.64906e-15,286
4.32524e-15,287
4.01993e-15,288
3.73775e-15,289
3.47407e-15,290
3.23352e-15,291
3.00685e-15,292
2.79869e-15,293
2.6044e-15,294
2.41936e-15,295
2.25283e-15,296
2.09555e-15,297
1.95214e-15,298
1.81799e-15,299
1.69309e-15,300
1.57282e-15,301
1.46642e-15,302
1.36465e-15,303
1.27213e-15,304
1.18424e-15,305
1.10097e-15,306
1.02696e-15,307
9.57567e-16,308
8.92804e-16,309
8.28041e-16,310
7.7253e-16,311
7.21645e-16,312
6.7076e-16,313
6.245e-16,314
5.82867e-16,315
5.41234e-16,316
5.04226e-16,317
4.71845e-16,318
4.39463e-16,319
4.11708e-16,320
3.79326e-16,321
3.56197e-16,322
3.33067e-16,323
3.09937e-16,324
2.86808e-16,325
2.68304e-16,326
2.498e-16,327
2.31296e-16,328
2.17419e-16,329
2.03541e-16,330
1.89663e-16,331
1.75785e-16,332
1.66533e-16,333
1.52656e-16,334
1.43404e-16,335
1.34152e-16,336
1.249e-16,337
1.15648e-16,338
1.06396e-16,339
1.0177e-16,340
9.25186e-17,341
8.78927e-17,342
8.32667e-17,343
7.86408e-17,344
6.93889e-17,345
6.4763e-17,346
6.01371e-17,347
5.55112e-17,348
5.55112e-17,349
5.08852e-17,350
4.62593e-17,351
4.16334e-17,352
4.16334e-17,353
3.70074e-17,354
3.70074e-17,355
3.23815e-17,356
3.23815e-17,357
2.77556e-17,358
2.77556e-17,359
2.31296e-17,360
2.31296e-17,361
2.31296e-17,362
1.85037e-17,363
1.85037e-17,364
1.85037e-17,365
1.85037e-17,366
1.38778e-17,367
1.38778e-17,368
1.38778e-17,369
1.38778e-17,370
1.38778e-17,371
9.25186e-18,372
9.25186e-18,373
9.25186e-18,374
9.25186e-18,375
9.25186e-18,376
9.25186e-18,377
9.25186e-18,378
4.62593e-18,379
4.62593e-18,380
4.62593e-18,381
4.62593e-18,382
4.62593e-18,383
4.62593e-18,384
4.62593e-18,385
4.62593e-18,386
4.62593e-18,387
4.62593e-18,388
4.62593e-18,389
4.62593e-18,390
4.62593e-18,391
4.62593e-18,392
4.62593e-18,393
4.62593e-18,394
-0,395
-0,396
-0,397
-0,398
-0,399
-0,400
-0,401
-0,402
-0,403
-0,404
-0,405
-0,406
-0,407
-0,408
-0,409
-0,410
-0,411
-0,412
-0,413
-0,414
-0,415
-0,416
-0,417
-0,418
-0,419
-0,420
-0,421
-0,422
-0,423
-0,424
-0,425
-0,426
-0,427
-0,428
-0,429
-0,430
-0,431
-0,432
-0,433
-0,434
-0,435
-0,436
-0,437
-0,438
-0,439
-0,440
-0,441
-0,442
-0,443
-0,444
-0,445
-0,446
-0,447
-0,448
-0,449
-0,450
-0,451
-0,452
-0,453
-0,454
-0,455
-0,456
-0,457
-0,458
-0,459
-0,460
-0,461
-0,462
-0,463
-0,464
-0,465
-0,466
-0,467
-0,468
-0,469
-0,470
-0,471
-0,472
-0,473
-0,474
-0,475
-0,476
-0,477
-0,478
-0,479
-0,480
-0,481
-0,482
-0,483
-0,484
-0,485
-0,486
-0,487
-0,488
-0,489
-0,490
-0,491
-0,492
-0,493
-0,494
-0,495
-0,496
-0,497
-0,498
-0,499
-0,500
-0,501
-0,502
-0,503
-0,504
-0,505
-0,506
-0,507
-0,508
-0,509
-0,510
-0,511
-0,512
-0,513
-0,514
-0,515
-0,516
-0,517
-0,518
-0,519
-0,520
-0,521
-0,522
-0,523
-0,524
-0,525
-0,526
-0,527
-0,528
-0,529
-0,530
-0,531
-0,532
-0,533
-0,534
-0,535
-0,536
-0,537
-0,538
-0,539
-0,540
-0,541
-0,542
-0,543
-0,544
-0,545
-0,546
-0,547
-0,548
-0,549
-0,550
-0,551
-0,552
-0,553
-0,554
-0,555
-0,556
-0,557
-0,558
-0,559
-0,560
-0,561
-0,562
-0,563
-0,564
-0,565
-0,566
-0,567
-0,568
-0,569
-0,570
-0,571
-0,572
-0,573
-0,574
-0,575
-0,576
-0,577
-0,578
-0,579
-0,580
-0,581
-0,582
-0,583
-0,584
-0,585
-0,586
-0,587
-0,588
-0,589
-0,590
-0,591
-0,592
-0,593
-0,594
-0,595
-0,596
-0,597
-0,598
-0,599
-0,600
-0,601
-0,602
-0,603
-0,604
-0,605
-0,606
-0,607
-0,608
-0,609
-0,610
-0,611
-0,612
-0,613
-0,614
-0,615
-0,616
-0,617
-0,618
-0,619
-0,620
-0,621
-0,622
-0,623
-0,624
-0,625
-0,626
-0,627
-0,628
-0,629
-0,630
-0,631
-0,632
-0,633
-0,634
-0,635
-0,636
-0,637
-0,638
-0,639
-0,640
-0,641
-0,642
-0,643
-0,644
-0,645
-0,646
-0,647
-0,648
-0,649
-0,650
-0,651
-0,652
-0,653
-0,654
-0,655
-0,656
-0,657
-0,658
-0,659
-0,660
-0,661
-0,662
-0,663
-0,664
-0,665
-0,666
-0,667
-0,668
-0,669
-0,670
-0,671
-0,672
