PID,i_lum_F1_indiv,i_lum_k12(KA),i_lum_k23(Q/V),i_lum_k32(Q/VP),i_lum_k20(CL/V),total_mg_dose_per_occassion,DS,Q,V,CL,VP
0,0.142528,0.0386,0.0212767,0.00583051,0.0834987,240,0,0.16381,7.699,0.642857,28.0952
1,0.151389,0.0386,0.0107618,0.00583051,0.0422338,240,0,0.16381,15.2214,0.642857,28.0952
2,0.351982,0.0386,0.00805262,0.00583051,0.0316019,240,0,0.16381,20.3424,0.642857,28.0952
3,0.153364,0.0386,0.0308055,0.00583051,0.120894,240,0,0.16381,5.31755,0.642857,28.0952
4,0.314039,0.0386,0.0437544,0.00583051,0.171711,240,0,0.16381,3.74384,0.642857,28.0952
5,0.380141,0.0386,0.0546173,0.00583051,0.214341,240,0,0.16381,2.99923,0.642857,28.0952
6,0.0400502,0.0386,0.0565071,0.00583051,0.221757,240,0,0.16381,2.89892,0.642857,28.0952
7,0.20384,0.0386,0.0293377,0.00583051,0.115134,240,0,0.16381,5.58358,0.642857,28.0952
8,0.617541,0.0386,0.011387,0.00583051,0.0446874,240,0,0.16381,14.3857,0.642857,28.0952
9,0.324806,0.0386,0.0158002,0.00583051,0.0620065,240,0,0.16381,10.3676,0.642857,28.0952
10,0.635495,0.0386,0.0895479,0.00583051,0.351423,240,0,0.16381,1.8293,0.642857,28.0952
11,0.342414,0.0386,0.0232055,0.00583051,0.091068,240,0,0.16381,7.05909,0.642857,28.0952
12,0.396807,0.0386,0.0216329,0.00583051,0.0848964,240,0,0.16381,7.57225,0.642857,28.0952
13,0.243968,0.0386,0.0164306,0.00583051,0.0644806,240,0,0.16381,9.96978,0.642857,28.0952
14,0.340061,0.0386,0.146601,0.00583051,0.575325,240,0,0.16381,1.11738,0.642857,28.0952
15,0.155931,0.0386,0.0475529,0.00583051,0.186618,240,0,0.16381,3.44478,0.642857,28.0952
16,0.339755,0.0386,0.0274918,0.00583051,0.107889,240,0,0.16381,5.95849,0.642857,28.0952
17,0.169172,0.0386,0.0146759,0.00583051,0.0575944,240,0,0.16381,11.1618,0.642857,28.0952
18,0.340591,0.0386,0.0169418,0.00583051,0.0664868,240,0,0.16381,9.66894,0.642857,28.0952
19,0.105967,0.0386,0.0124061,0.00583051,0.0486866,240,0,0.16381,13.204,0.642857,28.0952
20,0.0839589,0.0386,0.0793059,0.00583051,0.311229,240,0,0.16381,2.06554,0.642857,28.0952
21,0.0614441,0.0386,0.0169495,0.00583051,0.066517,240,0,0.16381,9.66456,0.642857,28.0952
22,0.551157,0.0386,0.0542261,0.00583051,0.212806,240,0,0.16381,3.02086,0.642857,28.0952
23,0.12141,0.0386,0.0194384,0.00583051,0.0762846,240,0,0.16381,8.42709,0.642857,28.0952
24,0.144222,0.0386,0.02429,0.00583051,0.0953241,240,0,0.16381,6.74391,0.642857,28.0952
25,0.336426,0.0386,0.0499851,0.00583051,0.196162,240,0,0.16381,3.27717,0.642857,28.0952
26,0.340303,0.0386,0.035363,0.00583051,0.138779,240,0,0.16381,4.63223,0.642857,28.0952
27,0.194622,0.0386,0.0627918,0.00583051,0.246421,240,0,0.16381,2.60877,0.642857,28.0952
28,0.307383,0.0386,0.03608,0.00583051,0.141593,240,0,0.16381,4.54017,0.642857,28.0952
29,0.0793113,0.0386,0.0900237,0.00583051,0.353291,240,0,0.16381,1.81963,0.642857,28.0952
30,0.292999,0.0386,0.0355473,0.00583051,0.139503,240,0,0.16381,4.60821,0.642857,28.0952
31,0.202148,0.0386,0.055321,0.00583051,0.217103,240,0,0.16381,2.96107,0.642857,28.0952
32,0.165915,0.0386,0.0850229,0.00583051,0.333666,240,0,0.16381,1.92665,0.642857,28.0952
33,0.0733451,0.0386,0.0136607,0.00583051,0.0536104,240,0,0.16381,11.9913,0.642857,28.0952
34,0.197294,0.0386,0.00860475,0.00583051,0.0337686,240,0,0.16381,19.0371,0.642857,28.0952
35,0.397427,0.0386,0.0906206,0.00583051,0.355633,240,0,0.16381,1.80764,0.642857,28.0952
36,0.115119,0.0386,0.0113968,0.00583051,0.0447258,240,0,0.16381,14.3733,0.642857,28.0952
37,0.355028,0.0386,0.131938,0.00583051,0.517781,240,0,0.16381,1.24156,0.642857,28.0952
38,0.100992,0.0386,0.130328,0.00583051,0.511462,240,0,0.16381,1.2569,0.642857,28.0952
39,0.152371,0.0386,0.0572048,0.00583051,0.224496,240,0,0.16381,2.86356,0.642857,28.0952
40,0.0812057,0.0386,0.0350913,0.00583051,0.137713,240,0,0.16381,4.6681,0.642857,28.0952
41,0.135189,0.0386,0.0262299,0.00583051,0.102937,240,0,0.16381,6.24514,0.642857,28.0952
42,0.234382,0.0386,0.0226437,0.00583051,0.0888632,240,0,0.16381,7.23423,0.642857,28.0952
43,0.405291,0.0386,0.117473,0.00583051,0.461015,240,0,0.16381,1.39444,0.642857,28.0952
44,0.175007,0.0386,0.0365799,0.00583051,0.143555,240,0,0.16381,4.47813,0.642857,28.0952
45,0.665725,0.0386,0.0377744,0.00583051,0.148242,240,0,0.16381,4.33653,0.642857,28.0952
46,0.281791,0.0386,0.0144029,0.00583051,0.0565231,240,0,0.16381,11.3734,0.642857,28.0952
47,0.331953,0.0386,0.011921,0.00583051,0.046783,240,0,0.16381,13.7412,0.642857,28.0952
48,0.174784,0.0386,0.0245975,0.00583051,0.0965307,240,0,0.16381,6.65961,0.642857,28.0952
49,0.118331,0.0386,0.0641588,0.00583051,0.251786,240,0,0.16381,2.55319,0.642857,28.0952
50,0.366896,0.0386,0.0555183,0.00583051,0.217877,240,0,0.16381,2.95055,0.642857,28.0952
51,0.213945,0.0386,0.0573307,0.00583051,0.22499,240,0,0.16381,2.85727,0.642857,28.0952
52,0.180944,0.0386,0.00585163,0.00583051,0.0229642,240,0,0.16381,27.9938,0.642857,28.0952
53,0.140125,0.0386,0.0137694,0.00583051,0.0540367,240,0,0.16381,11.8967,0.642857,28.0952
54,0.231581,0.0386,0.00543447,0.00583051,0.0213271,240,0,0.16381,30.1427,0.642857,28.0952
55,0.123141,0.0386,0.018447,0.00583051,0.0723937,240,0,0.16381,8.88002,0.642857,28.0952
56,0.277702,0.0386,0.0257095,0.00583051,0.100895,240,0,0.16381,6.37155,0.642857,28.0952
57,0.220571,0.0386,0.0353448,0.00583051,0.138708,240,0,0.16381,4.63461,0.642857,28.0952
58,0.606721,0.0386,0.0134964,0.00583051,0.0529656,240,0,0.16381,12.1373,0.642857,28.0952
59,0.314945,0.0386,0.0172627,0.00583051,0.0677461,240,0,0.16381,9.48921,0.642857,28.0952
60,0.106412,0.0386,0.0181756,0.00583051,0.0713286,240,0,0.16381,9.01261,0.642857,28.0952
61,0.395368,0.0386,0.0738721,0.00583051,0.289905,240,0,0.16381,2.21747,0.642857,28.0952
62,0.117134,0.0386,0.190643,0.00583051,0.748163,240,0,0.16381,0.859248,0.642857,28.0952
63,0.232627,0.0386,0.108054,0.00583051,0.424049,240,0,0.16381,1.516,0.642857,28.0952
64,0.142291,0.0386,0.00865434,0.00583051,0.0339632,240,0,0.16381,18.928,0.642857,28.0952
65,0.0677256,0.0386,0.017385,0.00583051,0.0682262,240,0,0.16381,9.42244,0.642857,28.0952
66,0.432706,0.0386,0.0416974,0.00583051,0.163638,240,0,0.16381,3.92853,0.642857,28.0952
67,0.0388811,0.0386,0.0123316,0.00583051,0.0483945,240,0,0.16381,13.2837,0.642857,28.0952
68,0.398922,0.0386,0.0254947,0.00583051,0.100052,240,0,0.16381,6.42523,0.642857,28.0952
69,0.416792,0.0386,0.0253919,0.00583051,0.0996485,240,0,0.16381,6.45125,0.642857,28.0952
70,0.0851543,0.0386,0.0441875,0.00583051,0.17341,240,0,0.16381,3.70715,0.642857,28.0952
71,0.326972,0.0386,0.00293142,0.00583051,0.0115041,240,0,0.16381,55.8806,0.642857,28.0952
72,0.204747,0.0386,0.0166505,0.00583051,0.0653435,240,0,0.16381,9.83812,0.642857,28.0952
73,0.235677,0.0386,0.0926449,0.00583051,0.363577,240,0,0.16381,1.76814,0.642857,28.0952
74,0.212002,0.0386,0.0436104,0.00583051,0.171145,240,0,0.16381,3.7562,0.642857,28.0952
75,0.1456,0.0386,0.0651903,0.00583051,0.255834,240,0,0.16381,2.51279,0.642857,28.0952
76,0.496053,0.0386,0.0269966,0.00583051,0.105946,240,0,0.16381,6.06778,0.642857,28.0952
77,0.0899838,0.0386,0.152932,0.00583051,0.600169,240,0,0.16381,1.07113,0.642857,28.0952
78,0.460104,0.0386,0.0186339,0.00583051,0.0731271,240,0,0.16381,8.79095,0.642857,28.0952
79,0.351802,0.0386,0.0171071,0.00583051,0.0671354,240,0,0.16381,9.57553,0.642857,28.0952
80,0.495783,0.0386,0.0144012,0.00583051,0.0565162,240,0,0.16381,11.3747,0.642857,28.0952
81,0.213929,0.0386,0.264188,0.00583051,1.03678,240,0,0.16381,0.620049,0.642857,28.0952
82,0.592382,0.0386,0.380652,0.00583051,1.49384,240,0,0.16381,0.430339,0.642857,28.0952
83,0.44786,0.0386,0.180411,0.00583051,0.70801,240,0,0.16381,0.907978,0.642857,28.0952
84,0.171822,0.0386,0.0308663,0.00583051,0.121132,240,0,0.16381,5.30707,0.642857,28.0952
85,0.376295,0.0386,0.0354984,0.00583051,0.139311,240,0,0.16381,4.61456,0.642857,28.0952
86,0.0747535,0.0386,0.169461,0.00583051,0.665036,240,0,0.16381,0.96665,0.642857,28.0952
87,0.376387,0.0386,0.00302149,0.00583051,0.0118576,240,0,0.16381,54.2149,0.642857,28.0952
88,0.73417,0.0386,0.0262633,0.00583051,0.103068,240,0,0.16381,6.23719,0.642857,28.0952
89,0.313785,0.0386,0.0382739,0.00583051,0.150203,240,0,0.16381,4.27993,0.642857,28.0952
90,0.172911,0.0386,0.0822009,0.00583051,0.322591,240,0,0.16381,1.99279,0.642857,28.0952
91,0.186231,0.0386,0.0691384,0.00583051,0.271328,240,0,0.16381,2.3693,0.642857,28.0952
92,0.0189455,0.0386,0.00563912,0.00583051,0.0221303,240,0,0.16381,29.0488,0.642857,28.0952
93,0.443215,0.0386,0.0502641,0.00583051,0.197257,240,0,0.16381,3.25898,0.642857,28.0952
94,0.00945456,0.0386,0.0303072,0.00583051,0.118938,240,0,0.16381,5.40496,0.642857,28.0952
95,0.29647,0.0386,0.0261469,0.00583051,0.102611,240,0,0.16381,6.26497,0.642857,28.0952
96,0.371216,0.0386,0.0078181,0.00583051,0.0306815,240,0,0.16381,20.9526,0.642857,28.0952
97,0.191875,0.0386,0.0251511,0.00583051,0.0987036,240,0,0.16381,6.51301,0.642857,28.0952
98,0.543737,0.0386,0.040359,0.00583051,0.158386,240,0,0.16381,4.05881,0.642857,28.0952
99,0.847648,0.0386,0.01915,0.00583051,0.0751528,240,0,0.16381,8.554,0.642857,28.0952
100,0.142808,0.0386,0.0639516,0.00583051,0.250973,240,0,0.16381,2.56146,0.642857,28.0952
101,0.103569,0.0386,0.538933,0.00583051,2.115,240,0,0.16381,0.303952,0.642857,28.0952
102,0.084897,0.0386,0.0694342,0.00583051,0.272489,240,0,0.16381,2.35921,0.642857,28.0952
103,0.259214,0.0386,0.0104353,0.00583051,0.0409524,240,0,0.16381,15.6977,0.642857,28.0952
104,0.0603869,0.0386,0.250833,0.00583051,0.984372,240,0,0.16381,0.653063,0.642857,28.0952
105,0.441968,0.0386,0.0127939,0.00583051,0.0502086,240,0,0.16381,12.8037,0.642857,28.0952
106,0.410002,0.0386,0.0782215,0.00583051,0.306974,240,0,0.16381,2.09418,0.642857,28.0952
107,0.412823,0.0386,0.0414995,0.00583051,0.162861,240,0,0.16381,3.94726,0.642857,28.0952
108,0.164523,0.0386,0.0238,0.00583051,0.0934012,240,0,0.16381,6.88275,0.642857,28.0952
109,0.229324,0.0386,0.0207144,0.00583051,0.0812921,240,0,0.16381,7.90799,0.642857,28.0952
110,0.0545183,0.0386,0.00529306,0.00583051,0.0207722,240,0,0.16381,30.948,0.642857,28.0952
111,0.345272,0.0386,0.0400931,0.00583051,0.157342,240,0,0.16381,4.08573,0.642857,28.0952
112,0.273632,0.0386,0.023795,0.00583051,0.0933817,240,0,0.16381,6.88419,0.642857,28.0952
113,0.436257,0.0386,0.587319,0.00583051,2.30488,240,0,0.16381,0.278911,0.642857,28.0952
114,0.270311,0.0386,0.00645222,0.00583051,0.0253212,240,0,0.16381,25.3881,0.642857,28.0952
115,0.182009,0.0386,0.0284143,0.00583051,0.11151,240,0,0.16381,5.76503,0.642857,28.0952
116,0.063544,0.0386,0.00787595,0.00583051,0.0309085,240,0,0.16381,20.7987,0.642857,28.0952
117,0.22401,0.0386,0.0315645,0.00583051,0.123872,240,0,0.16381,5.18967,0.642857,28.0952
118,0.31002,0.0386,0.0363124,0.00583051,0.142505,240,0,0.16381,4.51112,0.642857,28.0952
119,0.170955,0.0386,0.00501928,0.00583051,0.0196978,240,0,0.16381,32.636,0.642857,28.0952
120,0.334097,0.0386,0.0521523,0.00583051,0.204668,240,0,0.16381,3.14098,0.642857,28.0952
121,0.238694,0.0386,0.0323618,0.00583051,0.127001,240,0,0.16381,5.06181,0.642857,28.0952
122,0.25268,0.0386,0.0188321,0.00583051,0.0739049,240,0,0.16381,8.69843,0.642857,28.0952
123,0.185628,0.0386,0.0451367,0.00583051,0.177135,240,0,0.16381,3.62919,0.642857,28.0952
124,0.370328,0.0386,0.0286534,0.00583051,0.112448,240,0,0.16381,5.71693,0.642857,28.0952
125,0.52013,0.0386,0.0807267,0.00583051,0.316805,240,0,0.16381,2.02919,0.642857,28.0952
126,0.418987,0.0386,0.152683,0.00583051,0.599191,240,0,0.16381,1.07288,0.642857,28.0952
127,0.488085,0.0386,0.1016,0.00583051,0.398719,240,0,0.16381,1.61231,0.642857,28.0952
128,0.116664,0.0386,0.0415998,0.00583051,0.163255,240,0,0.16381,3.93775,0.642857,28.0952
129,0.240633,0.0386,0.0237442,0.00583051,0.0931823,240,0,0.16381,6.89892,0.642857,28.0952
130,0.257294,0.0386,0.00863814,0.00583051,0.0338997,240,0,0.16381,18.9635,0.642857,28.0952
131,0.724128,0.0386,0.0425557,0.00583051,0.167006,240,0,0.16381,3.8493,0.642857,28.0952
132,0.150947,0.0386,0.0105578,0.00583051,0.0414331,240,0,0.16381,15.5155,0.642857,28.0952
133,0.638737,0.0386,0.0633294,0.00583051,0.248531,240,0,0.16381,2.58663,0.642857,28.0952
134,0.296889,0.0386,0.0268815,0.00583051,0.105494,240,0,0.16381,6.09377,0.642857,28.0952
135,0.381933,0.0386,0.00820761,0.00583051,0.0322101,240,0,0.16381,19.9582,0.642857,28.0952
136,0.195048,0.0386,0.0485053,0.00583051,0.190355,240,0,0.16381,3.37715,0.642857,28.0952
137,0.112209,0.0386,0.0767726,0.00583051,0.301288,240,0,0.16381,2.1337,0.642857,28.0952
138,0.315377,0.0386,0.0963761,0.00583051,0.37822,240,0,0.16381,1.69969,0.642857,28.0952
139,0.391019,0.0386,0.00873416,0.00583051,0.0342765,240,0,0.16381,18.755,0.642857,28.0952
140,0.107947,0.0386,0.0368395,0.00583051,0.144573,240,0,0.16381,4.44658,0.642857,28.0952
141,0.271792,0.0386,0.0935094,0.00583051,0.36697,240,0,0.16381,1.7518,0.642857,28.0952
142,0.193752,0.0386,0.0520182,0.00583051,0.204141,240,0,0.16381,3.14908,0.642857,28.0952
143,0.218885,0.0386,0.581565,0.00583051,2.28231,240,0,0.16381,0.28167,0.642857,28.0952
144,0.258782,0.0386,0.11387,0.00583051,0.446874,240,0,0.16381,1.43857,0.642857,28.0952
145,0.10448,0.0386,0.166877,0.00583051,0.654897,240,0,0.16381,0.981616,0.642857,28.0952
146,0.100089,0.0386,0.0848263,0.00583051,0.332894,240,0,0.16381,1.93112,0.642857,28.0952
147,0.537505,0.0386,0.0232553,0.00583051,0.0912636,240,0,0.16381,7.04396,0.642857,28.0952
148,0.223736,0.0386,0.0743953,0.00583051,0.291958,240,0,0.16381,2.20188,0.642857,28.0952
149,0.179285,0.0386,0.06092,0.00583051,0.239075,240,0,0.16381,2.68893,0.642857,28.0952
150,0.24975,0.0386,0.0446762,0.00583051,0.175328,240,0,0.16381,3.6666,0.642857,28.0952
151,0.291498,0.0386,0.0375153,0.00583051,0.147226,240,0,0.16381,4.36647,0.642857,28.0952
152,0.252653,0.0386,0.023973,0.00583051,0.0940803,240,0,0.16381,6.83307,0.642857,28.0952
153,0.0986832,0.0386,0.0447535,0.00583051,0.175631,240,0,0.16381,3.66026,0.642857,28.0952
154,0.0296021,0.0386,0.294414,0.00583051,1.1554,240,0,0.16381,0.556392,0.642857,28.0952
155,0.0409696,0.0386,0.00473683,0.00583051,0.0185893,240,0,0.16381,34.5821,0.642857,28.0952
156,0.293687,0.0386,0.0161217,0.00583051,0.0632684,240,0,0.16381,10.1608,0.642857,28.0952
157,0.320153,0.0386,0.00863184,0.00583051,0.033875,240,0,0.16381,18.9774,0.642857,28.0952
158,0.450978,0.0386,0.016034,0.00583051,0.062924,240,0,0.16381,10.2164,0.642857,28.0952
159,0.107327,0.0386,0.00855104,0.00583051,0.0335579,240,0,0.16381,19.1567,0.642857,28.0952
160,0.0852242,0.0386,0.0485465,0.00583051,0.190517,240,0,0.16381,3.37428,0.642857,28.0952
161,0.0656871,0.0386,0.0432943,0.00583051,0.169905,240,0,0.16381,3.78363,0.642857,28.0952
162,0.507243,0.0386,0.0106014,0.00583051,0.0416045,240,0,0.16381,15.4516,0.642857,28.0952
163,0.372807,0.0386,0.0701981,0.00583051,0.275487,240,0,0.16381,2.33353,0.642857,28.0952
164,0.188714,0.0386,0.0207032,0.00583051,0.0812479,240,0,0.16381,7.91229,0.642857,28.0952
165,0.118461,0.0386,0.0223392,0.00583051,0.0876685,240,0,0.16381,7.33281,0.642857,28.0952
166,0.168824,0.0386,0.0403522,0.00583051,0.158359,240,0,0.16381,4.05949,0.642857,28.0952
167,0.311772,0.0386,0.0138663,0.00583051,0.054417,240,0,0.16381,11.8135,0.642857,28.0952
168,0.37084,0.0386,0.0863605,0.00583051,0.338915,240,0,0.16381,1.89681,0.642857,28.0952
169,0.298151,0.0386,0.0110369,0.00583051,0.0433133,240,0,0.16381,14.842,0.642857,28.0952
170,0.0668827,0.0386,0.233426,0.00583051,0.916061,240,0,0.16381,0.701762,0.642857,28.0952
171,0.322375,0.0386,0.154705,0.00583051,0.607128,240,0,0.16381,1.05885,0.642857,28.0952
172,0.664238,0.0386,0.00813465,0.00583051,0.0319238,240,0,0.16381,20.1373,0.642857,28.0952
173,0.501723,0.0386,0.0273524,0.00583051,0.107342,240,0,0.16381,5.98886,0.642857,28.0952
174,0.265188,0.0386,0.0429208,0.00583051,0.168439,240,0,0.16381,3.81655,0.642857,28.0952
175,0.554494,0.0386,0.0472796,0.00583051,0.185545,240,0,0.16381,3.4647,0.642857,28.0952
176,0.0355393,0.0386,0.00651967,0.00583051,0.0255859,240,0,0.16381,25.1254,0.642857,28.0952
177,0.110676,0.0386,0.0189699,0.00583051,0.0744456,240,0,0.16381,8.63526,0.642857,28.0952
178,0.276933,0.0386,0.00870412,0.00583051,0.0341586,240,0,0.16381,18.8198,0.642857,28.0952
179,0.0952999,0.0386,0.0503263,0.00583051,0.197502,240,0,0.16381,3.25495,0.642857,28.0952
180,0.18931,0.0386,0.0736383,0.00583051,0.288987,240,0,0.16381,2.22452,0.642857,28.0952
181,0.126701,0.0386,0.113055,0.00583051,0.443673,240,0,0.16381,1.44894,0.642857,28.0952
182,0.193094,0.0386,0.0782458,0.00583051,0.307069,240,0,0.16381,2.09352,0.642857,28.0952
183,0.375384,0.0386,0.0442624,0.00583051,0.173704,240,0,0.16381,3.70088,0.642857,28.0952
184,0.415644,0.0386,0.0165562,0.00583051,0.0649733,240,0,0.16381,9.89417,0.642857,28.0952
185,0.249182,0.0386,0.00307917,0.00583051,0.012084,240,0,0.16381,53.1992,0.642857,28.0952
186,0.53047,0.0386,0.0241097,0.00583051,0.0946165,240,0,0.16381,6.79434,0.642857,28.0952
187,0.24547,0.0386,0.0571656,0.00583051,0.224342,240,0,0.16381,2.86553,0.642857,28.0952
188,0.18387,0.0386,0.0277382,0.00583051,0.108856,240,0,0.16381,5.90555,0.642857,28.0952
189,0.518263,0.0386,0.0360235,0.00583051,0.141371,240,0,0.16381,4.54729,0.642857,28.0952
190,0.475167,0.0386,0.0100157,0.00583051,0.0393058,240,0,0.16381,16.3553,0.642857,28.0952
191,0.14438,0.0386,0.0235817,0.00583051,0.0925447,240,0,0.16381,6.94645,0.642857,28.0952
192,0.111256,0.0386,0.00701762,0.00583051,0.0275401,240,0,0.16381,23.3426,0.642857,28.0952
193,0.0759395,0.0386,0.0816598,0.00583051,0.320467,240,0,0.16381,2.006,0.642857,28.0952
194,0.1148,0.0386,0.0123382,0.00583051,0.0484201,240,0,0.16381,13.2766,0.642857,28.0952
195,0.446149,0.0386,0.0128316,0.00583051,0.0503565,240,0,0.16381,12.7661,0.642857,28.0952
196,0.450866,0.0386,0.0197264,0.00583051,0.0774145,240,0,0.16381,8.30409,0.642857,28.0952
197,0.279642,0.0386,0.100567,0.00583051,0.394666,240,0,0.16381,1.62886,0.642857,28.0952
198,0.458994,0.0386,0.0238049,0.00583051,0.0934205,240,0,0.16381,6.88133,0.642857,28.0952
199,0.542929,0.0386,0.00638311,0.00583051,0.02505,240,0,0.16381,25.663,0.642857,28.0952
200,1.13627,0.0386,0.0488782,0.00583051,0.191819,240,0,0.16381,3.35138,0.642857,28.0952
201,0.162569,0.0386,0.00219987,0.00583051,0.00863322,240,0,0.16381,74.4632,0.642857,28.0952
202,0.277302,0.0386,0.0503015,0.00583051,0.197404,240,0,0.16381,3.25655,0.642857,28.0952
203,0.0813696,0.0386,0.0154656,0.00583051,0.0606936,240,0,0.16381,10.5918,0.642857,28.0952
204,0.192907,0.0386,0.0226845,0.00583051,0.0890233,240,0,0.16381,7.22122,0.642857,28.0952
205,0.0792185,0.0386,0.10125,0.00583051,0.397349,240,0,0.16381,1.61787,0.642857,28.0952
206,0.555511,0.0386,0.0544742,0.00583051,0.21378,240,0,0.16381,3.0071,0.642857,28.0952
207,0.37089,0.0386,0.0848708,0.00583051,0.333069,240,0,0.16381,1.9301,0.642857,28.0952
208,0.614342,0.0386,0.0328978,0.00583051,0.129105,240,0,0.16381,4.97934,0.642857,28.0952
209,0.2219,0.0386,0.335651,0.00583051,1.31723,240,0,0.16381,0.488036,0.642857,28.0952
210,0.0907165,0.0386,0.0159691,0.00583051,0.0626696,240,0,0.16381,10.2579,0.642857,28.0952
211,0.190466,0.0386,0.0142881,0.00583051,0.0560726,240,0,0.16381,11.4647,0.642857,28.0952
212,0.554366,0.0386,0.018763,0.00583051,0.0736341,240,0,0.16381,8.73043,0.642857,28.0952
213,0.120557,0.0386,0.105682,0.00583051,0.414739,240,0,0.16381,1.55003,0.642857,28.0952
214,0.167961,0.0386,0.0141263,0.00583051,0.0554375,240,0,0.16381,11.5961,0.642857,28.0952
215,0.202529,0.0386,0.0352434,0.00583051,0.13831,240,0,0.16381,4.64795,0.642857,28.0952
216,0.207474,0.0386,0.0152711,0.00583051,0.0599304,240,0,0.16381,10.7267,0.642857,28.0952
217,0.259229,0.0386,0.0929344,0.00583051,0.364714,240,0,0.16381,1.76264,0.642857,28.0952
218,0.323675,0.0386,0.0150414,0.00583051,0.0590286,240,0,0.16381,10.8906,0.642857,28.0952
219,0.196354,0.0386,0.0137995,0.00583051,0.0541549,240,0,0.16381,11.8707,0.642857,28.0952
220,0.0267194,0.0386,0.0584213,0.00583051,0.229269,240,0,0.16381,2.80394,0.642857,28.0952
221,0.479107,0.0386,0.106141,0.00583051,0.41654,240,0,0.16381,1.54333,0.642857,28.0952
222,0.307888,0.0386,0.0399715,0.00583051,0.156865,240,0,0.16381,4.09816,0.642857,28.0952
223,0.0985986,0.0386,0.0532102,0.00583051,0.208819,240,0,0.16381,3.07854,0.642857,28.0952
224,0.272502,0.0386,0.00763398,0.00583051,0.0299589,240,0,0.16381,21.4579,0.642857,28.0952
225,0.338297,0.0386,0.0110633,0.00583051,0.0434169,240,0,0.16381,14.8066,0.642857,28.0952
226,0.203107,0.0386,0.0201662,0.00583051,0.0791408,240,0,0.16381,8.12296,0.642857,28.0952
227,0.177303,0.0386,0.0596951,0.00583051,0.234268,240,0,0.16381,2.7441,0.642857,28.0952
228,0.25524,0.0386,0.0213029,0.00583051,0.0836014,240,0,0.16381,7.68955,0.642857,28.0952
229,0.439379,0.0386,0.0611732,0.00583051,0.240069,240,0,0.16381,2.6778,0.642857,28.0952
230,0.374379,0.0386,0.0384369,0.00583051,0.150842,240,0,0.16381,4.26178,0.642857,28.0952
231,0.30202,0.0386,0.0942138,0.00583051,0.369734,240,0,0.16381,1.7387,0.642857,28.0952
232,0.169916,0.0386,0.00498477,0.00583051,0.0195623,240,0,0.16381,32.862,0.642857,28.0952
233,0.461915,0.0386,0.134696,0.00583051,0.528603,240,0,0.16381,1.21614,0.642857,28.0952
234,0.113757,0.0386,0.0807335,0.00583051,0.316832,240,0,0.16381,2.02901,0.642857,28.0952
235,0.732549,0.0386,0.00710198,0.00583051,0.0278712,240,0,0.16381,23.0653,0.642857,28.0952
236,0.702564,0.0386,0.0283108,0.00583051,0.111104,240,0,0.16381,5.78611,0.642857,28.0952
237,0.528713,0.0386,0.0495733,0.00583051,0.194546,240,0,0.16381,3.30439,0.642857,28.0952
238,0.478881,0.0386,0.0125447,0.00583051,0.0492305,240,0,0.16381,13.0581,0.642857,28.0952
239,0.192205,0.0386,0.0082671,0.00583051,0.0324436,240,0,0.16381,19.8146,0.642857,28.0952
240,0.241717,0.0386,0.00656291,0.00583051,0.0257556,240,0,0.16381,24.9599,0.642857,28.0952
241,0.27696,0.0386,0.0301599,0.00583051,0.11836,240,0,0.16381,5.43136,0.642857,28.0952
242,0.13571,0.0386,0.0171764,0.00583051,0.0674073,240,0,0.16381,9.53691,0.642857,28.0952
243,0.0990545,0.0386,0.0218603,0.00583051,0.0857891,240,0,0.16381,7.49346,0.642857,28.0952
244,0.199716,0.0386,0.184196,0.00583051,0.72286,240,0,0.16381,0.889324,0.642857,28.0952
245,0.208792,0.0386,0.0260226,0.00583051,0.102123,240,0,0.16381,6.2949,0.642857,28.0952
246,0.109582,0.0386,0.0337052,0.00583051,0.132273,240,0,0.16381,4.86007,0.642857,28.0952
247,0.118648,0.0386,0.191079,0.00583051,0.749873,240,0,0.16381,0.857288,0.642857,28.0952
248,0.0661298,0.0386,0.102643,0.00583051,0.402815,240,0,0.16381,1.59591,0.642857,28.0952
249,0.280173,0.0386,0.0149994,0.00583051,0.0588639,240,0,0.16381,10.9211,0.642857,28.0952
250,0.276277,0.0386,0.029772,0.00583051,0.116838,240,0,0.16381,5.50213,0.642857,28.0952
251,0.455317,0.0386,0.0195222,0.00583051,0.0766135,240,0,0.16381,8.39092,0.642857,28.0952
252,0.588294,0.0386,0.0703434,0.00583051,0.276057,240,0,0.16381,2.32871,0.642857,28.0952
253,0.248195,0.0386,0.0483653,0.00583051,0.189805,240,0,0.16381,3.38693,0.642857,28.0952
254,0.154423,0.0386,0.122599,0.00583051,0.48113,240,0,0.16381,1.33614,0.642857,28.0952
255,0.184249,0.0386,0.0144743,0.00583051,0.0568033,240,0,0.16381,11.3173,0.642857,28.0952
256,0.347325,0.0386,0.00782189,0.00583051,0.0306964,240,0,0.16381,20.9424,0.642857,28.0952
257,0.163998,0.0386,0.00368794,0.00583051,0.014473,240,0,0.16381,44.4176,0.642857,28.0952
258,0.295898,0.0386,0.0137959,0.00583051,0.0541411,240,0,0.16381,11.8737,0.642857,28.0952
259,0.262278,0.0386,0.374609,0.00583051,1.47012,240,0,0.16381,0.437282,0.642857,28.0952
260,0.238344,0.0386,0.0802307,0.00583051,0.314859,240,0,0.16381,2.04173,0.642857,28.0952
261,0.167844,0.0386,0.0106687,0.00583051,0.0418685,240,0,0.16381,15.3542,0.642857,28.0952
262,0.126589,0.0386,0.0190653,0.00583051,0.0748202,240,0,0.16381,8.59203,0.642857,28.0952
263,0.225311,0.0386,0.0523297,0.00583051,0.205364,240,0,0.16381,3.13034,0.642857,28.0952
264,0.32785,0.0386,0.0358413,0.00583051,0.140656,240,0,0.16381,4.57041,0.642857,28.0952
265,0.158385,0.0386,0.084359,0.00583051,0.33106,240,0,0.16381,1.94182,0.642857,28.0952
266,0.378832,0.0386,0.0228453,0.00583051,0.0896544,240,0,0.16381,7.17039,0.642857,28.0952
267,0.123564,0.0386,0.10905,0.00583051,0.427958,240,0,0.16381,1.50215,0.642857,28.0952
268,0.0827967,0.0386,0.0712913,0.00583051,0.279777,240,0,0.16381,2.29775,0.642857,28.0952
269,0.422905,0.0386,0.0429707,0.00583051,0.168635,240,0,0.16381,3.81213,0.642857,28.0952
270,0.191045,0.0386,0.00444656,0.00583051,0.0174502,240,0,0.16381,36.8396,0.642857,28.0952
271,0.2524,0.0386,0.0545926,0.00583051,0.214244,240,0,0.16381,3.00058,0.642857,28.0952
272,0.274369,0.0386,0.0163695,0.00583051,0.0642409,240,0,0.16381,10.007,0.642857,28.0952
273,0.180608,0.0386,0.0847548,0.00583051,0.332613,240,0,0.16381,1.93275,0.642857,28.0952
274,0.13627,0.0386,0.00478099,0.00583051,0.0187626,240,0,0.16381,34.2627,0.642857,28.0952
275,0.117344,0.0386,0.131557,0.00583051,0.516285,240,0,0.16381,1.24516,0.642857,28.0952
276,0.127971,0.0386,0.0110839,0.00583051,0.043498,240,0,0.16381,14.779,0.642857,28.0952
277,0.195101,0.0386,0.0821105,0.00583051,0.322236,240,0,0.16381,1.99499,0.642857,28.0952
278,0.416,0.0386,0.541268,0.00583051,2.12416,240,0,0.16381,0.30264,0.642857,28.0952
279,0.0572823,0.0386,0.0286718,0.00583051,0.11252,240,0,0.16381,5.71326,0.642857,28.0952
280,0.313987,0.0386,0.0112859,0.00583051,0.0442905,240,0,0.16381,14.5146,0.642857,28.0952
281,0.0429851,0.0386,0.0246863,0.00583051,0.0968792,240,0,0.16381,6.63565,0.642857,28.0952
282,0.116286,0.0386,0.0395525,0.00583051,0.155221,240,0,0.16381,4.14157,0.642857,28.0952
283,0.213675,0.0386,0.00248482,0.00583051,0.00975145,240,0,0.16381,65.9242,0.642857,28.0952
284,0.496127,0.0386,0.0512299,0.00583051,0.201048,240,0,0.16381,3.19754,0.642857,28.0952
285,0.284734,0.0386,0.0284788,0.00583051,0.111763,240,0,0.16381,5.75198,0.642857,28.0952
286,0.385173,0.0386,0.0947629,0.00583051,0.371889,240,0,0.16381,1.72862,0.642857,28.0952
287,0.15207,0.0386,0.0364528,0.00583051,0.143056,240,0,0.16381,4.49375,0.642857,28.0952
288,0.202213,0.0386,0.0197305,0.00583051,0.0774309,240,0,0.16381,8.30234,0.642857,28.0952
289,0.175599,0.0386,0.025963,0.00583051,0.10189,240,0,0.16381,6.30935,0.642857,28.0952
290,0.369029,0.0386,0.0399949,0.00583051,0.156957,240,0,0.16381,4.09577,0.642857,28.0952
291,0.249927,0.0386,0.014566,0.00583051,0.0571632,240,0,0.16381,11.246,0.642857,28.0952
292,0.388938,0.0386,0.0326463,0.00583051,0.128118,240,0,0.16381,5.0177,0.642857,28.0952
293,0.223064,0.0386,0.0420055,0.00583051,0.164847,240,0,0.16381,3.89971,0.642857,28.0952
294,0.166234,0.0386,0.0595123,0.00583051,0.233551,240,0,0.16381,2.75253,0.642857,28.0952
295,0.117167,0.0386,0.00447792,0.00583051,0.0175732,240,0,0.16381,36.5816,0.642857,28.0952
296,0.218859,0.0386,0.0281872,0.00583051,0.110618,240,0,0.16381,5.81148,0.642857,28.0952
297,0.189812,0.0386,0.053272,0.00583051,0.209062,240,0,0.16381,3.07496,0.642857,28.0952
298,0.103811,0.0386,0.158532,0.00583051,0.622146,240,0,0.16381,1.03329,0.642857,28.0952
299,0.175927,0.0386,0.077744,0.00583051,0.3051,240,0,0.16381,2.10704,0.642857,28.0952
300,0.102819,0.0386,0.0506865,0.00583051,0.198915,240,0,0.16381,3.23182,0.642857,28.0952
301,0.0987262,0.0386,0.0482164,0.00583051,0.189221,240,0,0.16381,3.39738,0.642857,28.0952
302,0.379063,0.0386,0.126436,0.00583051,0.496189,240,0,0.16381,1.29559,0.642857,28.0952
303,0.358706,0.0386,0.134792,0.00583051,0.528981,240,0,0.16381,1.21527,0.642857,28.0952
304,0.284112,0.0386,0.00868866,0.00583051,0.034098,240,0,0.16381,18.8532,0.642857,28.0952
305,0.211282,0.0386,0.00700186,0.00583051,0.0274782,240,0,0.16381,23.3951,0.642857,28.0952
306,0.25221,0.0386,0.0626947,0.00583051,0.24604,240,0,0.16381,2.61281,0.642857,28.0952
307,0.165289,0.0386,0.00686195,0.00583051,0.0269292,240,0,0.16381,23.8722,0.642857,28.0952
308,0.648019,0.0386,0.0759334,0.00583051,0.297994,240,0,0.16381,2.15728,0.642857,28.0952
309,0.782914,0.0386,0.0168595,0.00583051,0.0661638,240,0,0.16381,9.71614,0.642857,28.0952
310,0.182489,0.0386,0.0475714,0.00583051,0.18669,240,0,0.16381,3.44345,0.642857,28.0952
311,0.335551,0.0386,0.0223824,0.00583051,0.0878377,240,0,0.16381,7.31869,0.642857,28.0952
312,0.310437,0.0386,0.0566971,0.00583051,0.222503,240,0,0.16381,2.88921,0.642857,28.0952
313,0.301735,0.0386,0.00852395,0.00583051,0.0334516,240,0,0.16381,19.2175,0.642857,28.0952
314,0.201374,0.0386,0.0111869,0.00583051,0.0439022,240,0,0.16381,14.6429,0.642857,28.0952
315,0.328251,0.0386,0.0339179,0.00583051,0.133108,240,0,0.16381,4.82959,0.642857,28.0952
316,0.155322,0.0386,0.0051177,0.00583051,0.020084,240,0,0.16381,32.0084,0.642857,28.0952
317,0.132622,0.0386,0.032203,0.00583051,0.126378,240,0,0.16381,5.08678,0.642857,28.0952
318,0.22712,0.0386,0.0510065,0.00583051,0.200171,240,0,0.16381,3.21154,0.642857,28.0952
319,0.25186,0.0386,0.0209452,0.00583051,0.0821979,240,0,0.16381,7.82084,0.642857,28.0952
320,0.425915,0.0386,0.073994,0.00583051,0.290383,240,0,0.16381,2.21382,0.642857,28.0952
321,0.214219,0.0386,1.17475,0.00583051,4.6102,240,0,0.16381,0.139442,0.642857,28.0952
322,0.215126,0.0386,0.00743483,0.00583051,0.0291774,240,0,0.16381,22.0327,0.642857,28.0952
323,0.276758,0.0386,0.165086,0.00583051,0.647868,240,0,0.16381,0.992266,0.642857,28.0952
324,0.492618,0.0386,0.0152187,0.00583051,0.0597246,240,0,0.16381,10.7637,0.642857,28.0952
325,0.311519,0.0386,0.0274292,0.00583051,0.107644,240,0,0.16381,5.97209,0.642857,28.0952
326,0.340847,0.0386,0.0169194,0.00583051,0.0663989,240,0,0.16381,9.68174,0.642857,28.0952
327,0.176685,0.0386,0.3951,0.00583051,1.55054,240,0,0.16381,0.414603,0.642857,28.0952
328,0.295031,0.0386,0.0469975,0.00583051,0.184438,240,0,0.16381,3.4855,0.642857,28.0952
329,0.289953,0.0386,0.00234265,0.00583051,0.00919353,240,0,0.16381,69.925,0.642857,28.0952
330,0.0757809,0.0386,0.0173093,0.00583051,0.0679288,240,0,0.16381,9.46369,0.642857,28.0952
331,0.243101,0.0386,0.0177619,0.00583051,0.0697051,240,0,0.16381,9.22253,0.642857,28.0952
332,0.375536,0.0386,0.0125491,0.00583051,0.0492479,240,0,0.16381,13.0535,0.642857,28.0952
333,0.123872,0.0386,0.0169791,0.00583051,0.0666332,240,0,0.16381,9.6477,0.642857,28.0952
334,0.630609,0.0386,0.0434789,0.00583051,0.170629,240,0,0.16381,3.76757,0.642857,28.0952
335,0.208296,0.0386,0.0258133,0.00583051,0.101302,240,0,0.16381,6.34592,0.642857,28.0952
336,0.193741,0.0386,0.0466498,0.00583051,0.183073,240,0,0.16381,3.51147,0.642857,28.0952
337,0.0197036,0.0386,0.0238679,0.00583051,0.0936678,240,0,0.16381,6.86316,0.642857,28.0952
338,0.426424,0.0386,0.0486328,0.00583051,0.190856,240,0,0.16381,3.36829,0.642857,28.0952
339,0.374032,0.0386,0.0185217,0.00583051,0.072687,240,0,0.16381,8.84419,0.642857,28.0952
340,0.077457,0.0386,0.0612354,0.00583051,0.240313,240,0,0.16381,2.67508,0.642857,28.0952
341,0.066136,0.0386,0.0360676,0.00583051,0.141544,240,0,0.16381,4.54174,0.642857,28.0952
342,0.0500199,0.0386,0.0427789,0.00583051,0.167882,240,0,0.16381,3.82921,0.642857,28.0952
343,0.525293,0.0386,0.0382096,0.00583051,0.14995,240,0,0.16381,4.28713,0.642857,28.0952
344,0.352168,0.0386,0.011444,0.00583051,0.0449111,240,0,0.16381,14.314,0.642857,28.0952
345,0.327481,0.0386,0.0505769,0.00583051,0.198485,240,0,0.16381,3.23882,0.642857,28.0952
346,0.441293,0.0386,0.0239745,0.00583051,0.0940861,240,0,0.16381,6.83265,0.642857,28.0952
347,0.861531,0.0386,0.0182572,0.00583051,0.0716488,240,0,0.16381,8.97234,0.642857,28.0952
348,0.0920174,0.0386,0.116085,0.00583051,0.455565,240,0,0.16381,1.41112,0.642857,28.0952
349,0.15005,0.0386,0.0066391,0.00583051,0.0260546,240,0,0.16381,24.6735,0.642857,28.0952
350,0.31416,0.0386,0.0755798,0.00583051,0.296607,240,0,0.16381,2.16737,0.642857,28.0952
351,0.211108,0.0386,0.0115013,0.00583051,0.0451361,240,0,0.16381,14.2427,0.642857,28.0952
352,0.384106,0.0386,0.00395858,0.00583051,0.0155351,240,0,0.16381,41.3809,0.642857,28.0952
353,0.294338,0.0386,0.0276722,0.00583051,0.108597,240,0,0.16381,5.91965,0.642857,28.0952
354,0.284066,0.0386,0.128033,0.00583051,0.502456,240,0,0.16381,1.27943,0.642857,28.0952
355,0.340139,0.0386,0.0147652,0.00583051,0.0579448,240,0,0.16381,11.0943,0.642857,28.0952
356,0.356078,0.0386,0.00674775,0.00583051,0.026481,240,0,0.16381,24.2762,0.642857,28.0952
357,0.328303,0.0386,0.00732436,0.00583051,0.0287438,240,0,0.16381,22.365,0.642857,28.0952
358,0.266873,0.0386,0.0521567,0.00583051,0.204685,240,0,0.16381,3.14072,0.642857,28.0952
359,0.806257,0.0386,0.0370912,0.00583051,0.145562,240,0,0.16381,4.41639,0.642857,28.0952
360,0.917226,0.0386,0.0754978,0.00583051,0.296285,240,0,0.16381,2.16972,0.642857,28.0952
361,0.151943,0.0386,0.113875,0.00583051,0.446894,240,0,0.16381,1.4385,0.642857,28.0952
362,0.447435,0.0386,0.00947927,0.00583051,0.0372006,240,0,0.16381,17.2808,0.642857,28.0952
363,0.0796326,0.0386,0.125825,0.00583051,0.493791,240,0,0.16381,1.30188,0.642857,28.0952
364,0.0635361,0.0386,0.142253,0.00583051,0.558262,240,0,0.16381,1.15153,0.642857,28.0952
365,0.117377,0.0386,0.0679998,0.00583051,0.26686,240,0,0.16381,2.40897,0.642857,28.0952
366,0.177101,0.0386,0.152917,0.00583051,0.600112,240,0,0.16381,1.07123,0.642857,28.0952
367,0.396685,0.0386,0.0229339,0.00583051,0.0900022,240,0,0.16381,7.14268,0.642857,28.0952
368,0.30739,0.0386,0.165443,0.00583051,0.649267,240,0,0.16381,0.990128,0.642857,28.0952
369,0.49684,0.0386,0.0232094,0.00583051,0.0910834,240,0,0.16381,7.0579,0.642857,28.0952
370,0.25811,0.0386,0.0769192,0.00583051,0.301863,240,0,0.16381,2.12963,0.642857,28.0952
371,0.373872,0.0386,0.0146724,0.00583051,0.0575804,240,0,0.16381,11.1645,0.642857,28.0952
372,0.22011,0.0386,0.0714037,0.00583051,0.280218,240,0,0.16381,2.29413,0.642857,28.0952
373,0.366135,0.0386,0.0119486,0.00583051,0.0468913,240,0,0.16381,13.7095,0.642857,28.0952
374,0.277121,0.0386,0.00454646,0.00583051,0.0178422,240,0,0.16381,36.0301,0.642857,28.0952
375,0.450635,0.0386,0.0111977,0.00583051,0.0439445,240,0,0.16381,14.6289,0.642857,28.0952
376,0.0969449,0.0386,0.0188521,0.00583051,0.0739836,240,0,0.16381,8.68918,0.642857,28.0952
377,0.160012,0.0386,0.0429155,0.00583051,0.168418,240,0,0.16381,3.81703,0.642857,28.0952
378,0.323115,0.0386,0.00412708,0.00583051,0.0161964,240,0,0.16381,39.6914,0.642857,28.0952
379,0.0825149,0.0386,0.018652,0.00583051,0.0731981,240,0,0.16381,8.78243,0.642857,28.0952
380,0.255881,0.0386,0.300102,0.00583051,1.17772,240,0,0.16381,0.545847,0.642857,28.0952
381,0.0660644,0.0386,0.112997,0.00583051,0.443449,240,0,0.16381,1.44968,0.642857,28.0952
382,0.320252,0.0386,0.0109737,0.00583051,0.0430654,240,0,0.16381,14.9274,0.642857,28.0952
383,0.454265,0.0386,0.0632215,0.00583051,0.248108,240,0,0.16381,2.59104,0.642857,28.0952
384,0.125627,0.0386,0.202206,0.00583051,0.793542,240,0,0.16381,0.810111,0.642857,28.0952
385,0.238818,0.0386,0.0152246,0.00583051,0.0597479,240,0,0.16381,10.7595,0.642857,28.0952
386,0.274134,0.0386,0.0322548,0.00583051,0.126581,240,0,0.16381,5.07861,0.642857,28.0952
387,0.204977,0.0386,0.00598449,0.00583051,0.0234857,240,0,0.16381,27.3723,0.642857,28.0952
388,0.230334,0.0386,0.0231822,0.00583051,0.0909768,240,0,0.16381,7.06617,0.642857,28.0952
389,0.358731,0.0386,0.0327274,0.00583051,0.128436,240,0,0.16381,5.00527,0.642857,28.0952
390,0.423146,0.0386,0.00747471,0.00583051,0.0293339,240,0,0.16381,21.9152,0.642857,28.0952
391,0.292763,0.0386,0.182054,0.00583051,0.714455,240,0,0.16381,0.899787,0.642857,28.0952
392,0.0693509,0.0386,0.0155092,0.00583051,0.0608645,240,0,0.16381,10.5621,0.642857,28.0952
393,0.549486,0.0386,0.0420803,0.00583051,0.165141,240,0,0.16381,3.89279,0.642857,28.0952
394,0.301798,0.0386,0.0419153,0.00583051,0.164493,240,0,0.16381,3.90811,0.642857,28.0952
395,0.784641,0.0386,0.0146365,0.00583051,0.0574399,240,0,0.16381,11.1918,0.642857,28.0952
396,0.156362,0.0386,0.0218665,0.00583051,0.0858132,240,0,0.16381,7.49135,0.642857,28.0952
397,0.248558,0.0386,0.0987949,0.00583051,0.387712,240,0,0.16381,1.65808,0.642857,28.0952
398,0.625403,0.0386,0.0465484,0.00583051,0.182675,240,0,0.16381,3.51913,0.642857,28.0952
399,0.272201,0.0386,0.0197781,0.00583051,0.0776174,240,0,0.16381,8.28238,0.642857,28.0952
400,0.370652,0.0386,0.0174775,0.00583051,0.068589,240,0,0.16381,9.3726,0.642857,28.0952
401,0.17157,0.0386,0.0340726,0.00583051,0.133715,240,0,0.16381,4.80766,0.642857,28.0952
402,0.477696,0.0386,0.0348076,0.00583051,0.136599,240,0,0.16381,4.70615,0.642857,28.0952
403,0.777339,0.0386,0.201544,0.00583051,0.790942,240,0,0.16381,0.812774,0.642857,28.0952
404,0.5945,0.0386,0.0169199,0.00583051,0.0664009,240,0,0.16381,9.68145,0.642857,28.0952
405,0.289729,0.0386,0.0278397,0.00583051,0.109255,240,0,0.16381,5.88402,0.642857,28.0952
406,0.31893,0.0386,0.0410535,0.00583051,0.161111,240,0,0.16381,3.99015,0.642857,28.0952
407,0.283444,0.0386,0.0792579,0.00583051,0.311041,240,0,0.16381,2.06679,0.642857,28.0952
408,0.454153,0.0386,0.0311097,0.00583051,0.122088,240,0,0.16381,5.26554,0.642857,28.0952
409,0.218242,0.0386,0.0329303,0.00583051,0.129232,240,0,0.16381,4.97443,0.642857,28.0952
410,0.190281,0.0386,0.292384,0.00583051,1.14744,240,0,0.16381,0.560254,0.642857,28.0952
411,0.214221,0.0386,0.172879,0.00583051,0.67845,240,0,0.16381,0.947538,0.642857,28.0952
412,0.285717,0.0386,0.0141354,0.00583051,0.0554731,240,0,0.16381,11.5886,0.642857,28.0952
413,0.578711,0.0386,0.0578339,0.00583051,0.226965,240,0,0.16381,2.83241,0.642857,28.0952
414,0.151171,0.0386,0.0190515,0.00583051,0.0747659,240,0,0.16381,8.59827,0.642857,28.0952
415,0.295307,0.0386,0.0178863,0.00583051,0.0701932,240,0,0.16381,9.15839,0.642857,28.0952
416,0.232327,0.0386,0.00628802,0.00583051,0.0246768,240,0,0.16381,26.0511,0.642857,28.0952
417,0.58733,0.0386,0.00699945,0.00583051,0.0274688,240,0,0.16381,23.4032,0.642857,28.0952
418,0.457271,0.0386,0.0641429,0.00583051,0.251723,240,0,0.16381,2.55382,0.642857,28.0952
419,0.47189,0.0386,0.0155454,0.00583051,0.0610067,240,0,0.16381,10.5375,0.642857,28.0952
420,0.0748961,0.0386,0.0710723,0.00583051,0.278918,240,0,0.16381,2.30483,0.642857,28.0952
421,0.0445815,0.0386,0.0855148,0.00583051,0.335596,240,0,0.16381,1.91557,0.642857,28.0952
422,0.600628,0.0386,0.0118973,0.00583051,0.0466902,240,0,0.16381,13.7686,0.642857,28.0952
423,0.328611,0.0386,0.0495728,0.00583051,0.194544,240,0,0.16381,3.30442,0.642857,28.0952
424,0.135166,0.0386,0.035932,0.00583051,0.141012,240,0,0.16381,4.55888,0.642857,28.0952
425,0.0362874,0.0386,0.137533,0.00583051,0.539739,240,0,0.16381,1.19105,0.642857,28.0952
426,0.0578325,0.0386,0.0739669,0.00583051,0.290277,240,0,0.16381,2.21463,0.642857,28.0952
427,0.227033,0.0386,0.0152406,0.00583051,0.0598103,240,0,0.16381,10.7483,0.642857,28.0952
428,0.136107,0.0386,0.0410363,0.00583051,0.161044,240,0,0.16381,3.99182,0.642857,28.0952
429,0.232331,0.0386,0.15815,0.00583051,0.620646,240,0,0.16381,1.03579,0.642857,28.0952
430,0.0463193,0.0386,0.0199682,0.00583051,0.0783636,240,0,0.16381,8.20351,0.642857,28.0952
431,0.230367,0.0386,0.0440342,0.00583051,0.172809,240,0,0.16381,3.72005,0.642857,28.0952
432,0.132165,0.0386,0.327119,0.00583051,1.28375,240,0,0.16381,0.500764,0.642857,28.0952
433,0.217352,0.0386,0.0776446,0.00583051,0.30471,240,0,0.16381,2.10974,0.642857,28.0952
434,0.27934,0.0386,0.0854928,0.00583051,0.33551,240,0,0.16381,1.91606,0.642857,28.0952
435,0.291648,0.0386,0.0124414,0.00583051,0.0488253,240,0,0.16381,13.1665,0.642857,28.0952
436,0.162052,0.0386,0.0565761,0.00583051,0.222028,240,0,0.16381,2.89539,0.642857,28.0952
437,0.358072,0.0386,0.0140768,0.00583051,0.0552431,240,0,0.16381,11.6369,0.642857,28.0952
438,0.454562,0.0386,0.112109,0.00583051,0.439964,240,0,0.16381,1.46116,0.642857,28.0952
439,0.179092,0.0386,0.00956945,0.00583051,0.0375545,240,0,0.16381,17.118,0.642857,28.0952
440,0.458829,0.0386,0.0571707,0.00583051,0.224362,240,0,0.16381,2.86527,0.642857,28.0952
441,0.17981,0.0386,0.0183685,0.00583051,0.0720858,240,0,0.16381,8.91795,0.642857,28.0952
442,0.112799,0.0386,0.141846,0.00583051,0.556664,240,0,0.16381,1.15484,0.642857,28.0952
443,0.361107,0.0386,0.0185797,0.00583051,0.0729144,240,0,0.16381,8.81661,0.642857,28.0952
444,0.191101,0.0386,0.00237513,0.00583051,0.00932102,240,0,0.16381,68.9685,0.642857,28.0952
445,0.152016,0.0386,0.0237381,0.00583051,0.0931584,240,0,0.16381,6.90069,0.642857,28.0952
446,0.397199,0.0386,0.0306645,0.00583051,0.12034,240,0,0.16381,5.34199,0.642857,28.0952
447,0.190648,0.0386,0.0241993,0.00583051,0.0949681,240,0,0.16381,6.76919,0.642857,28.0952
448,0.175364,0.0386,0.00698621,0.00583051,0.0274168,240,0,0.16381,23.4476,0.642857,28.0952
449,0.657723,0.0386,0.182126,0.00583051,0.714739,240,0,0.16381,0.899429,0.642857,28.0952
450,0.37001,0.0386,0.0174235,0.00583051,0.0683772,240,0,0.16381,9.40164,0.642857,28.0952
451,0.663408,0.0386,0.0348626,0.00583051,0.136816,240,0,0.16381,4.69872,0.642857,28.0952
452,0.177598,0.0386,0.0197908,0.00583051,0.0776673,240,0,0.16381,8.27706,0.642857,28.0952
453,0.0600123,0.0386,0.439781,0.00583051,1.72588,240,0,0.16381,0.37248,0.642857,28.0952
454,0.201663,0.0386,0.0359965,0.00583051,0.141265,240,0,0.16381,4.55071,0.642857,28.0952
455,0.203006,0.0386,0.00361602,0.00583051,0.0141908,240,0,0.16381,45.3011,0.642857,28.0952
456,0.307637,0.0386,0.0152892,0.00583051,0.0600011,240,0,0.16381,10.7141,0.642857,28.0952
457,0.0731966,0.0386,0.0680704,0.00583051,0.267137,240,0,0.16381,2.40647,0.642857,28.0952
458,0.352633,0.0386,0.0569042,0.00583051,0.223316,240,0,0.16381,2.87869,0.642857,28.0952
459,0.567289,0.0386,0.242064,0.00583051,0.949961,240,0,0.16381,0.67672,0.642857,28.0952
460,0.674567,0.0386,0.0605499,0.00583051,0.237623,240,0,0.16381,2.70537,0.642857,28.0952
461,0.524179,0.0386,0.121522,0.00583051,0.476903,240,0,0.16381,1.34798,0.642857,28.0952
462,0.346314,0.0386,0.154733,0.00583051,0.607236,240,0,0.16381,1.05866,0.642857,28.0952
463,0.436711,0.0386,0.0137615,0.00583051,0.0540061,240,0,0.16381,11.9034,0.642857,28.0952
464,0.122195,0.0386,0.0238449,0.00583051,0.0935774,240,0,0.16381,6.86979,0.642857,28.0952
465,0.388745,0.0386,0.169489,0.00583051,0.665146,240,0,0.16381,0.96649,0.642857,28.0952
466,0.133141,0.0386,0.00910203,0.00583051,0.0357202,240,0,0.16381,17.997,0.642857,28.0952
467,0.0976685,0.0386,0.00519855,0.00583051,0.0204013,240,0,0.16381,31.5106,0.642857,28.0952
468,0.0789491,0.0386,0.00368644,0.00583051,0.0144671,240,0,0.16381,44.4357,0.642857,28.0952
469,0.515886,0.0386,0.0396611,0.00583051,0.155647,240,0,0.16381,4.13024,0.642857,28.0952
470,0.122767,0.0386,0.159755,0.00583051,0.626944,240,0,0.16381,1.02538,0.642857,28.0952
471,0.117095,0.0386,0.109509,0.00583051,0.42976,240,0,0.16381,1.49585,0.642857,28.0952
472,0.419282,0.0386,0.0114018,0.00583051,0.0447455,240,0,0.16381,14.367,0.642857,28.0952
473,0.448352,0.0386,0.0275248,0.00583051,0.108019,240,0,0.16381,5.95134,0.642857,28.0952
474,0.222129,0.0386,0.0225099,0.00583051,0.0883381,240,0,0.16381,7.27724,0.642857,28.0952
475,0.163062,0.0386,0.07053,0.00583051,0.276789,240,0,0.16381,2.32255,0.642857,28.0952
476,0.383944,0.0386,0.0901159,0.00583051,0.353652,240,0,0.16381,1.81777,0.642857,28.0952
477,0.671644,0.0386,0.0507221,0.00583051,0.199055,240,0,0.16381,3.22955,0.642857,28.0952
478,0.0337041,0.0386,0.0665902,0.00583051,0.261328,240,0,0.16381,2.45996,0.642857,28.0952
479,0.295909,0.0386,0.0169224,0.00583051,0.0664107,240,0,0.16381,9.68002,0.642857,28.0952
480,0.218275,0.0386,0.082195,0.00583051,0.322567,240,0,0.16381,1.99294,0.642857,28.0952
481,0.143637,0.0386,0.21086,0.00583051,0.827502,240,0,0.16381,0.776865,0.642857,28.0952
482,0.224161,0.0386,0.00975521,0.00583051,0.0382835,240,0,0.16381,16.792,0.642857,28.0952
483,0.603303,0.0386,0.00306251,0.00583051,0.0120186,240,0,0.16381,53.4886,0.642857,28.0952
484,0.262979,0.0386,0.0122355,0.00583051,0.0480172,240,0,0.16381,13.3881,0.642857,28.0952
485,0.357461,0.0386,0.0368314,0.00583051,0.144542,240,0,0.16381,4.44755,0.642857,28.0952
486,0.408572,0.0386,0.121564,0.00583051,0.477066,240,0,0.16381,1.34752,0.642857,28.0952
487,0.122754,0.0386,0.0534901,0.00583051,0.209918,240,0,0.16381,3.06243,0.642857,28.0952
488,0.0403645,0.0386,0.0142145,0.00583051,0.0557836,240,0,0.16381,11.5241,0.642857,28.0952
489,0.218543,0.0386,0.0510548,0.00583051,0.20036,240,0,0.16381,3.2085,0.642857,28.0952
490,0.311755,0.0386,0.0557031,0.00583051,0.218602,240,0,0.16381,2.94076,0.642857,28.0952
491,0.143276,0.0386,0.181296,0.00583051,0.71148,240,0,0.16381,0.903549,0.642857,28.0952
492,0.147142,0.0386,0.0186911,0.00583051,0.0733516,240,0,0.16381,8.76405,0.642857,28.0952
493,0.423858,0.0386,0.00767912,0.00583051,0.0301361,240,0,0.16381,21.3318,0.642857,28.0952
494,0.224226,0.0386,0.00598762,0.00583051,0.0234979,240,0,0.16381,27.358,0.642857,28.0952
495,0.0471354,0.0386,0.00274964,0.00583051,0.0107908,240,0,0.16381,59.5748,0.642857,28.0952
496,0.0601074,0.0386,0.0321322,0.00583051,0.1261,240,0,0.16381,5.09799,0.642857,28.0952
497,0.212207,0.0386,0.0771582,0.00583051,0.302801,240,0,0.16381,2.12303,0.642857,28.0952
498,0.329949,0.0386,0.27818,0.00583051,1.0917,240,0,0.16381,0.588861,0.642857,28.0952
499,0.274483,0.0386,0.304224,0.00583051,1.1939,240,0,0.16381,0.53845,0.642857,28.0952
