PID,i_lum_F1_indiv,i_lum_k12(KA),i_lum_k23(Q/V),i_lum_k32(Q/VP),i_lum_k20(CL/V),total_mg_dose_per_occassion,DS,Q,V,CL,VP
0,0.0491346,0.0386,0.0295216,0.00583051,0.115855,480,0,0.327619,11.0976,1.28571,56.1905
1,0.425842,0.0386,0.00564862,0.00583051,0.0221675,480,0,0.327619,57.9999,1.28571,56.1905
2,0.103608,0.0386,0.0795984,0.00583051,0.312377,480,0,0.327619,4.1159,1.28571,56.1905
3,0.274711,0.0386,0.00791275,0.00583051,0.031053,480,0,0.327619,41.4039,1.28571,56.1905
4,0.502908,0.0386,0.00535352,0.00583051,0.0210094,480,0,0.327619,61.197,1.28571,56.1905
5,0.640554,0.0386,0.0190123,0.00583051,0.0746123,480,0,0.327619,17.2319,1.28571,56.1905
6,0.290773,0.0386,0.0213515,0.00583051,0.0837924,480,0,0.327619,15.3441,1.28571,56.1905
7,0.115404,0.0386,0.0152137,0.00583051,0.059705,480,0,0.327619,21.5344,1.28571,56.1905
8,0.524504,0.0386,0.097481,0.00583051,0.382556,480,0,0.327619,3.36085,1.28571,56.1905
9,0.655941,0.0386,0.103239,0.00583051,0.405153,480,0,0.327619,3.1734,1.28571,56.1905
10,0.201038,0.0386,0.0141145,0.00583051,0.0553912,480,0,0.327619,23.2115,1.28571,56.1905
11,0.314777,0.0386,0.0379086,0.00583051,0.148769,480,0,0.327619,8.64235,1.28571,56.1905
12,0.177615,0.0386,0.0185505,0.00583051,0.0727998,480,0,0.327619,17.661,1.28571,56.1905
13,0.257492,0.0386,0.0156594,0.00583051,0.0614542,480,0,0.327619,20.9215,1.28571,56.1905
14,0.229847,0.0386,0.0995793,0.00583051,0.390791,480,0,0.327619,3.29003,1.28571,56.1905
15,0.446697,0.0386,0.4633,0.00583051,1.81818,480,0,0.327619,0.707142,1.28571,56.1905
16,0.334335,0.0386,0.00749406,0.00583051,0.0294098,480,0,0.327619,43.7171,1.28571,56.1905
17,0.101895,0.0386,0.0197426,0.00583051,0.0774781,480,0,0.327619,16.5946,1.28571,56.1905
18,0.314085,0.0386,0.0410104,0.00583051,0.160942,480,0,0.327619,7.98869,1.28571,56.1905
19,0.415427,0.0386,0.0230944,0.00583051,0.0906321,480,0,0.327619,14.1861,1.28571,56.1905
20,0.0881839,0.0386,0.0156603,0.00583051,0.0614577,480,0,0.327619,20.9203,1.28571,56.1905
21,0.571813,0.0386,0.157478,0.00583051,0.61801,480,0,0.327619,2.08041,1.28571,56.1905
22,0.572087,0.0386,0.0420073,0.00583051,0.164854,480,0,0.327619,7.7991,1.28571,56.1905
23,0.269985,0.0386,0.23595,0.00583051,0.925968,480,0,0.327619,1.38851,1.28571,56.1905
24,0.363136,0.0386,0.0125016,0.00583051,0.0490617,480,0,0.327619,26.2061,1.28571,56.1905
25,0.0452585,0.0386,0.0100401,0.00583051,0.0394016,480,0,0.327619,32.631,1.28571,56.1905
26,0.466837,0.0386,0.02111,0.00583051,0.0828444,480,0,0.327619,15.5196,1.28571,56.1905
27,0.297829,0.0386,0.014781,0.00583051,0.0580068,480,0,0.327619,22.1649,1.28571,56.1905
28,0.13677,0.0386,0.0197104,0.00583051,0.0773518,480,0,0.327619,16.6216,1.28571,56.1905
29,0.0568865,0.0386,0.0185607,0.00583051,0.0728398,480,0,0.327619,17.6513,1.28571,56.1905
30,0.174668,0.0386,0.0727937,0.00583051,0.285673,480,0,0.327619,4.50065,1.28571,56.1905
31,0.177515,0.0386,0.267917,0.00583051,1.05142,480,0,0.327619,1.22284,1.28571,56.1905
32,0.229596,0.0386,0.0404134,0.00583051,0.158599,480,0,0.327619,8.10669,1.28571,56.1905
33,0.453772,0.0386,0.00825605,0.00583051,0.0324002,480,0,0.327619,39.6823,1.28571,56.1905
34,0.5445,0.0386,0.0297566,0.00583051,0.116777,480,0,0.327619,11.01,1.28571,56.1905
35,0.251895,0.0386,0.0234418,0.00583051,0.0919954,480,0,0.327619,13.9759,1.28571,56.1905
36,0.396013,0.0386,0.046028,0.00583051,0.180633,480,0,0.327619,7.11782,1.28571,56.1905
37,0.277913,0.0386,0.778929,0.00583051,3.05684,480,0,0.327619,0.420602,1.28571,56.1905
38,0.112002,0.0386,0.0298415,0.00583051,0.11711,480,0,0.327619,10.9786,1.28571,56.1905
39,0.167169,0.0386,0.0178824,0.00583051,0.0701781,480,0,0.327619,18.3207,1.28571,56.1905
40,0.027538,0.0386,0.00741202,0.00583051,0.0290879,480,0,0.327619,44.201,1.28571,56.1905
41,0.401794,0.0386,0.0137724,0.00583051,0.0540486,480,0,0.327619,23.7881,1.28571,56.1905
42,0.464368,0.0386,0.0117916,0.00583051,0.046275,480,0,0.327619,27.7842,1.28571,56.1905
43,0.169737,0.0386,0.0109606,0.00583051,0.043014,480,0,0.327619,29.8906,1.28571,56.1905
44,0.329136,0.0386,0.0146646,0.00583051,0.0575501,480,0,0.327619,22.3408,1.28571,56.1905
45,0.177826,0.0386,0.0409909,0.00583051,0.160865,480,0,0.327619,7.99248,1.28571,56.1905
46,0.109523,0.0386,0.0908335,0.00583051,0.356469,480,0,0.327619,3.60681,1.28571,56.1905
47,0.44148,0.0386,0.00565618,0.00583051,0.0221972,480,0,0.327619,57.9223,1.28571,56.1905
48,0.209788,0.0386,0.00654437,0.00583051,0.0256829,480,0,0.327619,50.0612,1.28571,56.1905
49,0.127759,0.0386,0.0076342,0.00583051,0.0299598,480,0,0.327619,42.9146,1.28571,56.1905
50,0.468059,0.0386,0.0687302,0.00583051,0.269726,480,0,0.327619,4.76674,1.28571,56.1905
51,0.219718,0.0386,0.0453795,0.00583051,0.178088,480,0,0.327619,7.21953,1.28571,56.1905
52,0.284338,0.0386,0.0171153,0.00583051,0.0671676,480,0,0.327619,19.1419,1.28571,56.1905
53,0.394833,0.0386,0.0409679,0.00583051,0.160775,480,0,0.327619,7.99697,1.28571,56.1905
54,0.140089,0.0386,0.0130266,0.00583051,0.0511218,480,0,0.327619,25.15,1.28571,56.1905
55,0.18528,0.0386,0.0173788,0.00583051,0.0682018,480,0,0.327619,18.8516,1.28571,56.1905
56,0.144993,0.0386,0.352595,0.00583051,1.38373,480,0,0.327619,0.929164,1.28571,56.1905
57,0.334248,0.0386,0.408316,0.00583051,1.6024,480,0,0.327619,0.802367,1.28571,56.1905
58,0.196923,0.0386,0.0144737,0.00583051,0.056801,480,0,0.327619,22.6354,1.28571,56.1905
59,0.837242,0.0386,0.00681996,0.00583051,0.0267644,480,0,0.327619,48.0383,1.28571,56.1905
60,0.355912,0.0386,0.0482337,0.00583051,0.189289,480,0,0.327619,6.79233,1.28571,56.1905
61,0.0876442,0.0386,0.0251113,0.00583051,0.0985471,480,0,0.327619,13.0467,1.28571,56.1905
62,0.196376,0.0386,0.0895807,0.00583051,0.351552,480,0,0.327619,3.65725,1.28571,56.1905
63,0.291918,0.0386,0.052371,0.00583051,0.205526,480,0,0.327619,6.25573,1.28571,56.1905
64,0.172613,0.0386,0.0198119,0.00583051,0.0777501,480,0,0.327619,16.5365,1.28571,56.1905
65,0.291973,0.0386,0.181743,0.00583051,0.713235,480,0,0.327619,1.80265,1.28571,56.1905
66,0.234029,0.0386,0.156557,0.00583051,0.614394,480,0,0.327619,2.09265,1.28571,56.1905
67,0.201199,0.0386,0.0168872,0.00583051,0.0662725,480,0,0.327619,19.4004,1.28571,56.1905
68,0.160222,0.0386,0.0023491,0.00583051,0.00921883,480,0,0.327619,139.466,1.28571,56.1905
69,0.235791,0.0386,0.0382288,0.00583051,0.150026,480,0,0.327619,8.56996,1.28571,56.1905
70,0.165781,0.0386,0.105994,0.00583051,0.415964,480,0,0.327619,3.09093,1.28571,56.1905
71,0.200311,0.0386,0.0692684,0.00583051,0.271838,480,0,0.327619,4.72971,1.28571,56.1905
72,0.0635581,0.0386,0.00665402,0.00583051,0.0261132,480,0,0.327619,49.2363,1.28571,56.1905
73,0.223111,0.0386,0.101682,0.00583051,0.399044,480,0,0.327619,3.22198,1.28571,56.1905
74,0.463638,0.0386,0.0120211,0.00583051,0.0471756,480,0,0.327619,27.2538,1.28571,56.1905
75,0.226762,0.0386,0.00701483,0.00583051,0.0275291,480,0,0.327619,46.7038,1.28571,56.1905
76,0.217913,0.0386,0.0138119,0.00583051,0.0542037,480,0,0.327619,23.72,1.28571,56.1905
77,0.33107,0.0386,0.0289306,0.00583051,0.113536,480,0,0.327619,11.3243,1.28571,56.1905
78,0.106242,0.0386,0.0189795,0.00583051,0.0744835,480,0,0.327619,17.2617,1.28571,56.1905
79,0.384185,0.0386,0.0939385,0.00583051,0.368654,480,0,0.327619,3.48759,1.28571,56.1905
80,0.292014,0.0386,0.0100288,0.00583051,0.0393572,480,0,0.327619,32.6679,1.28571,56.1905
81,0.378828,0.0386,0.0614211,0.00583051,0.241042,480,0,0.327619,5.33398,1.28571,56.1905
82,0.0410857,0.0386,0.0287856,0.00583051,0.112967,480,0,0.327619,11.3813,1.28571,56.1905
83,0.194897,0.0386,0.0640468,0.00583051,0.251346,480,0,0.327619,5.11531,1.28571,56.1905
84,0.105074,0.0386,0.0485557,0.00583051,0.190553,480,0,0.327619,6.74728,1.28571,56.1905
85,0.34199,0.0386,0.0747857,0.00583051,0.293491,480,0,0.327619,4.38077,1.28571,56.1905
86,0.0843019,0.0386,0.0458065,0.00583051,0.179764,480,0,0.327619,7.15223,1.28571,56.1905
87,0.0639081,0.0386,0.0541594,0.00583051,0.212544,480,0,0.327619,6.04916,1.28571,56.1905
88,0.0889158,0.0386,0.00165523,0.00583051,0.00649582,480,0,0.327619,197.929,1.28571,56.1905
89,0.0661685,0.0386,0.0209462,0.00583051,0.0822015,480,0,0.327619,15.641,1.28571,56.1905
90,0.474084,0.0386,0.00777217,0.00583051,0.0305013,480,0,0.327619,42.1528,1.28571,56.1905
91,0.101023,0.0386,0.0181625,0.00583051,0.0712771,480,0,0.327619,18.0382,1.28571,56.1905
92,0.122249,0.0386,0.0275515,0.00583051,0.108124,480,0,0.327619,11.8912,1.28571,56.1905
93,0.153381,0.0386,0.0736848,0.00583051,0.28917,480,0,0.327619,4.44622,1.28571,56.1905
94,0.299911,0.0386,0.0183096,0.00583051,0.0718546,480,0,0.327619,17.8933,1.28571,56.1905
95,0.111721,0.0386,0.00522652,0.00583051,0.0205111,480,0,0.327619,62.684,1.28571,56.1905
96,0.0992479,0.0386,0.0116595,0.00583051,0.0457566,480,0,0.327619,28.099,1.28571,56.1905
97,0.160819,0.0386,0.0168533,0.00583051,0.0661395,480,0,0.327619,19.4394,1.28571,56.1905
98,0.115397,0.0386,0.00947375,0.00583051,0.037179,480,0,0.327619,34.5818,1.28571,56.1905
99,0.221264,0.0386,0.0850936,0.00583051,0.333943,480,0,0.327619,3.8501,1.28571,56.1905
100,0.458473,0.0386,0.0204348,0.00583051,0.0801948,480,0,0.327619,16.0324,1.28571,56.1905
101,0.224436,0.0386,0.0184886,0.00583051,0.072557,480,0,0.327619,17.7201,1.28571,56.1905
102,0.531665,0.0386,0.128858,0.00583051,0.505694,480,0,0.327619,2.54248,1.28571,56.1905
103,0.469658,0.0386,0.188649,0.00583051,0.740337,480,0,0.327619,1.73666,1.28571,56.1905
104,0.26734,0.0386,0.0114199,0.00583051,0.0448165,480,0,0.327619,28.6884,1.28571,56.1905
105,0.0994285,0.0386,0.0739669,0.00583051,0.290277,480,0,0.327619,4.42927,1.28571,56.1905
106,0.655866,0.0386,0.00109326,0.00583051,0.0042904,480,0,0.327619,299.672,1.28571,56.1905
107,0.088199,0.0386,0.0839777,0.00583051,0.329564,480,0,0.327619,3.90126,1.28571,56.1905
108,0.089301,0.0386,0.0492017,0.00583051,0.193088,480,0,0.327619,6.6587,1.28571,56.1905
109,0.266352,0.0386,0.0096173,0.00583051,0.0377423,480,0,0.327619,34.0656,1.28571,56.1905
110,0.367825,0.0386,0.0142424,0.00583051,0.055893,480,0,0.327619,23.0031,1.28571,56.1905
111,0.191736,0.0386,0.0342322,0.00583051,0.134341,480,0,0.327619,9.5705,1.28571,56.1905
112,0.0551668,0.0386,0.0450412,0.00583051,0.17676,480,0,0.327619,7.27377,1.28571,56.1905
113,0.270037,0.0386,0.00174456,0.00583051,0.0068464,480,0,0.327619,187.794,1.28571,56.1905
114,0.197194,0.0386,0.122093,0.00583051,0.479145,480,0,0.327619,2.68335,1.28571,56.1905
115,0.357181,0.0386,0.139006,0.00583051,0.545517,480,0,0.327619,2.35687,1.28571,56.1905
116,0.339557,0.0386,0.0500718,0.00583051,0.196503,480,0,0.327619,6.54298,1.28571,56.1905
117,0.269123,0.0386,0.0358058,0.00583051,0.140517,480,0,0.327619,9.14988,1.28571,56.1905
118,0.169834,0.0386,0.0327126,0.00583051,0.128378,480,0,0.327619,10.0151,1.28571,56.1905
119,0.263364,0.0386,0.079158,0.00583051,0.310649,480,0,0.327619,4.1388,1.28571,56.1905
120,0.237732,0.0386,0.00663501,0.00583051,0.0260386,480,0,0.327619,49.3773,1.28571,56.1905
121,0.363188,0.0386,0.0850512,0.00583051,0.333776,480,0,0.327619,3.85202,1.28571,56.1905
122,0.268514,0.0386,0.00741782,0.00583051,0.0291106,480,0,0.327619,44.1665,1.28571,56.1905
123,0.106277,0.0386,0.0407215,0.00583051,0.159808,480,0,0.327619,8.04535,1.28571,56.1905
124,0.144952,0.0386,0.0192185,0.00583051,0.0754216,480,0,0.327619,17.047,1.28571,56.1905
125,0.274348,0.0386,0.0367924,0.00583051,0.144389,480,0,0.327619,8.90454,1.28571,56.1905
126,0.279736,0.0386,0.0127731,0.00583051,0.0501271,480,0,0.327619,25.6491,1.28571,56.1905
127,0.405496,0.0386,0.0166798,0.00583051,0.0654584,480,0,0.327619,19.6417,1.28571,56.1905
128,0.251377,0.0386,0.0269172,0.00583051,0.105635,480,0,0.327619,12.1713,1.28571,56.1905
129,0.465391,0.0386,0.0499601,0.00583051,0.196064,480,0,0.327619,6.55761,1.28571,56.1905
130,0.194816,0.0386,0.00675605,0.00583051,0.0265136,480,0,0.327619,48.4927,1.28571,56.1905
131,0.0722686,0.0386,0.0194931,0.00583051,0.0764991,480,0,0.327619,16.8069,1.28571,56.1905
132,0.519882,0.0386,0.0523095,0.00583051,0.205285,480,0,0.327619,6.26308,1.28571,56.1905
133,0.417556,0.0386,0.0379514,0.00583051,0.148937,480,0,0.327619,8.6326,1.28571,56.1905
134,0.0536491,0.0386,0.00940992,0.00583051,0.0369285,480,0,0.327619,34.8163,1.28571,56.1905
135,0.459127,0.0386,0.0400503,0.00583051,0.157174,480,0,0.327619,8.18018,1.28571,56.1905
136,0.269947,0.0386,0.00666257,0.00583051,0.0261467,480,0,0.327619,49.1731,1.28571,56.1905
137,0.0931128,0.0386,0.194699,0.00583051,0.764082,480,0,0.327619,1.68269,1.28571,56.1905
138,0.535978,0.0386,0.0595479,0.00583051,0.233691,480,0,0.327619,5.50178,1.28571,56.1905
139,0.0986669,0.0386,0.0104852,0.00583051,0.0411485,480,0,0.327619,31.2457,1.28571,56.1905
140,0.274377,0.0386,0.0622692,0.00583051,0.24437,480,0,0.327619,5.26133,1.28571,56.1905
141,0.0876848,0.0386,0.0180159,0.00583051,0.0707021,480,0,0.327619,18.185,1.28571,56.1905
142,0.124937,0.0386,0.0239532,0.00583051,0.0940024,480,0,0.327619,13.6775,1.28571,56.1905
143,0.489159,0.0386,0.0491301,0.00583051,0.192807,480,0,0.327619,6.66839,1.28571,56.1905
144,0.153193,0.0386,0.0222775,0.00583051,0.0874264,480,0,0.327619,14.7062,1.28571,56.1905
145,0.396752,0.0386,0.0724317,0.00583051,0.284252,480,0,0.327619,4.52314,1.28571,56.1905
146,0.405005,0.0386,0.00938855,0.00583051,0.0368446,480,0,0.327619,34.8956,1.28571,56.1905
147,0.240961,0.0386,0.0234243,0.00583051,0.0919269,480,0,0.327619,13.9863,1.28571,56.1905
148,0.462999,0.0386,0.0158043,0.00583051,0.0620229,480,0,0.327619,20.7297,1.28571,56.1905
149,0.353163,0.0386,0.0428636,0.00583051,0.168215,480,0,0.327619,7.64329,1.28571,56.1905
150,0.221024,0.0386,0.0858096,0.00583051,0.336753,480,0,0.327619,3.81798,1.28571,56.1905
151,0.314545,0.0386,0.0977219,0.00583051,0.383502,480,0,0.327619,3.35257,1.28571,56.1905
152,0.457216,0.0386,0.00547883,0.00583051,0.0215012,480,0,0.327619,59.7973,1.28571,56.1905
153,0.307452,0.0386,0.0244194,0.00583051,0.0958319,480,0,0.327619,13.4163,1.28571,56.1905
154,0.456115,0.0386,0.0147665,0.00583051,0.0579498,480,0,0.327619,22.1867,1.28571,56.1905
155,0.363761,0.0386,0.0293983,0.00583051,0.115371,480,0,0.327619,11.1441,1.28571,56.1905
156,0.272025,0.0386,0.0208919,0.00583051,0.0819885,480,0,0.327619,15.6816,1.28571,56.1905
157,0.209851,0.0386,0.0292252,0.00583051,0.114692,480,0,0.327619,11.2101,1.28571,56.1905
158,0.191325,0.0386,0.017046,0.00583051,0.0668958,480,0,0.327619,19.2197,1.28571,56.1905
159,0.213414,0.0386,0.0241087,0.00583051,0.0946125,480,0,0.327619,13.5893,1.28571,56.1905
160,0.404577,0.0386,0.0477874,0.00583051,0.187538,480,0,0.327619,6.85576,1.28571,56.1905
161,0.1643,0.0386,0.099577,0.00583051,0.390782,480,0,0.327619,3.29011,1.28571,56.1905
162,0.319459,0.0386,0.0121283,0.00583051,0.0475965,480,0,0.327619,27.0128,1.28571,56.1905
163,0.32491,0.0386,0.0732973,0.00583051,0.287649,480,0,0.327619,4.46973,1.28571,56.1905
164,0.262436,0.0386,0.0325467,0.00583051,0.127727,480,0,0.327619,10.0661,1.28571,56.1905
165,0.517847,0.0386,0.0206632,0.00583051,0.0810909,480,0,0.327619,15.8552,1.28571,56.1905
166,0.267963,0.0386,0.022935,0.00583051,0.0900064,480,0,0.327619,14.2847,1.28571,56.1905
167,0.163105,0.0386,0.0102769,0.00583051,0.0403309,480,0,0.327619,31.8791,1.28571,56.1905
168,0.138352,0.0386,0.24131,0.00583051,0.947003,480,0,0.327619,1.35767,1.28571,56.1905
169,0.0898595,0.0386,0.00760381,0.00583051,0.0298405,480,0,0.327619,43.0862,1.28571,56.1905
170,0.32049,0.0386,0.0183589,0.00583051,0.0720482,480,0,0.327619,17.8452,1.28571,56.1905
171,0.286512,0.0386,0.176847,0.00583051,0.694021,480,0,0.327619,1.85256,1.28571,56.1905
172,0.455659,0.0386,0.029812,0.00583051,0.116995,480,0,0.327619,10.9895,1.28571,56.1905
173,0.179687,0.0386,0.0745258,0.00583051,0.29247,480,0,0.327619,4.39605,1.28571,56.1905
174,0.359771,0.0386,0.103188,0.00583051,0.404954,480,0,0.327619,3.17497,1.28571,56.1905
175,0.146866,0.0386,0.0323992,0.00583051,0.127148,480,0,0.327619,10.1119,1.28571,56.1905
176,0.385589,0.0386,0.0830283,0.00583051,0.325838,480,0,0.327619,3.94587,1.28571,56.1905
177,0.276911,0.0386,0.00801499,0.00583051,0.0314542,480,0,0.327619,40.8758,1.28571,56.1905
178,0.200291,0.0386,0.0352137,0.00583051,0.138193,480,0,0.327619,9.30373,1.28571,56.1905
179,0.0863143,0.0386,0.0162722,0.00583051,0.063859,480,0,0.327619,20.1336,1.28571,56.1905
180,0.477328,0.0386,0.171477,0.00583051,0.672946,480,0,0.327619,1.91058,1.28571,56.1905
181,0.251219,0.0386,0.0413642,0.00583051,0.162331,480,0,0.327619,7.92034,1.28571,56.1905
182,0.0892744,0.0386,0.017869,0.00583051,0.0701256,480,0,0.327619,18.3345,1.28571,56.1905
183,0.323484,0.0386,0.0316637,0.00583051,0.124262,480,0,0.327619,10.3468,1.28571,56.1905
184,0.220941,0.0386,0.0541145,0.00583051,0.212368,480,0,0.327619,6.05418,1.28571,56.1905
185,0.229142,0.0386,0.056845,0.00583051,0.223083,480,0,0.327619,5.76338,1.28571,56.1905
186,0.465856,0.0386,0.0070243,0.00583051,0.0275663,480,0,0.327619,46.6408,1.28571,56.1905
187,0.13422,0.0386,0.0106228,0.00583051,0.0416882,480,0,0.327619,30.8412,1.28571,56.1905
188,0.16704,0.0386,0.0517838,0.00583051,0.203221,480,0,0.327619,6.32667,1.28571,56.1905
189,0.214602,0.0386,0.0233154,0.00583051,0.0914993,480,0,0.327619,14.0516,1.28571,56.1905
190,0.165132,0.0386,0.0148487,0.00583051,0.0582726,480,0,0.327619,22.0638,1.28571,56.1905
191,0.399328,0.0386,0.183878,0.00583051,0.721614,480,0,0.327619,1.78172,1.28571,56.1905
192,0.0938746,0.0386,0.264291,0.00583051,1.03719,480,0,0.327619,1.23962,1.28571,56.1905
193,0.254601,0.0386,0.00362288,0.00583051,0.0142177,480,0,0.327619,90.4304,1.28571,56.1905
194,0.708792,0.0386,0.0135039,0.00583051,0.0529948,480,0,0.327619,24.2611,1.28571,56.1905
195,0.0722456,0.0386,0.0582489,0.00583051,0.228593,480,0,0.327619,5.62447,1.28571,56.1905
196,0.0553444,0.0386,0.0930198,0.00583051,0.365049,480,0,0.327619,3.52204,1.28571,56.1905
197,0.260626,0.0386,0.0180647,0.00583051,0.0708933,480,0,0.327619,18.1359,1.28571,56.1905
198,0.313393,0.0386,0.0660221,0.00583051,0.259098,480,0,0.327619,4.96226,1.28571,56.1905
199,0.0836051,0.0386,0.074788,0.00583051,0.293499,480,0,0.327619,4.38064,1.28571,56.1905
200,0.265011,0.0386,0.0207895,0.00583051,0.0815868,480,0,0.327619,15.7588,1.28571,56.1905
201,0.0744893,0.0386,0.0128958,0.00583051,0.0506087,480,0,0.327619,25.405,1.28571,56.1905
202,0.348703,0.0386,0.0266844,0.00583051,0.104721,480,0,0.327619,12.2775,1.28571,56.1905
203,0.69184,0.0386,0.00630128,0.00583051,0.0247289,480,0,0.327619,51.9924,1.28571,56.1905
204,0.378798,0.0386,0.0169043,0.00583051,0.0663396,480,0,0.327619,19.3808,1.28571,56.1905
205,0.0934569,0.0386,0.0629906,0.00583051,0.247202,480,0,0.327619,5.20107,1.28571,56.1905
206,0.216296,0.0386,0.0694271,0.00583051,0.272461,480,0,0.327619,4.71889,1.28571,56.1905
207,0.0414965,0.0386,0.152575,0.00583051,0.598767,480,0,0.327619,2.14727,1.28571,56.1905
208,0.377941,0.0386,0.0100545,0.00583051,0.0394583,480,0,0.327619,32.5842,1.28571,56.1905
209,0.109205,0.0386,0.0391356,0.00583051,0.153584,480,0,0.327619,8.37138,1.28571,56.1905
210,0.4923,0.0386,0.0183015,0.00583051,0.0718226,480,0,0.327619,17.9012,1.28571,56.1905
211,0.156057,0.0386,0.015153,0.00583051,0.0594669,480,0,0.327619,21.6207,1.28571,56.1905
212,0.171488,0.0386,0.0234261,0.00583051,0.0919339,480,0,0.327619,13.9852,1.28571,56.1905
213,0.111773,0.0386,0.0427699,0.00583051,0.167847,480,0,0.327619,7.66003,1.28571,56.1905
214,0.298697,0.0386,0.0501587,0.00583051,0.196844,480,0,0.327619,6.53165,1.28571,56.1905
215,0.0905896,0.0386,0.0204028,0.00583051,0.0800693,480,0,0.327619,16.0575,1.28571,56.1905
216,0.296764,0.0386,0.0232733,0.00583051,0.0913343,480,0,0.327619,14.077,1.28571,56.1905
217,0.572398,0.0386,0.0145542,0.00583051,0.0571168,480,0,0.327619,22.5103,1.28571,56.1905
218,0.343006,0.0386,0.20392,0.00583051,0.800267,480,0,0.327619,1.60661,1.28571,56.1905
219,0.273357,0.0386,0.0255376,0.00583051,0.10022,480,0,0.327619,12.8289,1.28571,56.1905
220,0.0591785,0.0386,0.0116716,0.00583051,0.0458041,480,0,0.327619,28.0699,1.28571,56.1905
221,0.38732,0.0386,0.0381739,0.00583051,0.149811,480,0,0.327619,8.58227,1.28571,56.1905
222,0.0750756,0.0386,0.0472414,0.00583051,0.185395,480,0,0.327619,6.935,1.28571,56.1905
223,0.353396,0.0386,0.0775769,0.00583051,0.304444,480,0,0.327619,4.22315,1.28571,56.1905
224,0.177021,0.0386,0.0444164,0.00583051,0.174308,480,0,0.327619,7.37609,1.28571,56.1905
225,0.351639,0.0386,0.0157829,0.00583051,0.0619386,480,0,0.327619,20.7579,1.28571,56.1905
226,0.0608632,0.0386,0.0410129,0.00583051,0.160952,480,0,0.327619,7.9882,1.28571,56.1905
227,0.0945579,0.0386,0.013628,0.00583051,0.0534819,480,0,0.327619,24.0402,1.28571,56.1905
228,0.35932,0.0386,0.0418543,0.00583051,0.164254,480,0,0.327619,7.82761,1.28571,56.1905
229,0.225331,0.0386,0.0227987,0.00583051,0.0894715,480,0,0.327619,14.3701,1.28571,56.1905
230,0.260807,0.0386,0.0312858,0.00583051,0.122779,480,0,0.327619,10.4718,1.28571,56.1905
231,0.122664,0.0386,0.0101572,0.00583051,0.0398611,480,0,0.327619,32.2548,1.28571,56.1905
232,0.106105,0.0386,0.0123536,0.00583051,0.0484806,480,0,0.327619,26.5202,1.28571,56.1905
233,0.50265,0.0386,0.0113093,0.00583051,0.0443826,480,0,0.327619,28.9689,1.28571,56.1905
234,0.301916,0.0386,0.12378,0.00583051,0.485766,480,0,0.327619,2.64678,1.28571,56.1905
235,0.245976,0.0386,0.00751757,0.00583051,0.0295021,480,0,0.327619,43.5805,1.28571,56.1905
236,0.165477,0.0386,0.020433,0.00583051,0.0801875,480,0,0.327619,16.0338,1.28571,56.1905
237,0.204112,0.0386,0.0178755,0.00583051,0.0701511,480,0,0.327619,18.3278,1.28571,56.1905
238,0.398081,0.0386,0.0771884,0.00583051,0.30292,480,0,0.327619,4.24441,1.28571,56.1905
239,0.320499,0.0386,0.0107613,0.00583051,0.042232,480,0,0.327619,30.4441,1.28571,56.1905
240,0.384539,0.0386,0.123277,0.00583051,0.483792,480,0,0.327619,2.65758,1.28571,56.1905
241,0.302003,0.0386,0.0367929,0.00583051,0.144391,480,0,0.327619,8.90442,1.28571,56.1905
242,0.148103,0.0386,0.034575,0.00583051,0.135687,480,0,0.327619,9.47561,1.28571,56.1905
243,0.432825,0.0386,0.0198488,0.00583051,0.0778949,480,0,0.327619,16.5058,1.28571,56.1905
244,0.286489,0.0386,0.0391881,0.00583051,0.153791,480,0,0.327619,8.36016,1.28571,56.1905
245,0.243823,0.0386,0.00695894,0.00583051,0.0273098,480,0,0.327619,47.0788,1.28571,56.1905
246,0.569299,0.0386,0.0349551,0.00583051,0.137179,480,0,0.327619,9.37256,1.28571,56.1905
247,0.154318,0.0386,0.0803741,0.00583051,0.315421,480,0,0.327619,4.07618,1.28571,56.1905
248,0.221063,0.0386,0.151772,0.00583051,0.595616,480,0,0.327619,2.15863,1.28571,56.1905
249,0.319567,0.0386,0.101816,0.00583051,0.399568,480,0,0.327619,3.21776,1.28571,56.1905
250,0.145512,0.0386,0.0803487,0.00583051,0.315322,480,0,0.327619,4.07746,1.28571,56.1905
251,0.18079,0.0386,0.023365,0.00583051,0.0916942,480,0,0.327619,14.0218,1.28571,56.1905
252,0.193194,0.0386,0.00314611,0.00583051,0.0123467,480,0,0.327619,104.135,1.28571,56.1905
253,0.523213,0.0386,0.0139132,0.00583051,0.0546011,480,0,0.327619,23.5474,1.28571,56.1905
254,0.254967,0.0386,0.0631158,0.00583051,0.247693,480,0,0.327619,5.19076,1.28571,56.1905
255,0.126615,0.0386,0.185776,0.00583051,0.729064,480,0,0.327619,1.76351,1.28571,56.1905
256,0.0936971,0.0386,0.0235395,0.00583051,0.0923788,480,0,0.327619,13.9178,1.28571,56.1905
257,0.269251,0.0386,0.0173463,0.00583051,0.068074,480,0,0.327619,18.887,1.28571,56.1905
258,0.311628,0.0386,0.0121374,0.00583051,0.0476322,480,0,0.327619,26.9925,1.28571,56.1905
259,0.166615,0.0386,0.0406148,0.00583051,0.15939,480,0,0.327619,8.06649,1.28571,56.1905
260,0.0815031,0.0386,0.0170086,0.00583051,0.0667488,480,0,0.327619,19.262,1.28571,56.1905
261,0.40151,0.0386,0.0927737,0.00583051,0.364083,480,0,0.327619,3.53138,1.28571,56.1905
262,0.141272,0.0386,0.159832,0.00583051,0.627246,480,0,0.327619,2.04978,1.28571,56.1905
263,0.498511,0.0386,0.0175182,0.00583051,0.0687488,480,0,0.327619,18.7016,1.28571,56.1905
264,0.273289,0.0386,0.0197747,0.00583051,0.0776043,480,0,0.327619,16.5676,1.28571,56.1905
265,0.109386,0.0386,0.0850603,0.00583051,0.333812,480,0,0.327619,3.85161,1.28571,56.1905
266,0.30664,0.0386,0.0645091,0.00583051,0.253161,480,0,0.327619,5.07865,1.28571,56.1905
267,0.233429,0.0386,0.0164639,0.00583051,0.0646113,480,0,0.327619,19.8992,1.28571,56.1905
268,0.0566336,0.0386,0.0305886,0.00583051,0.120042,480,0,0.327619,10.7105,1.28571,56.1905
269,0.085995,0.0386,0.0331057,0.00583051,0.129921,480,0,0.327619,9.89615,1.28571,56.1905
270,0.292754,0.0386,0.00761622,0.00583051,0.0298892,480,0,0.327619,43.016,1.28571,56.1905
271,0.318109,0.0386,0.0862746,0.00583051,0.338578,480,0,0.327619,3.7974,1.28571,56.1905
272,0.324213,0.0386,0.0473666,0.00583051,0.185886,480,0,0.327619,6.91666,1.28571,56.1905
273,0.446874,0.0386,0.050361,0.00583051,0.197638,480,0,0.327619,6.50541,1.28571,56.1905
274,0.383522,0.0386,0.0440072,0.00583051,0.172703,480,0,0.327619,7.44467,1.28571,56.1905
275,0.293376,0.0386,0.0293644,0.00583051,0.115238,480,0,0.327619,11.157,1.28571,56.1905
276,0.330343,0.0386,0.0893204,0.00583051,0.350531,480,0,0.327619,3.66791,1.28571,56.1905
277,0.362735,0.0386,0.463487,0.00583051,1.81892,480,0,0.327619,0.706857,1.28571,56.1905
278,0.213727,0.0386,0.00890865,0.00583051,0.0349613,480,0,0.327619,36.7754,1.28571,56.1905
279,0.149123,0.0386,0.0377605,0.00583051,0.148188,480,0,0.327619,8.67625,1.28571,56.1905
280,0.377547,0.0386,0.119506,0.00583051,0.468991,480,0,0.327619,2.74145,1.28571,56.1905
281,0.0521673,0.0386,0.0294012,0.00583051,0.115383,480,0,0.327619,11.1431,1.28571,56.1905
282,0.308895,0.0386,0.0658582,0.00583051,0.258455,480,0,0.327619,4.97461,1.28571,56.1905
283,0.327092,0.0386,0.0449169,0.00583051,0.176273,480,0,0.327619,7.2939,1.28571,56.1905
284,0.0986474,0.0386,0.188393,0.00583051,0.739333,480,0,0.327619,1.73902,1.28571,56.1905
285,0.101787,0.0386,0.0157553,0.00583051,0.0618305,480,0,0.327619,20.7942,1.28571,56.1905
286,0.0449996,0.0386,0.00674639,0.00583051,0.0264756,480,0,0.327619,48.5621,1.28571,56.1905
287,0.299893,0.0386,0.00828236,0.00583051,0.0325035,480,0,0.327619,39.5562,1.28571,56.1905
288,0.0826716,0.0386,0.0318955,0.00583051,0.125171,480,0,0.327619,10.2716,1.28571,56.1905
289,0.257601,0.0386,0.0151315,0.00583051,0.0593824,480,0,0.327619,21.6514,1.28571,56.1905
290,0.483211,0.0386,0.0105788,0.00583051,0.0415155,480,0,0.327619,30.9695,1.28571,56.1905
291,0.207598,0.0386,0.03438,0.00583051,0.134922,480,0,0.327619,9.52935,1.28571,56.1905
292,0.189457,0.0386,0.210653,0.00583051,0.82669,480,0,0.327619,1.55526,1.28571,56.1905
293,0.42689,0.0386,0.0137553,0.00583051,0.0539814,480,0,0.327619,23.8177,1.28571,56.1905
294,0.593891,0.0386,0.0240143,0.00583051,0.0942422,480,0,0.327619,13.6427,1.28571,56.1905
295,0.436058,0.0386,0.0594213,0.00583051,0.233194,480,0,0.327619,5.5135,1.28571,56.1905
296,0.196793,0.0386,0.0523036,0.00583051,0.205261,480,0,0.327619,6.2638,1.28571,56.1905
297,0.643616,0.0386,0.00633012,0.00583051,0.024842,480,0,0.327619,51.7556,1.28571,56.1905
298,0.259034,0.0386,0.0156534,0.00583051,0.0614304,480,0,0.327619,20.9296,1.28571,56.1905
299,0.272955,0.0386,0.036862,0.00583051,0.144662,480,0,0.327619,8.88773,1.28571,56.1905
300,0.356931,0.0386,0.00589192,0.00583051,0.0231224,480,0,0.327619,55.6048,1.28571,56.1905
301,0.193931,0.0386,0.0151614,0.00583051,0.0594997,480,0,0.327619,21.6088,1.28571,56.1905
302,0.204384,0.0386,0.00588353,0.00583051,0.0230894,480,0,0.327619,55.6841,1.28571,56.1905
303,0.124213,0.0386,0.109359,0.00583051,0.429171,480,0,0.327619,2.99581,1.28571,56.1905
304,0.504143,0.0386,0.0577937,0.00583051,0.226807,480,0,0.327619,5.66877,1.28571,56.1905
305,0.0412186,0.0386,0.004056,0.00583051,0.0159174,480,0,0.327619,80.774,1.28571,56.1905
306,0.105261,0.0386,0.0276935,0.00583051,0.108681,480,0,0.327619,11.8302,1.28571,56.1905
307,0.0604761,0.0386,0.0116376,0.00583051,0.0456708,480,0,0.327619,28.1518,1.28571,56.1905
308,0.0651703,0.0386,0.0315376,0.00583051,0.123767,480,0,0.327619,10.3882,1.28571,56.1905
309,0.661052,0.0386,0.096985,0.00583051,0.38061,480,0,0.327619,3.37804,1.28571,56.1905
310,0.523097,0.0386,0.0335412,0.00583051,0.13163,480,0,0.327619,9.76765,1.28571,56.1905
311,0.664745,0.0386,0.0567535,0.00583051,0.222725,480,0,0.327619,5.77267,1.28571,56.1905
312,0.178438,0.0386,0.0360349,0.00583051,0.141416,480,0,0.327619,9.09171,1.28571,56.1905
313,0.451317,0.0386,0.731305,0.00583051,2.86995,480,0,0.327619,0.447993,1.28571,56.1905
314,0.374506,0.0386,0.215911,0.00583051,0.847326,480,0,0.327619,1.51738,1.28571,56.1905
315,0.315262,0.0386,0.0312435,0.00583051,0.122613,480,0,0.327619,10.486,1.28571,56.1905
316,0.08661,0.0386,0.022982,0.00583051,0.090191,480,0,0.327619,14.2555,1.28571,56.1905
317,0.181444,0.0386,0.00789034,0.00583051,0.030965,480,0,0.327619,41.5215,1.28571,56.1905
318,0.296593,0.0386,0.0404033,0.00583051,0.15856,480,0,0.327619,8.10872,1.28571,56.1905
319,0.347504,0.0386,0.0278748,0.00583051,0.109393,480,0,0.327619,11.7532,1.28571,56.1905
320,0.286803,0.0386,0.110038,0.00583051,0.431837,480,0,0.327619,2.97732,1.28571,56.1905
321,0.303719,0.0386,0.0634153,0.00583051,0.248868,480,0,0.327619,5.16625,1.28571,56.1905
322,0.544424,0.0386,0.0454739,0.00583051,0.178459,480,0,0.327619,7.20455,1.28571,56.1905
323,0.220442,0.0386,0.0422014,0.00583051,0.165616,480,0,0.327619,7.76322,1.28571,56.1905
324,0.155471,0.0386,0.0148509,0.00583051,0.0582812,480,0,0.327619,22.0605,1.28571,56.1905
325,0.336619,0.0386,0.0204025,0.00583051,0.080068,480,0,0.327619,16.0578,1.28571,56.1905
326,0.348736,0.0386,0.0379647,0.00583051,0.148989,480,0,0.327619,8.62957,1.28571,56.1905
327,0.249791,0.0386,0.100823,0.00583051,0.395671,480,0,0.327619,3.24945,1.28571,56.1905
328,0.178461,0.0386,0.123093,0.00583051,0.483068,480,0,0.327619,2.66156,1.28571,56.1905
329,0.35081,0.0386,0.0152693,0.00583051,0.0599233,480,0,0.327619,21.456,1.28571,56.1905
330,0.460891,0.0386,0.00460269,0.00583051,0.0180629,480,0,0.327619,71.1799,1.28571,56.1905
331,0.205424,0.0386,0.115874,0.00583051,0.45474,480,0,0.327619,2.82736,1.28571,56.1905
332,0.0869121,0.0386,0.0550422,0.00583051,0.216009,480,0,0.327619,5.95214,1.28571,56.1905
333,0.28061,0.0386,0.0509052,0.00583051,0.199773,480,0,0.327619,6.43587,1.28571,56.1905
334,0.312738,0.0386,0.0198679,0.00583051,0.0779698,480,0,0.327619,16.4899,1.28571,56.1905
335,0.508461,0.0386,0.00751662,0.00583051,0.0294983,480,0,0.327619,43.586,1.28571,56.1905
336,0.234258,0.0386,0.0240206,0.00583051,0.0942668,480,0,0.327619,13.6391,1.28571,56.1905
337,0.559961,0.0386,0.00292161,0.00583051,0.0114656,480,0,0.327619,112.137,1.28571,56.1905
338,0.174314,0.0386,0.0670933,0.00583051,0.263302,480,0,0.327619,4.88304,1.28571,56.1905
339,0.205647,0.0386,0.00557278,0.00583051,0.0218699,480,0,0.327619,58.7892,1.28571,56.1905
340,0.422068,0.0386,0.134085,0.00583051,0.526205,480,0,0.327619,2.44337,1.28571,56.1905
341,0.0709101,0.0386,0.00630444,0.00583051,0.0247413,480,0,0.327619,51.9664,1.28571,56.1905
342,0.250946,0.0386,0.0399611,0.00583051,0.156824,480,0,0.327619,8.19845,1.28571,56.1905
343,0.354241,0.0386,0.0219127,0.00583051,0.0859945,480,0,0.327619,14.9511,1.28571,56.1905
344,0.196902,0.0386,0.00256444,0.00583051,0.0100639,480,0,0.327619,127.755,1.28571,56.1905
345,0.3535,0.0386,0.0791262,0.00583051,0.310524,480,0,0.327619,4.14046,1.28571,56.1905
346,0.29291,0.0386,0.0377272,0.00583051,0.148057,480,0,0.327619,8.68388,1.28571,56.1905
347,0.407452,0.0386,0.0351504,0.00583051,0.137945,480,0,0.327619,9.32049,1.28571,56.1905
348,0.256463,0.0386,0.0461167,0.00583051,0.180981,480,0,0.327619,7.10414,1.28571,56.1905
349,0.185547,0.0386,0.0203628,0.00583051,0.0799123,480,0,0.327619,16.0891,1.28571,56.1905
350,0.185168,0.0386,0.00990617,0.00583051,0.0388759,480,0,0.327619,33.0722,1.28571,56.1905
351,0.262658,0.0386,0.202366,0.00583051,0.794168,480,0,0.327619,1.61894,1.28571,56.1905
352,0.265079,0.0386,0.120797,0.00583051,0.474056,480,0,0.327619,2.71216,1.28571,56.1905
353,0.19286,0.0386,0.0106739,0.00583051,0.0418888,480,0,0.327619,30.6935,1.28571,56.1905
354,0.213525,0.0386,0.0246117,0.00583051,0.0965866,480,0,0.327619,13.3115,1.28571,56.1905
355,0.375113,0.0386,0.0161227,0.00583051,0.0632721,480,0,0.327619,20.3204,1.28571,56.1905
356,0.336674,0.0386,0.0206336,0.00583051,0.0809749,480,0,0.327619,15.8779,1.28571,56.1905
357,0.601065,0.0386,0.020195,0.00583051,0.0792538,480,0,0.327619,16.2228,1.28571,56.1905
358,0.213737,0.0386,0.0154915,0.00583051,0.0607951,480,0,0.327619,21.1483,1.28571,56.1905
359,0.243006,0.0386,0.430072,0.00583051,1.68778,480,0,0.327619,0.761778,1.28571,56.1905
360,0.0760522,0.0386,0.0109817,0.00583051,0.0430969,480,0,0.327619,29.8331,1.28571,56.1905
361,0.233644,0.0386,0.0343426,0.00583051,0.134775,480,0,0.327619,9.53971,1.28571,56.1905
362,0.49074,0.0386,0.0518175,0.00583051,0.203354,480,0,0.327619,6.32255,1.28571,56.1905
363,0.802875,0.0386,0.0378285,0.00583051,0.148455,480,0,0.327619,8.66064,1.28571,56.1905
364,0.198544,0.0386,0.0448262,0.00583051,0.175917,480,0,0.327619,7.30865,1.28571,56.1905
365,0.297924,0.0386,0.0490028,0.00583051,0.192307,480,0,0.327619,6.68573,1.28571,56.1905
366,0.389874,0.0386,0.188009,0.00583051,0.737828,480,0,0.327619,1.74257,1.28571,56.1905
367,0.645876,0.0386,0.0358127,0.00583051,0.140544,480,0,0.327619,9.14812,1.28571,56.1905
368,0.271358,0.0386,0.0208843,0.00583051,0.0819586,480,0,0.327619,15.6874,1.28571,56.1905
369,0.142273,0.0386,0.0171157,0.00583051,0.0671691,480,0,0.327619,19.1414,1.28571,56.1905
370,0.181258,0.0386,0.196726,0.00583051,0.772035,480,0,0.327619,1.66536,1.28571,56.1905
371,0.101073,0.0386,0.0141602,0.00583051,0.0555706,480,0,0.327619,23.1366,1.28571,56.1905
372,0.232871,0.0386,0.012829,0.00583051,0.0503465,480,0,0.327619,25.5373,1.28571,56.1905
373,0.355866,0.0386,0.0109499,0.00583051,0.0429721,480,0,0.327619,29.9198,1.28571,56.1905
374,0.319609,0.0386,0.0521857,0.00583051,0.204799,480,0,0.327619,6.27794,1.28571,56.1905
375,0.235648,0.0386,0.0122968,0.00583051,0.0482576,480,0,0.327619,26.6427,1.28571,56.1905
376,0.356033,0.0386,0.0397221,0.00583051,0.155886,480,0,0.327619,8.24777,1.28571,56.1905
377,0.291793,0.0386,0.0122263,0.00583051,0.0479812,480,0,0.327619,26.7962,1.28571,56.1905
378,0.253564,0.0386,0.0114248,0.00583051,0.0448356,480,0,0.327619,28.6762,1.28571,56.1905
379,0.280942,0.0386,0.0406721,0.00583051,0.159614,480,0,0.327619,8.05514,1.28571,56.1905
380,0.032164,0.0386,0.0124,0.00583051,0.0486629,480,0,0.327619,26.4209,1.28571,56.1905
381,0.300338,0.0386,0.028912,0.00583051,0.113463,480,0,0.327619,11.3316,1.28571,56.1905
382,0.303993,0.0386,0.023522,0.00583051,0.0923101,480,0,0.327619,13.9282,1.28571,56.1905
383,0.561728,0.0386,0.152781,0.00583051,0.599575,480,0,0.327619,2.14438,1.28571,56.1905
384,0.108949,0.0386,0.0203644,0.00583051,0.0799185,480,0,0.327619,16.0878,1.28571,56.1905
385,0.197727,0.0386,0.0945839,0.00583051,0.371187,480,0,0.327619,3.46379,1.28571,56.1905
386,0.308921,0.0386,0.169007,0.00583051,0.663253,480,0,0.327619,1.9385,1.28571,56.1905
387,0.202992,0.0386,0.0084259,0.00583051,0.0330668,480,0,0.327619,38.8824,1.28571,56.1905
388,0.197978,0.0386,0.00905935,0.00583051,0.0355527,480,0,0.327619,36.1637,1.28571,56.1905
389,0.427565,0.0386,0.0127561,0.00583051,0.0500603,480,0,0.327619,25.6833,1.28571,56.1905
390,0.474317,0.0386,0.0548997,0.00583051,0.215449,480,0,0.327619,5.96759,1.28571,56.1905
391,0.317348,0.0386,0.00827318,0.00583051,0.0324674,480,0,0.327619,39.6002,1.28571,56.1905
392,0.295717,0.0386,0.0103132,0.00583051,0.0404734,480,0,0.327619,31.7669,1.28571,56.1905
393,0.0834309,0.0386,0.0258221,0.00583051,0.101337,480,0,0.327619,12.6875,1.28571,56.1905
394,0.0972865,0.0386,0.0761658,0.00583051,0.298906,480,0,0.327619,4.30139,1.28571,56.1905
395,0.247776,0.0386,0.017004,0.00583051,0.0667309,480,0,0.327619,19.2671,1.28571,56.1905
396,0.111906,0.0386,0.0657523,0.00583051,0.258039,480,0,0.327619,4.98263,1.28571,56.1905
397,0.23641,0.0386,0.00636892,0.00583051,0.0249943,480,0,0.327619,51.4402,1.28571,56.1905
398,0.149654,0.0386,0.0755031,0.00583051,0.296306,480,0,0.327619,4.33915,1.28571,56.1905
399,0.197206,0.0386,0.0278254,0.00583051,0.109199,480,0,0.327619,11.7741,1.28571,56.1905
400,0.352588,0.0386,0.0263983,0.00583051,0.103598,480,0,0.327619,12.4106,1.28571,56.1905
401,0.319135,0.0386,0.0145917,0.00583051,0.057264,480,0,0.327619,22.4524,1.28571,56.1905
402,0.368078,0.0386,0.013963,0.00583051,0.0547967,480,0,0.327619,23.4634,1.28571,56.1905
403,0.359425,0.0386,0.0282528,0.00583051,0.110876,480,0,0.327619,11.596,1.28571,56.1905
404,0.417902,0.0386,0.0742146,0.00583051,0.291249,480,0,0.327619,4.41448,1.28571,56.1905
405,0.50099,0.0386,0.0138235,0.00583051,0.0542493,480,0,0.327619,23.7001,1.28571,56.1905
406,0.155413,0.0386,0.0660997,0.00583051,0.259403,480,0,0.327619,4.95644,1.28571,56.1905
407,0.0775289,0.0386,0.0153141,0.00583051,0.0600988,480,0,0.327619,21.3933,1.28571,56.1905
408,0.432278,0.0386,0.0115389,0.00583051,0.0452834,480,0,0.327619,28.3926,1.28571,56.1905
409,0.382796,0.0386,0.0189828,0.00583051,0.0744966,480,0,0.327619,17.2587,1.28571,56.1905
410,0.145093,0.0386,0.0321125,0.00583051,0.126023,480,0,0.327619,10.2022,1.28571,56.1905
411,0.0673414,0.0386,0.0325524,0.00583051,0.127749,480,0,0.327619,10.0644,1.28571,56.1905
412,0.257021,0.0386,0.0410549,0.00583051,0.161117,480,0,0.327619,7.98002,1.28571,56.1905
413,0.219614,0.0386,0.012218,0.00583051,0.0479487,480,0,0.327619,26.8144,1.28571,56.1905
414,0.455861,0.0386,0.0198878,0.00583051,0.078048,480,0,0.327619,16.4734,1.28571,56.1905
415,0.106764,0.0386,0.376124,0.00583051,1.47607,480,0,0.327619,0.871041,1.28571,56.1905
416,0.213508,0.0386,0.030273,0.00583051,0.118804,480,0,0.327619,10.8221,1.28571,56.1905
417,0.249797,0.0386,0.0428671,0.00583051,0.168229,480,0,0.327619,7.64266,1.28571,56.1905
418,0.186474,0.0386,0.0773039,0.00583051,0.303373,480,0,0.327619,4.23806,1.28571,56.1905
419,0.211117,0.0386,0.00435375,0.00583051,0.0170859,480,0,0.327619,75.2498,1.28571,56.1905
420,0.481041,0.0386,0.0444875,0.00583051,0.174588,480,0,0.327619,7.36429,1.28571,56.1905
421,0.0949607,0.0386,0.129479,0.00583051,0.508131,480,0,0.327619,2.53028,1.28571,56.1905
422,0.577569,0.0386,0.00592233,0.00583051,0.0232417,480,0,0.327619,55.3193,1.28571,56.1905
423,0.120094,0.0386,0.00735971,0.00583051,0.0288826,480,0,0.327619,44.5152,1.28571,56.1905
424,0.30625,0.0386,0.0188102,0.00583051,0.073819,480,0,0.327619,17.4171,1.28571,56.1905
425,0.129728,0.0386,0.13754,0.00583051,0.539765,480,0,0.327619,2.38199,1.28571,56.1905
426,0.681847,0.0386,0.125927,0.00583051,0.49419,480,0,0.327619,2.60166,1.28571,56.1905
427,0.219243,0.0386,0.0497001,0.00583051,0.195044,480,0,0.327619,6.59192,1.28571,56.1905
428,0.451725,0.0386,0.0345697,0.00583051,0.135666,480,0,0.327619,9.47706,1.28571,56.1905
429,0.0765386,0.0386,0.011611,0.00583051,0.0455665,480,0,0.327619,28.2162,1.28571,56.1905
430,0.175469,0.0386,0.0330113,0.00583051,0.12955,480,0,0.327619,9.92445,1.28571,56.1905
431,0.228598,0.0386,0.01006,0.00583051,0.0394796,480,0,0.327619,32.5665,1.28571,56.1905
432,0.108715,0.0386,0.00934044,0.00583051,0.0366558,480,0,0.327619,35.0753,1.28571,56.1905
433,0.358838,0.0386,0.0713434,0.00583051,0.279981,480,0,0.327619,4.59214,1.28571,56.1905
434,0.214829,0.0386,0.0138195,0.00583051,0.0542335,480,0,0.327619,23.707,1.28571,56.1905
435,0.377802,0.0386,0.00871405,0.00583051,0.0341976,480,0,0.327619,37.5967,1.28571,56.1905
436,0.166323,0.0386,0.229906,0.00583051,0.902247,480,0,0.327619,1.42501,1.28571,56.1905
437,0.257904,0.0386,0.0835252,0.00583051,0.327788,480,0,0.327619,3.9224,1.28571,56.1905
438,0.201571,0.0386,0.0723636,0.00583051,0.283985,480,0,0.327619,4.5274,1.28571,56.1905
439,0.156403,0.0386,0.00693386,0.00583051,0.0272114,480,0,0.327619,47.2492,1.28571,56.1905
440,0.0635248,0.0386,0.0249855,0.00583051,0.0980536,480,0,0.327619,13.1124,1.28571,56.1905
441,0.119026,0.0386,0.0357548,0.00583051,0.140317,480,0,0.327619,9.16295,1.28571,56.1905
442,0.246315,0.0386,0.0776526,0.00583051,0.304741,480,0,0.327619,4.21903,1.28571,56.1905
443,0.270369,0.0386,0.0154851,0.00583051,0.06077,480,0,0.327619,21.157,1.28571,56.1905
444,0.80511,0.0386,0.0102878,0.00583051,0.0403737,480,0,0.327619,31.8453,1.28571,56.1905
445,0.200335,0.0386,0.0776884,0.00583051,0.304882,480,0,0.327619,4.21709,1.28571,56.1905
446,0.0572699,0.0386,0.0234668,0.00583051,0.0920936,480,0,0.327619,13.961,1.28571,56.1905
447,0.339599,0.0386,0.551572,0.00583051,2.1646,480,0,0.327619,0.593974,1.28571,56.1905
448,0.154787,0.0386,0.0672747,0.00583051,0.264014,480,0,0.327619,4.86987,1.28571,56.1905
449,0.337512,0.0386,0.0782482,0.00583051,0.307079,480,0,0.327619,4.18692,1.28571,56.1905
450,0.101282,0.0386,0.0112866,0.00583051,0.0442934,480,0,0.327619,29.0272,1.28571,56.1905
451,0.274454,0.0386,0.0714619,0.00583051,0.280447,480,0,0.327619,4.58452,1.28571,56.1905
452,0.199372,0.0386,0.0146269,0.00583051,0.0574019,480,0,0.327619,22.3985,1.28571,56.1905
453,0.265998,0.0386,0.129051,0.00583051,0.506451,480,0,0.327619,2.53867,1.28571,56.1905
454,0.447744,0.0386,0.0293579,0.00583051,0.115213,480,0,0.327619,11.1595,1.28571,56.1905
455,0.141022,0.0386,0.0916072,0.00583051,0.359505,480,0,0.327619,3.57634,1.28571,56.1905
456,0.444818,0.0386,0.0318141,0.00583051,0.124852,480,0,0.327619,10.2979,1.28571,56.1905
457,0.829103,0.0386,0.0615248,0.00583051,0.241449,480,0,0.327619,5.32499,1.28571,56.1905
458,0.241512,0.0386,0.0438152,0.00583051,0.171949,480,0,0.327619,7.47729,1.28571,56.1905
459,0.309621,0.0386,0.00661376,0.00583051,0.0259552,480,0,0.327619,49.5359,1.28571,56.1905
460,0.260654,0.0386,0.0334397,0.00583051,0.131232,480,0,0.327619,9.7973,1.28571,56.1905
461,0.437012,0.0386,0.163788,0.00583051,0.642774,480,0,0.327619,2.00026,1.28571,56.1905
462,0.0739097,0.0386,0.144835,0.00583051,0.568393,480,0,0.327619,2.26202,1.28571,56.1905
463,0.228303,0.0386,0.239268,0.00583051,0.938988,480,0,0.327619,1.36926,1.28571,56.1905
464,0.0662887,0.0386,0.101316,0.00583051,0.397608,480,0,0.327619,3.23362,1.28571,56.1905
465,0.494468,0.0386,0.0120804,0.00583051,0.0474087,480,0,0.327619,27.1198,1.28571,56.1905
466,0.423027,0.0386,0.0151645,0.00583051,0.0595118,480,0,0.327619,21.6044,1.28571,56.1905
467,0.153359,0.0386,0.0245247,0.00583051,0.0962453,480,0,0.327619,13.3587,1.28571,56.1905
468,0.33789,0.0386,0.0354089,0.00583051,0.138959,480,0,0.327619,9.25245,1.28571,56.1905
469,0.191422,0.0386,0.154581,0.00583051,0.606642,480,0,0.327619,2.1194,1.28571,56.1905
470,0.202322,0.0386,0.0777199,0.00583051,0.305005,480,0,0.327619,4.21538,1.28571,56.1905
471,0.425508,0.0386,0.0197229,0.00583051,0.0774008,480,0,0.327619,16.6111,1.28571,56.1905
472,0.527249,0.0386,0.0103702,0.00583051,0.040697,480,0,0.327619,31.5923,1.28571,56.1905
473,0.170205,0.0386,0.0506562,0.00583051,0.198796,480,0,0.327619,6.4675,1.28571,56.1905
474,0.496424,0.0386,0.0152703,0.00583051,0.0599272,480,0,0.327619,21.4546,1.28571,56.1905
475,0.157764,0.0386,0.0888426,0.00583051,0.348656,480,0,0.327619,3.68763,1.28571,56.1905
476,0.138755,0.0386,0.0387523,0.00583051,0.15208,480,0,0.327619,8.45419,1.28571,56.1905
477,0.102827,0.0386,0.00825524,0.00583051,0.032397,480,0,0.327619,39.6862,1.28571,56.1905
478,0.0900006,0.0386,0.011523,0.00583051,0.0452212,480,0,0.327619,28.4317,1.28571,56.1905
479,0.105247,0.0386,0.0131785,0.00583051,0.0517181,480,0,0.327619,24.8601,1.28571,56.1905
480,0.0533017,0.0386,0.320044,0.00583051,1.25599,480,0,0.327619,1.02367,1.28571,56.1905
481,0.276576,0.0386,0.0293199,0.00583051,0.115063,480,0,0.327619,11.174,1.28571,56.1905
482,0.255579,0.0386,0.0307162,0.00583051,0.120543,480,0,0.327619,10.666,1.28571,56.1905
483,0.396727,0.0386,0.0136609,0.00583051,0.053611,480,0,0.327619,23.9823,1.28571,56.1905
484,0.183995,0.0386,0.0339507,0.00583051,0.133237,480,0,0.327619,9.64986,1.28571,56.1905
485,0.210863,0.0386,0.0734981,0.00583051,0.288438,480,0,0.327619,4.45751,1.28571,56.1905
486,0.325711,0.0386,0.0508795,0.00583051,0.199672,480,0,0.327619,6.43912,1.28571,56.1905
487,0.70085,0.0386,0.0124817,0.00583051,0.0489832,480,0,0.327619,26.248,1.28571,56.1905
488,0.11848,0.0386,0.00188479,0.00583051,0.00739671,480,0,0.327619,173.822,1.28571,56.1905
489,0.101438,0.0386,0.0135277,0.00583051,0.0530882,480,0,0.327619,24.2184,1.28571,56.1905
490,0.452276,0.0386,0.0333914,0.00583051,0.131042,480,0,0.327619,9.81149,1.28571,56.1905
491,0.324269,0.0386,0.0403772,0.00583051,0.158457,480,0,0.327619,8.11397,1.28571,56.1905
492,0.259335,0.0386,0.0120851,0.00583051,0.047427,480,0,0.327619,27.1093,1.28571,56.1905
493,0.148592,0.0386,0.0273074,0.00583051,0.107166,480,0,0.327619,11.9974,1.28571,56.1905
494,0.321481,0.0386,0.051955,0.00583051,0.203893,480,0,0.327619,6.30583,1.28571,56.1905
495,0.272373,0.0386,0.00713141,0.00583051,0.0279867,480,0,0.327619,45.9403,1.28571,56.1905
496,0.400039,0.0386,0.154869,0.00583051,0.607773,480,0,0.327619,2.11545,1.28571,56.1905
497,0.317437,0.0386,0.229931,0.00583051,0.902346,480,0,0.327619,1.42486,1.28571,56.1905
498,0.387376,0.0386,0.017075,0.00583051,0.0670095,480,0,0.327619,19.187,1.28571,56.1905
499,0.0396532,0.0386,0.0663732,0.00583051,0.260476,480,0,0.327619,4.93601,1.28571,56.1905
