PID,i_lum_F1_indiv,i_lum_k12(KA),i_lum_k23(Q/V),i_lum_k32(Q/VP),i_lum_k20(CL/V),total_mg_dose_per_occassion,DS,Q,V,CL,VP
0,0.13211,0.0386,0.0137052,0.00583051,0.053785,360,0,0.245714,17.9285,0.964286,42.1429
1,0.081046,0.0386,0.279271,0.00583051,1.09598,360,0,0.245714,0.879841,0.964286,42.1429
2,0.302177,0.0386,0.154553,0.00583051,0.60653,360,0,0.245714,1.58984,0.964286,42.1429
3,0.20486,0.0386,0.0420633,0.00583051,0.165074,360,0,0.245714,5.84154,0.964286,42.1429
4,0.222411,0.0386,0.0423616,0.00583051,0.166245,360,0,0.245714,5.80041,0.964286,42.1429
5,0.272244,0.0386,0.0854679,0.00583051,0.335412,360,0,0.245714,2.87493,0.964286,42.1429
6,0.438176,0.0386,0.0279073,0.00583051,0.10952,360,0,0.245714,8.80465,0.964286,42.1429
7,0.725415,0.0386,0.103721,0.00583051,0.407045,360,0,0.245714,2.36899,0.964286,42.1429
8,0.183788,0.0386,0.0272472,0.00583051,0.10693,360,0,0.245714,9.01796,0.964286,42.1429
9,0.121135,0.0386,0.0607205,0.00583051,0.238293,360,0,0.245714,4.04665,0.964286,42.1429
10,0.076039,0.0386,0.0656601,0.00583051,0.257678,360,0,0.245714,3.74221,0.964286,42.1429
11,0.299336,0.0386,0.012177,0.00583051,0.0477877,360,0,0.245714,20.1785,0.964286,42.1429
12,0.198914,0.0386,0.0588537,0.00583051,0.230966,360,0,0.245714,4.175,0.964286,42.1429
13,0.117289,0.0386,0.0704217,0.00583051,0.276364,360,0,0.245714,3.48918,0.964286,42.1429
14,0.442211,0.0386,0.0179074,0.00583051,0.070276,360,0,0.245714,13.7214,0.964286,42.1429
15,0.175443,0.0386,0.023158,0.00583051,0.0908817,360,0,0.245714,10.6103,0.964286,42.1429
16,0.439163,0.0386,0.139241,0.00583051,0.546438,360,0,0.245714,1.76467,0.964286,42.1429
17,0.291701,0.0386,0.0250833,0.00583051,0.0984375,360,0,0.245714,9.79591,0.964286,42.1429
18,0.313757,0.0386,0.0461636,0.00583051,0.181165,360,0,0.245714,5.32269,0.964286,42.1429
19,0.15182,0.0386,0.0212162,0.00583051,0.0832611,360,0,0.245714,11.5815,0.964286,42.1429
20,0.208608,0.0386,0.0875556,0.00583051,0.343605,360,0,0.245714,2.80638,0.964286,42.1429
21,0.125262,0.0386,0.0168779,0.00583051,0.0662361,360,0,0.245714,14.5583,0.964286,42.1429
22,0.303698,0.0386,0.00283822,0.00583051,0.0111384,360,0,0.245714,86.5733,0.964286,42.1429
23,0.268993,0.0386,0.0201015,0.00583051,0.0788868,360,0,0.245714,12.2237,0.964286,42.1429
24,0.548403,0.0386,0.00482526,0.00583051,0.0189364,360,0,0.245714,50.9225,0.964286,42.1429
25,0.0988703,0.0386,0.0508561,0.00583051,0.199581,360,0,0.245714,4.83156,0.964286,42.1429
26,0.413693,0.0386,0.0282415,0.00583051,0.110831,360,0,0.245714,8.70048,0.964286,42.1429
27,0.102203,0.0386,0.0217157,0.00583051,0.0852215,360,0,0.245714,11.3151,0.964286,42.1429
28,0.131751,0.0386,0.0372284,0.00583051,0.1461,360,0,0.245714,6.60019,0.964286,42.1429
29,0.321433,0.0386,0.0148353,0.00583051,0.0582198,360,0,0.245714,16.5628,0.964286,42.1429
30,0.416999,0.0386,0.0103266,0.00583051,0.0405261,360,0,0.245714,23.7942,0.964286,42.1429
31,0.405044,0.0386,0.0228441,0.00583051,0.0896499,360,0,0.245714,10.7561,0.964286,42.1429
32,0.276254,0.0386,0.0165075,0.00583051,0.0647824,360,0,0.245714,14.885,0.964286,42.1429
33,0.509837,0.0386,0.00720102,0.00583051,0.0282598,360,0,0.245714,34.1222,0.964286,42.1429
34,0.484001,0.0386,0.04759,0.00583051,0.186763,360,0,0.245714,5.16315,0.964286,42.1429
35,0.0720951,0.0386,0.0209909,0.00583051,0.082377,360,0,0.245714,11.7058,0.964286,42.1429
36,0.068608,0.0386,0.10045,0.00583051,0.39421,360,0,0.245714,2.44612,0.964286,42.1429
37,0.157308,0.0386,0.0130267,0.00583051,0.0511222,360,0,0.245714,18.8624,0.964286,42.1429
38,0.118319,0.0386,0.0177163,0.00583051,0.0695263,360,0,0.245714,13.8694,0.964286,42.1429
39,0.124765,0.0386,0.0740604,0.00583051,0.290644,360,0,0.245714,3.31775,0.964286,42.1429
40,0.0178086,0.0386,0.0225572,0.00583051,0.0885238,360,0,0.245714,10.893,0.964286,42.1429
41,0.448563,0.0386,0.078454,0.00583051,0.307886,360,0,0.245714,3.13195,0.964286,42.1429
42,0.260295,0.0386,0.0383534,0.00583051,0.150515,360,0,0.245714,6.40659,0.964286,42.1429
43,0.234684,0.0386,0.0315006,0.00583051,0.123622,360,0,0.245714,7.8003,0.964286,42.1429
44,0.303716,0.0386,0.0979851,0.00583051,0.384535,360,0,0.245714,2.50767,0.964286,42.1429
45,0.438948,0.0386,0.0201994,0.00583051,0.0792709,360,0,0.245714,12.1644,0.964286,42.1429
46,0.189144,0.0386,0.145099,0.00583051,0.56943,360,0,0.245714,1.69342,0.964286,42.1429
47,0.223253,0.0386,0.0178221,0.00583051,0.0699415,360,0,0.245714,13.787,0.964286,42.1429
48,0.166638,0.0386,0.0327223,0.00583051,0.128416,360,0,0.245714,7.50908,0.964286,42.1429
49,0.192367,0.0386,0.0468996,0.00583051,0.184054,360,0,0.245714,5.23916,0.964286,42.1429
50,0.190353,0.0386,0.0401019,0.00583051,0.157377,360,0,0.245714,6.12724,0.964286,42.1429
51,0.0920255,0.0386,0.0954983,0.00583051,0.374776,360,0,0.245714,2.57297,0.964286,42.1429
52,0.166746,0.0386,0.0912133,0.00583051,0.357959,360,0,0.245714,2.69384,0.964286,42.1429
53,0.0553267,0.0386,0.0240541,0.00583051,0.0943985,360,0,0.245714,10.2151,0.964286,42.1429
54,0.113161,0.0386,0.0316823,0.00583051,0.124334,360,0,0.245714,7.75558,0.964286,42.1429
55,0.108225,0.0386,0.082128,0.00583051,0.322305,360,0,0.245714,2.99184,0.964286,42.1429
56,0.110249,0.0386,0.165769,0.00583051,0.650546,360,0,0.245714,1.48227,0.964286,42.1429
57,0.30739,0.0386,0.0285282,0.00583051,0.111956,360,0,0.245714,8.61304,0.964286,42.1429
58,0.411874,0.0386,0.0642353,0.00583051,0.252086,360,0,0.245714,3.82522,0.964286,42.1429
59,0.178303,0.0386,0.048384,0.00583051,0.189879,360,0,0.245714,5.07842,0.964286,42.1429
60,0.2479,0.0386,0.0207957,0.00583051,0.0816111,360,0,0.245714,11.8156,0.964286,42.1429
61,0.25888,0.0386,0.0117776,0.00583051,0.0462203,360,0,0.245714,20.8628,0.964286,42.1429
62,0.246499,0.0386,0.00496379,0.00583051,0.01948,360,0,0.245714,49.5013,0.964286,42.1429
63,0.135613,0.0386,0.0459855,0.00583051,0.180466,360,0,0.245714,5.3433,0.964286,42.1429
64,0.328757,0.0386,0.00529116,0.00583051,0.0207647,360,0,0.245714,46.4386,0.964286,42.1429
65,0.508457,0.0386,0.013703,0.00583051,0.0537764,360,0,0.245714,17.9314,0.964286,42.1429
66,0.260891,0.0386,0.0492739,0.00583051,0.193372,360,0,0.245714,4.9867,0.964286,42.1429
67,0.454825,0.0386,0.144109,0.00583051,0.565545,360,0,0.245714,1.70506,0.964286,42.1429
68,0.168181,0.0386,0.0275672,0.00583051,0.108185,360,0,0.245714,8.91328,0.964286,42.1429
69,0.183831,0.0386,0.0723771,0.00583051,0.284038,360,0,0.245714,3.39492,0.964286,42.1429
70,0.557638,0.0386,0.139144,0.00583051,0.54606,360,0,0.245714,1.7659,0.964286,42.1429
71,0.154576,0.0386,0.014406,0.00583051,0.0565352,360,0,0.245714,17.0564,0.964286,42.1429
72,0.38212,0.0386,0.161152,0.00583051,0.632429,360,0,0.245714,1.52473,0.964286,42.1429
73,0.736049,0.0386,0.058519,0.00583051,0.229653,360,0,0.245714,4.19888,0.964286,42.1429
74,0.276534,0.0386,0.0186368,0.00583051,0.0731387,360,0,0.245714,13.1843,0.964286,42.1429
75,0.247595,0.0386,0.125874,0.00583051,0.493981,360,0,0.245714,1.95207,0.964286,42.1429
76,0.20171,0.0386,0.15965,0.00583051,0.626532,360,0,0.245714,1.53908,0.964286,42.1429
77,0.220142,0.0386,0.0563258,0.00583051,0.221046,360,0,0.245714,4.36238,0.964286,42.1429
78,0.161999,0.0386,0.055844,0.00583051,0.219155,360,0,0.245714,4.40001,0.964286,42.1429
79,0.163581,0.0386,0.016861,0.00583051,0.0661695,360,0,0.245714,14.573,0.964286,42.1429
80,0.10179,0.0386,0.0453701,0.00583051,0.178051,360,0,0.245714,5.41577,0.964286,42.1429
81,0.114835,0.0386,0.101452,0.00583051,0.39814,360,0,0.245714,2.42197,0.964286,42.1429
82,0.285964,0.0386,0.0297606,0.00583051,0.116793,360,0,0.245714,8.25636,0.964286,42.1429
83,0.17269,0.0386,0.0377438,0.00583051,0.148122,360,0,0.245714,6.51006,0.964286,42.1429
84,0.180559,0.0386,0.0241169,0.00583051,0.0946447,360,0,0.245714,10.1885,0.964286,42.1429
85,0.22318,0.0386,0.223403,0.00583051,0.876727,360,0,0.245714,1.09987,0.964286,42.1429
86,0.29719,0.0386,0.018501,0.00583051,0.0726056,360,0,0.245714,13.2811,0.964286,42.1429
87,0.202149,0.0386,0.0468283,0.00583051,0.183774,360,0,0.245714,5.24713,0.964286,42.1429
88,0.0366202,0.0386,0.0149474,0.00583051,0.0586598,360,0,0.245714,16.4386,0.964286,42.1429
89,0.632227,0.0386,0.0262778,0.00583051,0.103125,360,0,0.245714,9.35065,0.964286,42.1429
90,0.219864,0.0386,0.0126907,0.00583051,0.0498038,360,0,0.245714,19.3617,0.964286,42.1429
91,0.185139,0.0386,0.0217797,0.00583051,0.0854728,360,0,0.245714,11.2818,0.964286,42.1429
92,0.302084,0.0386,0.0126297,0.00583051,0.0495642,360,0,0.245714,19.4553,0.964286,42.1429
93,0.179343,0.0386,0.00672102,0.00583051,0.0263761,360,0,0.245714,36.5591,0.964286,42.1429
94,0.398653,0.0386,0.0545136,0.00583051,0.213934,360,0,0.245714,4.5074,0.964286,42.1429
95,0.109054,0.0386,0.0151605,0.00583051,0.0594961,360,0,0.245714,16.2075,0.964286,42.1429
96,0.154897,0.0386,0.0145994,0.00583051,0.0572943,360,0,0.245714,16.8304,0.964286,42.1429
97,0.194102,0.0386,0.011727,0.00583051,0.0460217,360,0,0.245714,20.9528,0.964286,42.1429
98,0.372065,0.0386,0.0399966,0.00583051,0.156964,360,0,0.245714,6.14337,0.964286,42.1429
99,0.286161,0.0386,0.0138246,0.00583051,0.0542536,360,0,0.245714,17.7737,0.964286,42.1429
100,0.206636,0.0386,0.0907052,0.00583051,0.355965,360,0,0.245714,2.70893,0.964286,42.1429
101,0.140373,0.0386,0.0343613,0.00583051,0.134848,360,0,0.245714,7.1509,0.964286,42.1429
102,0.211179,0.0386,0.0237691,0.00583051,0.0932799,360,0,0.245714,10.3375,0.964286,42.1429
103,0.210267,0.0386,0.127197,0.00583051,0.499173,360,0,0.245714,1.93177,0.964286,42.1429
104,0.229633,0.0386,0.0248505,0.00583051,0.0975239,360,0,0.245714,9.88769,0.964286,42.1429
105,0.22661,0.0386,0.074865,0.00583051,0.293802,360,0,0.245714,3.2821,0.964286,42.1429
106,0.461276,0.0386,0.0140451,0.00583051,0.0551189,360,0,0.245714,17.4946,0.964286,42.1429
107,0.181222,0.0386,0.202086,0.00583051,0.793069,360,0,0.245714,1.21589,0.964286,42.1429
108,0.130326,0.0386,0.00512355,0.00583051,0.020107,360,0,0.245714,47.9578,0.964286,42.1429
109,0.398904,0.0386,0.00974443,0.00583051,0.0382412,360,0,0.245714,25.2159,0.964286,42.1429
110,0.221027,0.0386,0.0130635,0.00583051,0.0512667,360,0,0.245714,18.8092,0.964286,42.1429
111,0.23684,0.0386,0.0444283,0.00583051,0.174355,360,0,0.245714,5.53058,0.964286,42.1429
112,0.104527,0.0386,0.0120069,0.00583051,0.0471203,360,0,0.245714,20.4643,0.964286,42.1429
113,0.140102,0.0386,0.0124431,0.00583051,0.048832,360,0,0.245714,19.747,0.964286,42.1429
114,0.400896,0.0386,0.0321317,0.00583051,0.126098,360,0,0.245714,7.64711,0.964286,42.1429
115,0.393646,0.0386,0.0107654,0.00583051,0.0422478,360,0,0.245714,22.8245,0.964286,42.1429
116,0.13071,0.0386,0.0169022,0.00583051,0.0663313,360,0,0.245714,14.5374,0.964286,42.1429
117,0.289976,0.0386,0.025007,0.00583051,0.0981381,360,0,0.245714,9.8258,0.964286,42.1429
118,0.445613,0.0386,0.0128279,0.00583051,0.0503421,360,0,0.245714,19.1547,0.964286,42.1429
119,0.196615,0.0386,0.00559139,0.00583051,0.021943,360,0,0.245714,43.9451,0.964286,42.1429
120,0.360669,0.0386,0.0251757,0.00583051,0.0987999,360,0,0.245714,9.75999,0.964286,42.1429
121,0.444504,0.0386,0.0392067,0.00583051,0.153863,360,0,0.245714,6.26716,0.964286,42.1429
122,0.338675,0.0386,0.144686,0.00583051,0.567809,360,0,0.245714,1.69826,0.964286,42.1429
123,0.163058,0.0386,0.0201197,0.00583051,0.0789579,360,0,0.245714,12.2127,0.964286,42.1429
124,0.177321,0.0386,0.098064,0.00583051,0.384844,360,0,0.245714,2.50565,0.964286,42.1429
125,0.451852,0.0386,0.0235138,0.00583051,0.0922782,360,0,0.245714,10.4498,0.964286,42.1429
126,0.321036,0.0386,0.114006,0.00583051,0.447409,360,0,0.245714,2.15527,0.964286,42.1429
127,0.415801,0.0386,0.0121274,0.00583051,0.0475929,360,0,0.245714,20.2611,0.964286,42.1429
128,0.232652,0.0386,0.0551575,0.00583051,0.216461,360,0,0.245714,4.45478,0.964286,42.1429
129,0.144168,0.0386,0.0587169,0.00583051,0.23043,360,0,0.245714,4.18473,0.964286,42.1429
130,0.406573,0.0386,0.036334,0.00583051,0.14259,360,0,0.245714,6.76266,0.964286,42.1429
131,0.167075,0.0386,0.0638491,0.00583051,0.250571,360,0,0.245714,3.84836,0.964286,42.1429
132,0.186374,0.0386,0.0156067,0.00583051,0.0612472,360,0,0.245714,15.7442,0.964286,42.1429
133,0.0903985,0.0386,0.113148,0.00583051,0.444041,360,0,0.245714,2.17161,0.964286,42.1429
134,0.0255425,0.0386,0.0566159,0.00583051,0.222185,360,0,0.245714,4.34002,0.964286,42.1429
135,0.471998,0.0386,0.0945537,0.00583051,0.371068,360,0,0.245714,2.59867,0.964286,42.1429
136,0.315189,0.0386,0.0148644,0.00583051,0.0583342,360,0,0.245714,16.5304,0.964286,42.1429
137,0.23398,0.0386,0.0307558,0.00583051,0.120699,360,0,0.245714,7.98919,0.964286,42.1429
138,0.354051,0.0386,0.0328316,0.00583051,0.128845,360,0,0.245714,7.48408,0.964286,42.1429
139,0.213422,0.0386,0.0611079,0.00583051,0.239813,360,0,0.245714,4.02099,0.964286,42.1429
140,0.272068,0.0386,0.345512,0.00583051,1.35593,360,0,0.245714,0.711161,0.964286,42.1429
141,0.183091,0.0386,0.182105,0.00583051,0.714658,360,0,0.245714,1.3493,0.964286,42.1429
142,0.083053,0.0386,0.034356,0.00583051,0.134827,360,0,0.245714,7.152,0.964286,42.1429
143,0.122883,0.0386,0.00699323,0.00583051,0.0274444,360,0,0.245714,35.136,0.964286,42.1429
144,0.372915,0.0386,0.109572,0.00583051,0.430006,360,0,0.245714,2.24249,0.964286,42.1429
145,0.549306,0.0386,0.124686,0.00583051,0.489321,360,0,0.245714,1.97066,0.964286,42.1429
146,0.703748,0.0386,0.0102404,0.00583051,0.0401877,360,0,0.245714,23.9946,0.964286,42.1429
147,0.25894,0.0386,0.0131269,0.00583051,0.0515156,360,0,0.245714,18.7183,0.964286,42.1429
148,0.466636,0.0386,0.247206,0.00583051,0.970139,360,0,0.245714,0.993966,0.964286,42.1429
149,0.339916,0.0386,0.0137303,0.00583051,0.0538836,360,0,0.245714,17.8957,0.964286,42.1429
150,0.0560739,0.0386,0.0456127,0.00583051,0.179003,360,0,0.245714,5.38697,0.964286,42.1429
151,0.378875,0.0386,0.0685011,0.00583051,0.268827,360,0,0.245714,3.58701,0.964286,42.1429
152,0.171607,0.0386,0.0423234,0.00583051,0.166095,360,0,0.245714,5.80564,0.964286,42.1429
153,0.193682,0.0386,0.0174208,0.00583051,0.0683666,360,0,0.245714,14.1046,0.964286,42.1429
154,0.0428202,0.0386,0.135685,0.00583051,0.532484,360,0,0.245714,1.81092,0.964286,42.1429
155,0.12548,0.0386,0.130705,0.00583051,0.512942,360,0,0.245714,1.87991,0.964286,42.1429
156,0.420124,0.0386,0.0415864,0.00583051,0.163202,360,0,0.245714,5.90853,0.964286,42.1429
157,0.127182,0.0386,0.0149373,0.00583051,0.0586202,360,0,0.245714,16.4497,0.964286,42.1429
158,0.421501,0.0386,0.0109064,0.00583051,0.0428011,360,0,0.245714,22.5294,0.964286,42.1429
159,0.483512,0.0386,0.0607955,0.00583051,0.238587,360,0,0.245714,4.04165,0.964286,42.1429
160,0.489165,0.0386,0.0372321,0.00583051,0.146115,360,0,0.245714,6.59952,0.964286,42.1429
161,0.0996118,0.0386,0.0108226,0.00583051,0.0424726,360,0,0.245714,22.7037,0.964286,42.1429
162,0.285068,0.0386,0.0198821,0.00583051,0.0780256,360,0,0.245714,12.3586,0.964286,42.1429
163,0.0628226,0.0386,0.210543,0.00583051,0.826258,360,0,0.245714,1.16705,0.964286,42.1429
164,0.29147,0.0386,0.0611529,0.00583051,0.239989,360,0,0.245714,4.01803,0.964286,42.1429
165,0.106676,0.0386,0.0563089,0.00583051,0.22098,360,0,0.245714,4.36368,0.964286,42.1429
166,0.114317,0.0386,0.0239149,0.00583051,0.0938521,360,0,0.245714,10.2745,0.964286,42.1429
167,0.142959,0.0386,0.00609442,0.00583051,0.0239171,360,0,0.245714,40.3179,0.964286,42.1429
168,0.115646,0.0386,0.0288014,0.00583051,0.113029,360,0,0.245714,8.53132,0.964286,42.1429
169,0.0792212,0.0386,0.0265463,0.00583051,0.104179,360,0,0.245714,9.25607,0.964286,42.1429
170,0.279875,0.0386,0.161454,0.00583051,0.633613,360,0,0.245714,1.52188,0.964286,42.1429
171,0.286169,0.0386,0.0154399,0.00583051,0.0605927,360,0,0.245714,15.9142,0.964286,42.1429
172,0.339278,0.0386,0.0360466,0.00583051,0.141462,360,0,0.245714,6.81658,0.964286,42.1429
173,0.183276,0.0386,0.0640907,0.00583051,0.251519,360,0,0.245714,3.83385,0.964286,42.1429
174,0.0471485,0.0386,0.0171437,0.00583051,0.0672789,360,0,0.245714,14.3327,0.964286,42.1429
175,0.361935,0.0386,0.207582,0.00583051,0.81464,360,0,0.245714,1.1837,0.964286,42.1429
176,0.226261,0.0386,0.0574242,0.00583051,0.225357,360,0,0.245714,4.27893,0.964286,42.1429
177,0.349827,0.0386,0.013076,0.00583051,0.0513159,360,0,0.245714,18.7912,0.964286,42.1429
178,0.0875419,0.0386,0.00565829,0.00583051,0.0222055,360,0,0.245714,43.4256,0.964286,42.1429
179,0.363658,0.0386,0.0235807,0.00583051,0.0925407,360,0,0.245714,10.4201,0.964286,42.1429
180,0.448433,0.0386,0.0137221,0.00583051,0.0538515,360,0,0.245714,17.9064,0.964286,42.1429
181,0.287774,0.0386,0.0482347,0.00583051,0.189293,360,0,0.245714,5.09414,0.964286,42.1429
182,0.164368,0.0386,0.167937,0.00583051,0.659057,360,0,0.245714,1.46313,0.964286,42.1429
183,0.10909,0.0386,0.00690609,0.00583051,0.0271024,360,0,0.245714,35.5793,0.964286,42.1429
184,0.615506,0.0386,0.0230178,0.00583051,0.0903314,360,0,0.245714,10.675,0.964286,42.1429
185,0.332772,0.0386,0.034587,0.00583051,0.135734,360,0,0.245714,7.10425,0.964286,42.1429
186,0.61691,0.0386,0.018647,0.00583051,0.0731786,360,0,0.245714,13.1771,0.964286,42.1429
187,0.134622,0.0386,0.0481597,0.00583051,0.188999,360,0,0.245714,5.10207,0.964286,42.1429
188,0.341467,0.0386,0.10716,0.00583051,0.420542,360,0,0.245714,2.29296,0.964286,42.1429
189,0.540862,0.0386,0.0153083,0.00583051,0.0600761,360,0,0.245714,16.0511,0.964286,42.1429
190,0.335154,0.0386,0.0189624,0.00583051,0.0744165,360,0,0.245714,12.958,0.964286,42.1429
191,0.555639,0.0386,0.00862099,0.00583051,0.0338324,360,0,0.245714,28.5018,0.964286,42.1429
192,0.199567,0.0386,0.0312333,0.00583051,0.122573,360,0,0.245714,7.86705,0.964286,42.1429
193,0.201616,0.0386,0.0161894,0.00583051,0.0635338,360,0,0.245714,15.1775,0.964286,42.1429
194,0.28237,0.0386,0.0908451,0.00583051,0.356514,360,0,0.245714,2.70476,0.964286,42.1429
195,0.0385179,0.0386,0.0502116,0.00583051,0.197051,360,0,0.245714,4.89358,0.964286,42.1429
196,0.148528,0.0386,0.0188575,0.00583051,0.0740046,360,0,0.245714,13.0301,0.964286,42.1429
197,0.103359,0.0386,0.116529,0.00583051,0.457307,360,0,0.245714,2.10862,0.964286,42.1429
198,0.230805,0.0386,0.0155475,0.00583051,0.0610151,360,0,0.245714,15.8041,0.964286,42.1429
199,0.205737,0.0386,0.0155526,0.00583051,0.061035,360,0,0.245714,15.7989,0.964286,42.1429
200,0.294438,0.0386,0.0319739,0.00583051,0.125479,360,0,0.245714,7.68483,0.964286,42.1429
201,0.374538,0.0386,0.0342738,0.00583051,0.134505,360,0,0.245714,7.16916,0.964286,42.1429
202,0.367761,0.0386,0.0134052,0.00583051,0.0526074,360,0,0.245714,18.3298,0.964286,42.1429
203,0.107303,0.0386,0.00189733,0.00583051,0.00744593,360,0,0.245714,129.505,0.964286,42.1429
204,0.264373,0.0386,0.00387421,0.00583051,0.015204,360,0,0.245714,63.423,0.964286,42.1429
205,0.286947,0.0386,0.0266084,0.00583051,0.104422,360,0,0.245714,9.23448,0.964286,42.1429
206,0.401721,0.0386,0.100745,0.00583051,0.395365,360,0,0.245714,2.43898,0.964286,42.1429
207,0.304246,0.0386,0.00793097,0.00583051,0.0311244,360,0,0.245714,30.9816,0.964286,42.1429
208,0.621082,0.0386,0.0179869,0.00583051,0.0705883,360,0,0.245714,13.6607,0.964286,42.1429
209,0.171985,0.0386,0.0696829,0.00583051,0.273465,360,0,0.245714,3.52618,0.964286,42.1429
210,0.0560254,0.0386,0.153775,0.00583051,0.603477,360,0,0.245714,1.59788,0.964286,42.1429
211,0.597328,0.0386,0.023252,0.00583051,0.0912507,360,0,0.245714,10.5674,0.964286,42.1429
212,0.285615,0.0386,0.0582024,0.00583051,0.228411,360,0,0.245714,4.22172,0.964286,42.1429
213,0.527597,0.0386,0.26483,0.00583051,1.0393,360,0,0.245714,0.92782,0.964286,42.1429
214,0.138351,0.0386,0.0171483,0.00583051,0.0672969,360,0,0.245714,14.3288,0.964286,42.1429
215,0.193375,0.0386,0.00120346,0.00583051,0.00472288,360,0,0.245714,204.173,0.964286,42.1429
216,0.337725,0.0386,0.00560113,0.00583051,0.0219812,360,0,0.245714,43.8687,0.964286,42.1429
217,0.504138,0.0386,0.0659817,0.00583051,0.25894,360,0,0.245714,3.72398,0.964286,42.1429
218,0.128209,0.0386,0.0464491,0.00583051,0.182286,360,0,0.245714,5.28997,0.964286,42.1429
219,0.280079,0.0386,0.0312104,0.00583051,0.122483,360,0,0.245714,7.87284,0.964286,42.1429
220,0.20495,0.0386,0.254924,0.00583051,1.00043,360,0,0.245714,0.963874,0.964286,42.1429
221,0.365235,0.0386,0.00299182,0.00583051,0.0117412,360,0,0.245714,82.1287,0.964286,42.1429
222,0.283694,0.0386,0.0222208,0.00583051,0.0872037,360,0,0.245714,11.0579,0.964286,42.1429
223,0.123802,0.0386,0.0244859,0.00583051,0.0960929,360,0,0.245714,10.0349,0.964286,42.1429
224,0.233753,0.0386,0.031745,0.00583051,0.124581,360,0,0.245714,7.74024,0.964286,42.1429
225,0.80508,0.0386,0.133692,0.00583051,0.524664,360,0,0.245714,1.83791,0.964286,42.1429
226,0.0782326,0.0386,0.0429372,0.00583051,0.168503,360,0,0.245714,5.72265,0.964286,42.1429
227,0.0448964,0.0386,0.0246247,0.00583051,0.0966376,360,0,0.245714,9.97836,0.964286,42.1429
228,0.409327,0.0386,0.00823561,0.00583051,0.03232,360,0,0.245714,29.8356,0.964286,42.1429
229,0.299322,0.0386,0.0460413,0.00583051,0.180685,360,0,0.245714,5.33682,0.964286,42.1429
230,0.360001,0.0386,0.0150069,0.00583051,0.0588933,360,0,0.245714,16.3734,0.964286,42.1429
231,0.12436,0.0386,0.0348757,0.00583051,0.136867,360,0,0.245714,7.04542,0.964286,42.1429
232,0.13332,0.0386,0.00456038,0.00583051,0.0178968,360,0,0.245714,53.8802,0.964286,42.1429
233,0.35321,0.0386,0.00332388,0.00583051,0.0130443,360,0,0.245714,73.924,0.964286,42.1429
234,0.206801,0.0386,0.026372,0.00583051,0.103495,360,0,0.245714,9.31726,0.964286,42.1429
235,0.413699,0.0386,0.13394,0.00583051,0.525636,360,0,0.245714,1.83451,0.964286,42.1429
236,0.3401,0.0386,0.0438642,0.00583051,0.172142,360,0,0.245714,5.6017,0.964286,42.1429
237,0.271575,0.0386,0.0390063,0.00583051,0.153077,360,0,0.245714,6.29935,0.964286,42.1429
238,0.261733,0.0386,0.0226633,0.00583051,0.0889403,360,0,0.245714,10.8419,0.964286,42.1429
239,0.222477,0.0386,0.0162207,0.00583051,0.063657,360,0,0.245714,15.1482,0.964286,42.1429
240,0.291967,0.0386,0.044867,0.00583051,0.176077,360,0,0.245714,5.47651,0.964286,42.1429
241,0.53935,0.0386,0.0424721,0.00583051,0.166678,360,0,0.245714,5.78531,0.964286,42.1429
242,0.174681,0.0386,0.00496791,0.00583051,0.0194962,360,0,0.245714,49.4603,0.964286,42.1429
243,0.255896,0.0386,0.100068,0.00583051,0.392708,360,0,0.245714,2.45548,0.964286,42.1429
244,0.173562,0.0386,0.0196523,0.00583051,0.0771238,360,0,0.245714,12.5031,0.964286,42.1429
245,0.420802,0.0386,0.00993971,0.00583051,0.0390076,360,0,0.245714,24.7205,0.964286,42.1429
246,0.146595,0.0386,0.0418182,0.00583051,0.164112,360,0,0.245714,5.87577,0.964286,42.1429
247,0.234958,0.0386,0.118819,0.00583051,0.466294,360,0,0.245714,2.06798,0.964286,42.1429
248,0.193339,0.0386,0.040477,0.00583051,0.158849,360,0,0.245714,6.07046,0.964286,42.1429
249,0.401127,0.0386,0.0281738,0.00583051,0.110566,360,0,0.245714,8.72137,0.964286,42.1429
250,0.18234,0.0386,0.0520947,0.00583051,0.204442,360,0,0.245714,4.71668,0.964286,42.1429
251,0.434172,0.0386,0.0439385,0.00583051,0.172433,360,0,0.245714,5.59223,0.964286,42.1429
252,0.256606,0.0386,0.196396,0.00583051,0.770741,360,0,0.245714,1.25111,0.964286,42.1429
253,0.570982,0.0386,0.0172832,0.00583051,0.0678264,360,0,0.245714,14.217,0.964286,42.1429
254,0.250091,0.0386,0.00818335,0.00583051,0.0321149,360,0,0.245714,30.0261,0.964286,42.1429
255,0.163876,0.0386,0.0135571,0.00583051,0.0532038,360,0,0.245714,18.1244,0.964286,42.1429
256,0.310689,0.0386,0.0137628,0.00583051,0.054011,360,0,0.245714,17.8535,0.964286,42.1429
257,0.143082,0.0386,0.0290284,0.00583051,0.11392,360,0,0.245714,8.46461,0.964286,42.1429
258,0.190141,0.0386,0.0244186,0.00583051,0.0958289,360,0,0.245714,10.0626,0.964286,42.1429
259,0.246071,0.0386,0.0349462,0.00583051,0.137143,360,0,0.245714,7.03122,0.964286,42.1429
260,0.756788,0.0386,0.0397658,0.00583051,0.156058,360,0,0.245714,6.17903,0.964286,42.1429
261,0.250948,0.0386,0.0219292,0.00583051,0.0860592,360,0,0.245714,11.2049,0.964286,42.1429
262,0.227566,0.0386,0.0196908,0.00583051,0.0772748,360,0,0.245714,12.4787,0.964286,42.1429
263,0.356146,0.0386,0.0417396,0.00583051,0.163804,360,0,0.245714,5.88684,0.964286,42.1429
264,0.483416,0.0386,0.0172176,0.00583051,0.0675692,360,0,0.245714,14.2711,0.964286,42.1429
265,0.0747643,0.0386,0.0292664,0.00583051,0.114854,360,0,0.245714,8.39579,0.964286,42.1429
266,0.24067,0.0386,0.0305797,0.00583051,0.120008,360,0,0.245714,8.0352,0.964286,42.1429
267,0.219279,0.0386,0.00149467,0.00583051,0.0058657,360,0,0.245714,164.394,0.964286,42.1429
268,0.211323,0.0386,0.229764,0.00583051,0.90169,360,0,0.245714,1.06942,0.964286,42.1429
269,0.323267,0.0386,0.0628621,0.00583051,0.246697,360,0,0.245714,3.90878,0.964286,42.1429
270,0.456552,0.0386,0.0162658,0.00583051,0.0638339,360,0,0.245714,15.1062,0.964286,42.1429
271,0.0775517,0.0386,0.0185219,0.00583051,0.0726877,360,0,0.245714,13.2661,0.964286,42.1429
272,0.45383,0.0386,0.0373256,0.00583051,0.146481,360,0,0.245714,6.583,0.964286,42.1429
273,0.320931,0.0386,0.059132,0.00583051,0.232059,360,0,0.245714,4.15535,0.964286,42.1429
274,0.172998,0.0386,0.0147726,0.00583051,0.0579738,360,0,0.245714,16.6331,0.964286,42.1429
275,0.149509,0.0386,0.0565392,0.00583051,0.221883,360,0,0.245714,4.34591,0.964286,42.1429
276,0.62968,0.0386,0.0295965,0.00583051,0.116149,360,0,0.245714,8.30213,0.964286,42.1429
277,0.166917,0.0386,0.106598,0.00583051,0.418334,360,0,0.245714,2.30506,0.964286,42.1429
278,0.574222,0.0386,0.0672376,0.00583051,0.263868,360,0,0.245714,3.65442,0.964286,42.1429
279,0.297124,0.0386,0.0117596,0.00583051,0.0461497,360,0,0.245714,20.8947,0.964286,42.1429
280,0.365499,0.0386,0.00647638,0.00583051,0.025416,360,0,0.245714,37.9401,0.964286,42.1429
281,0.300896,0.0386,0.200056,0.00583051,0.785103,360,0,0.245714,1.22823,0.964286,42.1429
282,0.225878,0.0386,0.14264,0.00583051,0.559781,360,0,0.245714,1.72261,0.964286,42.1429
283,0.507385,0.0386,0.0480667,0.00583051,0.188634,360,0,0.245714,5.11195,0.964286,42.1429
284,0.277236,0.0386,0.0704409,0.00583051,0.27644,360,0,0.245714,3.48823,0.964286,42.1429
285,0.104821,0.0386,0.042116,0.00583051,0.165281,360,0,0.245714,5.83423,0.964286,42.1429
286,0.28279,0.0386,0.00292903,0.00583051,0.0114947,360,0,0.245714,83.8893,0.964286,42.1429
287,0.142903,0.0386,0.0608102,0.00583051,0.238645,360,0,0.245714,4.04068,0.964286,42.1429
288,0.348886,0.0386,0.140217,0.00583051,0.550271,360,0,0.245714,1.75238,0.964286,42.1429
289,0.168487,0.0386,0.0431195,0.00583051,0.169219,360,0,0.245714,5.69845,0.964286,42.1429
290,0.563611,0.0386,0.120048,0.00583051,0.471117,360,0,0.245714,2.04681,0.964286,42.1429
291,0.234281,0.0386,0.0431134,0.00583051,0.169195,360,0,0.245714,5.69926,0.964286,42.1429
292,0.204919,0.0386,0.00151159,0.00583051,0.0059321,360,0,0.245714,162.554,0.964286,42.1429
293,0.161639,0.0386,0.0119773,0.00583051,0.0470039,360,0,0.245714,20.515,0.964286,42.1429
294,0.197784,0.0386,0.206875,0.00583051,0.811863,360,0,0.245714,1.18774,0.964286,42.1429
295,0.174399,0.0386,0.00388701,0.00583051,0.0152542,360,0,0.245714,63.2142,0.964286,42.1429
296,0.145081,0.0386,0.0428677,0.00583051,0.168231,360,0,0.245714,5.73192,0.964286,42.1429
297,0.128612,0.0386,0.0877782,0.00583051,0.344478,360,0,0.245714,2.79926,0.964286,42.1429
298,0.280476,0.0386,0.0203904,0.00583051,0.0800206,360,0,0.245714,12.0505,0.964286,42.1429
299,0.186758,0.0386,0.0048611,0.00583051,0.019077,360,0,0.245714,50.547,0.964286,42.1429
300,0.156092,0.0386,0.03322,0.00583051,0.130369,360,0,0.245714,7.39657,0.964286,42.1429
301,0.508263,0.0386,0.0133608,0.00583051,0.0524335,360,0,0.245714,18.3906,0.964286,42.1429
302,0.0768494,0.0386,0.0184235,0.00583051,0.0723015,360,0,0.245714,13.337,0.964286,42.1429
303,0.447221,0.0386,0.00138871,0.00583051,0.00544986,360,0,0.245714,176.938,0.964286,42.1429
304,0.435456,0.0386,0.0669594,0.00583051,0.262777,360,0,0.245714,3.6696,0.964286,42.1429
305,0.533078,0.0386,0.0205202,0.00583051,0.08053,360,0,0.245714,11.9742,0.964286,42.1429
306,0.0634184,0.0386,0.0255951,0.00583051,0.100446,360,0,0.245714,9.60005,0.964286,42.1429
307,0.409953,0.0386,0.00416661,0.00583051,0.0163515,360,0,0.245714,58.9723,0.964286,42.1429
308,0.196084,0.0386,0.0350475,0.00583051,0.137541,360,0,0.245714,7.01088,0.964286,42.1429
309,0.127366,0.0386,0.227658,0.00583051,0.893424,360,0,0.245714,1.07931,0.964286,42.1429
310,0.339367,0.0386,0.132979,0.00583051,0.521866,360,0,0.245714,1.84777,0.964286,42.1429
311,0.303239,0.0386,0.110297,0.00583051,0.432852,360,0,0.245714,2.22775,0.964286,42.1429
312,0.151827,0.0386,0.0153737,0.00583051,0.0603327,360,0,0.245714,15.9828,0.964286,42.1429
313,0.361462,0.0386,0.127662,0.00583051,0.500998,360,0,0.245714,1.92473,0.964286,42.1429
314,0.442043,0.0386,0.406444,0.00583051,1.59506,360,0,0.245714,0.604547,0.964286,42.1429
315,0.221151,0.0386,0.0303165,0.00583051,0.118975,360,0,0.245714,8.10497,0.964286,42.1429
316,0.0506613,0.0386,0.100474,0.00583051,0.394302,360,0,0.245714,2.44555,0.964286,42.1429
317,0.19689,0.0386,0.0137818,0.00583051,0.0540856,360,0,0.245714,17.8289,0.964286,42.1429
318,0.483319,0.0386,0.0953963,0.00583051,0.374375,360,0,0.245714,2.57572,0.964286,42.1429
319,0.290332,0.0386,0.02283,0.00583051,0.0895944,360,0,0.245714,10.7628,0.964286,42.1429
320,0.525058,0.0386,0.0839939,0.00583051,0.329627,360,0,0.245714,2.92538,0.964286,42.1429
321,0.167209,0.0386,0.0446546,0.00583051,0.175243,360,0,0.245714,5.50256,0.964286,42.1429
322,0.488837,0.0386,0.0449559,0.00583051,0.176426,360,0,0.245714,5.46568,0.964286,42.1429
323,0.316886,0.0386,0.08221,0.00583051,0.322626,360,0,0.245714,2.98886,0.964286,42.1429
324,0.316008,0.0386,0.00600083,0.00583051,0.0235498,360,0,0.245714,40.9467,0.964286,42.1429
325,0.0804883,0.0386,0.0250497,0.00583051,0.0983055,360,0,0.245714,9.80907,0.964286,42.1429
326,0.165776,0.0386,0.0505173,0.00583051,0.198251,360,0,0.245714,4.86397,0.964286,42.1429
327,0.178346,0.0386,0.109659,0.00583051,0.430347,360,0,0.245714,2.24071,0.964286,42.1429
328,0.231903,0.0386,0.0230694,0.00583051,0.0905339,360,0,0.245714,10.6511,0.964286,42.1429
329,0.314556,0.0386,0.0129684,0.00583051,0.0508934,360,0,0.245714,18.9472,0.964286,42.1429
330,0.330853,0.0386,0.0180029,0.00583051,0.070651,360,0,0.245714,13.6486,0.964286,42.1429
331,0.228418,0.0386,0.0356855,0.00583051,0.140045,360,0,0.245714,6.88554,0.964286,42.1429
332,0.241353,0.0386,0.0906976,0.00583051,0.355935,360,0,0.245714,2.70916,0.964286,42.1429
333,0.465822,0.0386,0.1897,0.00583051,0.744463,360,0,0.245714,1.29528,0.964286,42.1429
334,0.196035,0.0386,0.136588,0.00583051,0.536029,360,0,0.245714,1.79894,0.964286,42.1429
335,0.329259,0.0386,0.0529211,0.00583051,0.207684,360,0,0.245714,4.64303,0.964286,42.1429
336,0.114071,0.0386,0.0219609,0.00583051,0.0861838,360,0,0.245714,11.1887,0.964286,42.1429
337,0.23315,0.0386,0.0250332,0.00583051,0.0982407,360,0,0.245714,9.81554,0.964286,42.1429
338,0.319068,0.0386,0.0907796,0.00583051,0.356257,360,0,0.245714,2.70671,0.964286,42.1429
339,0.129795,0.0386,0.0193826,0.00583051,0.0760654,360,0,0.245714,12.6771,0.964286,42.1429
340,0.266572,0.0386,0.00443252,0.00583051,0.0173951,360,0,0.245714,55.4344,0.964286,42.1429
341,0.259922,0.0386,0.0123921,0.00583051,0.0486316,360,0,0.245714,19.8284,0.964286,42.1429
342,0.186845,0.0386,0.0123853,0.00583051,0.0486051,360,0,0.245714,19.8392,0.964286,42.1429
343,0.145553,0.0386,0.0104074,0.00583051,0.0408432,360,0,0.245714,23.6095,0.964286,42.1429
344,0.150876,0.0386,0.0222558,0.00583051,0.0873411,360,0,0.245714,11.0405,0.964286,42.1429
345,0.375335,0.0386,0.0791754,0.00583051,0.310717,360,0,0.245714,3.10342,0.964286,42.1429
346,0.316397,0.0386,0.0302822,0.00583051,0.11884,360,0,0.245714,8.11415,0.964286,42.1429
347,0.301276,0.0386,0.219417,0.00583051,0.861086,360,0,0.245714,1.11985,0.964286,42.1429
348,0.408179,0.0386,0.0211073,0.00583051,0.082834,360,0,0.245714,11.6412,0.964286,42.1429
349,0.140549,0.0386,0.0163436,0.00583051,0.0641393,360,0,0.245714,15.0342,0.964286,42.1429
350,0.459511,0.0386,0.023173,0.00583051,0.0909405,360,0,0.245714,10.6035,0.964286,42.1429
351,0.133949,0.0386,0.0194786,0.00583051,0.076442,360,0,0.245714,12.6146,0.964286,42.1429
352,0.0823329,0.0386,0.0239543,0.00583051,0.0940065,360,0,0.245714,10.2576,0.964286,42.1429
353,0.249187,0.0386,0.0270464,0.00583051,0.106142,360,0,0.245714,9.0849,0.964286,42.1429
354,0.475621,0.0386,0.00935256,0.00583051,0.0367034,360,0,0.245714,26.2724,0.964286,42.1429
355,0.268559,0.0386,0.0985127,0.00583051,0.386605,360,0,0.245714,2.49424,0.964286,42.1429
356,0.282554,0.0386,0.0217539,0.00583051,0.0853714,360,0,0.245714,11.2952,0.964286,42.1429
357,0.124046,0.0386,0.0111164,0.00583051,0.0436255,360,0,0.245714,22.1037,0.964286,42.1429
358,0.302312,0.0386,0.0102798,0.00583051,0.0403422,360,0,0.245714,23.9027,0.964286,42.1429
359,0.234552,0.0386,0.00280819,0.00583051,0.0110205,360,0,0.245714,87.4992,0.964286,42.1429
360,0.0567398,0.0386,0.0269338,0.00583051,0.1057,360,0,0.245714,9.12289,0.964286,42.1429
361,0.51425,0.0386,0.123034,0.00583051,0.482838,360,0,0.245714,1.99712,0.964286,42.1429
362,0.511846,0.0386,0.488906,0.00583051,1.91867,360,0,0.245714,0.50258,0.964286,42.1429
363,0.0473077,0.0386,0.0711685,0.00583051,0.279295,360,0,0.245714,3.45257,0.964286,42.1429
364,0.397432,0.0386,0.0117581,0.00583051,0.0461435,360,0,0.245714,20.8975,0.964286,42.1429
365,0.180885,0.0386,0.09784,0.00583051,0.383965,360,0,0.245714,2.51139,0.964286,42.1429
366,0.781497,0.0386,0.00782221,0.00583051,0.0306976,360,0,0.245714,31.4124,0.964286,42.1429
367,0.195725,0.0386,0.119535,0.00583051,0.469106,360,0,0.245714,2.05558,0.964286,42.1429
368,0.213542,0.0386,0.0183409,0.00583051,0.0719773,360,0,0.245714,13.3971,0.964286,42.1429
369,0.225801,0.0386,0.0429092,0.00583051,0.168394,360,0,0.245714,5.72637,0.964286,42.1429
370,0.167927,0.0386,0.00534074,0.00583051,0.0209593,360,0,0.245714,46.0076,0.964286,42.1429
371,0.164293,0.0386,0.00707367,0.00583051,0.02776,360,0,0.245714,34.7365,0.964286,42.1429
372,0.370471,0.0386,0.0495723,0.00583051,0.194543,360,0,0.245714,4.95668,0.964286,42.1429
373,0.16017,0.0386,0.0345462,0.00583051,0.135574,360,0,0.245714,7.11264,0.964286,42.1429
374,0.0742534,0.0386,0.0835726,0.00583051,0.327974,360,0,0.245714,2.94013,0.964286,42.1429
375,0.529106,0.0386,0.0026324,0.00583051,0.0103306,360,0,0.245714,93.3424,0.964286,42.1429
376,0.165868,0.0386,0.0150903,0.00583051,0.0592206,360,0,0.245714,16.2829,0.964286,42.1429
377,0.500398,0.0386,0.0227747,0.00583051,0.0893776,360,0,0.245714,10.7889,0.964286,42.1429
378,0.156182,0.0386,0.667328,0.00583051,2.61887,360,0,0.245714,0.368206,0.964286,42.1429
379,0.335582,0.0386,0.0381566,0.00583051,0.149742,360,0,0.245714,6.43963,0.964286,42.1429
380,0.0529926,0.0386,0.0923078,0.00583051,0.362254,360,0,0.245714,2.6619,0.964286,42.1429
381,0.391755,0.0386,0.0274718,0.00583051,0.107811,360,0,0.245714,8.94424,0.964286,42.1429
382,0.326487,0.0386,0.036398,0.00583051,0.142841,360,0,0.245714,6.75077,0.964286,42.1429
383,0.166533,0.0386,0.0136526,0.00583051,0.0535787,360,0,0.245714,17.9976,0.964286,42.1429
384,0.106695,0.0386,0.293185,0.00583051,1.15058,360,0,0.245714,0.838086,0.964286,42.1429
385,0.239245,0.0386,0.0259029,0.00583051,0.101654,360,0,0.245714,9.48596,0.964286,42.1429
386,0.457326,0.0386,0.0051339,0.00583051,0.0201476,360,0,0.245714,47.8611,0.964286,42.1429
387,0.601539,0.0386,0.00955315,0.00583051,0.0374906,360,0,0.245714,25.7208,0.964286,42.1429
388,0.197289,0.0386,0.0157399,0.00583051,0.0617698,360,0,0.245714,15.611,0.964286,42.1429
389,0.144913,0.0386,0.125962,0.00583051,0.494327,360,0,0.245714,1.9507,0.964286,42.1429
390,0.10626,0.0386,0.153316,0.00583051,0.601674,360,0,0.245714,1.60267,0.964286,42.1429
391,0.0690743,0.0386,0.0544876,0.00583051,0.213832,360,0,0.245714,4.50955,0.964286,42.1429
392,0.376972,0.0386,0.0140774,0.00583051,0.0552456,360,0,0.245714,17.4545,0.964286,42.1429
393,0.0814173,0.0386,0.0519638,0.00583051,0.203928,360,0,0.245714,4.72857,0.964286,42.1429
394,0.18586,0.0386,0.0154398,0.00583051,0.0605922,360,0,0.245714,15.9144,0.964286,42.1429
395,0.18601,0.0386,0.0663495,0.00583051,0.260383,360,0,0.245714,3.70333,0.964286,42.1429
396,0.145406,0.0386,0.0287014,0.00583051,0.112636,360,0,0.245714,8.56105,0.964286,42.1429
397,0.475708,0.0386,0.0163674,0.00583051,0.0642326,360,0,0.245714,15.0124,0.964286,42.1429
398,0.271961,0.0386,0.141773,0.00583051,0.556375,360,0,0.245714,1.73316,0.964286,42.1429
399,0.090372,0.0386,0.0109199,0.00583051,0.0428543,360,0,0.245714,22.5015,0.964286,42.1429
400,0.518049,0.0386,0.173793,0.00583051,0.682038,360,0,0.245714,1.41383,0.964286,42.1429
401,0.105252,0.0386,0.0160982,0.00583051,0.0631759,360,0,0.245714,15.2635,0.964286,42.1429
402,0.240889,0.0386,0.103482,0.00583051,0.406107,360,0,0.245714,2.37446,0.964286,42.1429
403,0.120085,0.0386,0.0112155,0.00583051,0.0440144,360,0,0.245714,21.9084,0.964286,42.1429
404,0.312689,0.0386,0.0134126,0.00583051,0.0526365,360,0,0.245714,18.3197,0.964286,42.1429
405,0.0777461,0.0386,0.0426828,0.00583051,0.167505,360,0,0.245714,5.75675,0.964286,42.1429
406,0.1213,0.0386,0.0323395,0.00583051,0.126914,360,0,0.245714,7.59797,0.964286,42.1429
407,0.357485,0.0386,0.0184068,0.00583051,0.072236,360,0,0.245714,13.3491,0.964286,42.1429
408,0.080378,0.0386,0.155434,0.00583051,0.609987,360,0,0.245714,1.58083,0.964286,42.1429
409,0.251207,0.0386,0.178582,0.00583051,0.700829,360,0,0.245714,1.37592,0.964286,42.1429
410,0.189715,0.0386,0.013355,0.00583051,0.0524104,360,0,0.245714,18.3987,0.964286,42.1429
411,0.426993,0.0386,0.00379651,0.00583051,0.0148991,360,0,0.245714,64.7212,0.964286,42.1429
412,0.103283,0.0386,0.409441,0.00583051,1.60682,360,0,0.245714,0.600121,0.964286,42.1429
413,0.306121,0.0386,0.0435773,0.00583051,0.171016,360,0,0.245714,5.63858,0.964286,42.1429
414,0.69112,0.0386,0.143303,0.00583051,0.562383,360,0,0.245714,1.71464,0.964286,42.1429
415,0.450037,0.0386,0.0162203,0.00583051,0.0636552,360,0,0.245714,15.1486,0.964286,42.1429
416,0.52241,0.0386,0.0435186,0.00583051,0.170785,360,0,0.245714,5.6462,0.964286,42.1429
417,0.318952,0.0386,0.0415897,0.00583051,0.163215,360,0,0.245714,5.90806,0.964286,42.1429
418,0.373764,0.0386,0.0198366,0.00583051,0.077847,360,0,0.245714,12.3869,0.964286,42.1429
419,0.267267,0.0386,0.0465295,0.00583051,0.182601,360,0,0.245714,5.28082,0.964286,42.1429
420,0.206224,0.0386,0.152753,0.00583051,0.599466,360,0,0.245714,1.60857,0.964286,42.1429
421,0.126442,0.0386,0.051788,0.00583051,0.203238,360,0,0.245714,4.74462,0.964286,42.1429
422,0.221122,0.0386,0.0501208,0.00583051,0.196695,360,0,0.245714,4.90244,0.964286,42.1429
423,0.69591,0.0386,0.112256,0.00583051,0.440541,360,0,0.245714,2.18887,0.964286,42.1429
424,0.314336,0.0386,0.300151,0.00583051,1.17792,360,0,0.245714,0.818635,0.964286,42.1429
425,0.213106,0.0386,0.032938,0.00583051,0.129262,360,0,0.245714,7.45991,0.964286,42.1429
426,0.302306,0.0386,0.013274,0.00583051,0.0520928,360,0,0.245714,18.5109,0.964286,42.1429
427,0.406618,0.0386,0.00428999,0.00583051,0.0168357,360,0,0.245714,57.2762,0.964286,42.1429
428,0.299826,0.0386,0.185666,0.00583051,0.728633,360,0,0.245714,1.32342,0.964286,42.1429
429,0.242804,0.0386,0.024323,0.00583051,0.0954535,360,0,0.245714,10.1022,0.964286,42.1429
430,0.290979,0.0386,0.0221205,0.00583051,0.0868102,360,0,0.245714,11.108,0.964286,42.1429
431,0.274063,0.0386,0.00827041,0.00583051,0.0324565,360,0,0.245714,29.7101,0.964286,42.1429
432,0.65392,0.0386,0.0611619,0.00583051,0.240025,360,0,0.245714,4.01744,0.964286,42.1429
433,0.184856,0.0386,0.111373,0.00583051,0.437074,360,0,0.245714,2.20623,0.964286,42.1429
434,0.103544,0.0386,0.10924,0.00583051,0.428703,360,0,0.245714,2.24931,0.964286,42.1429
435,0.209081,0.0386,0.0355577,0.00583051,0.139543,360,0,0.245714,6.9103,0.964286,42.1429
436,0.26027,0.0386,0.0794547,0.00583051,0.311814,360,0,0.245714,3.09251,0.964286,42.1429
437,0.129419,0.0386,0.0216741,0.00583051,0.0850581,360,0,0.245714,11.3368,0.964286,42.1429
438,0.0520389,0.0386,0.0178545,0.00583051,0.0700687,360,0,0.245714,13.762,0.964286,42.1429
439,0.121971,0.0386,0.0725619,0.00583051,0.284763,360,0,0.245714,3.38627,0.964286,42.1429
440,0.645404,0.0386,0.0677964,0.00583051,0.266062,360,0,0.245714,3.62429,0.964286,42.1429
441,0.318752,0.0386,0.096553,0.00583051,0.378914,360,0,0.245714,2.54487,0.964286,42.1429
442,0.170339,0.0386,0.295376,0.00583051,1.15918,360,0,0.245714,0.831869,0.964286,42.1429
443,0.15585,0.0386,0.0043391,0.00583051,0.0170284,360,0,0.245714,56.628,0.964286,42.1429
444,0.367126,0.0386,0.0557161,0.00583051,0.218653,360,0,0.245714,4.41011,0.964286,42.1429
445,0.196684,0.0386,0.0676577,0.00583051,0.265517,360,0,0.245714,3.63173,0.964286,42.1429
446,0.162143,0.0386,0.137744,0.00583051,0.540565,360,0,0.245714,1.78385,0.964286,42.1429
447,0.29771,0.0386,0.0103687,0.00583051,0.0406912,360,0,0.245714,23.6976,0.964286,42.1429
448,0.276981,0.0386,0.025996,0.00583051,0.102019,360,0,0.245714,9.45201,0.964286,42.1429
449,0.351359,0.0386,0.0292723,0.00583051,0.114877,360,0,0.245714,8.39409,0.964286,42.1429
450,0.794484,0.0386,0.0404891,0.00583051,0.158896,360,0,0.245714,6.06866,0.964286,42.1429
451,0.241223,0.0386,0.00582623,0.00583051,0.0228646,360,0,0.245714,42.1738,0.964286,42.1429
452,0.108186,0.0386,0.26031,0.00583051,1.02157,360,0,0.245714,0.943928,0.964286,42.1429
453,0.0542559,0.0386,0.0151162,0.00583051,0.0593224,360,0,0.245714,16.255,0.964286,42.1429
454,0.233248,0.0386,0.0185526,0.00583051,0.0728081,360,0,0.245714,13.2442,0.964286,42.1429
455,0.638411,0.0386,0.00554295,0.00583051,0.0217529,360,0,0.245714,44.3292,0.964286,42.1429
456,0.222587,0.0386,0.0660664,0.00583051,0.259272,360,0,0.245714,3.7192,0.964286,42.1429
457,0.130359,0.0386,0.0618754,0.00583051,0.242825,360,0,0.245714,3.97112,0.964286,42.1429
458,0.509057,0.0386,0.0113349,0.00583051,0.0444828,360,0,0.245714,21.6777,0.964286,42.1429
459,0.487387,0.0386,0.092317,0.00583051,0.36229,360,0,0.245714,2.66164,0.964286,42.1429
460,0.200042,0.0386,0.32775,0.00583051,1.28623,360,0,0.245714,0.7497,0.964286,42.1429
461,0.680593,0.0386,0.0146898,0.00583051,0.0576491,360,0,0.245714,16.7268,0.964286,42.1429
462,0.197152,0.0386,0.0491691,0.00583051,0.19296,360,0,0.245714,4.99733,0.964286,42.1429
463,0.29837,0.0386,0.00644307,0.00583051,0.0252853,360,0,0.245714,38.1362,0.964286,42.1429
464,0.481812,0.0386,0.00642504,0.00583051,0.0252146,360,0,0.245714,38.2432,0.964286,42.1429
465,0.516417,0.0386,0.0805584,0.00583051,0.316145,360,0,0.245714,3.05014,0.964286,42.1429
466,0.490995,0.0386,0.00577014,0.00583051,0.0226445,360,0,0.245714,42.5838,0.964286,42.1429
467,0.2414,0.0386,0.00370032,0.00583051,0.0145216,360,0,0.245714,66.4036,0.964286,42.1429
468,0.247687,0.0386,0.00597007,0.00583051,0.0234291,360,0,0.245714,41.1577,0.964286,42.1429
469,0.372596,0.0386,0.0991101,0.00583051,0.38895,360,0,0.245714,2.47921,0.964286,42.1429
470,0.24066,0.0386,0.0376796,0.00583051,0.147871,360,0,0.245714,6.52114,0.964286,42.1429
471,0.135396,0.0386,0.00422413,0.00583051,0.0165773,360,0,0.245714,58.1692,0.964286,42.1429
472,0.166872,0.0386,0.0214367,0.00583051,0.0841266,360,0,0.245714,11.4623,0.964286,42.1429
473,0.115754,0.0386,0.0935451,0.00583051,0.36711,360,0,0.245714,2.62669,0.964286,42.1429
474,0.210289,0.0386,0.00339804,0.00583051,0.0133353,360,0,0.245714,72.3106,0.964286,42.1429
475,0.0787383,0.0386,0.0204427,0.00583051,0.0802256,360,0,0.245714,12.0197,0.964286,42.1429
476,0.173542,0.0386,0.107688,0.00583051,0.422613,360,0,0.245714,2.28172,0.964286,42.1429
477,0.0420308,0.0386,0.0185782,0.00583051,0.0729085,360,0,0.245714,13.226,0.964286,42.1429
478,0.30274,0.0386,0.0918219,0.00583051,0.360348,360,0,0.245714,2.67599,0.964286,42.1429
479,0.373446,0.0386,0.06852,0.00583051,0.268901,360,0,0.245714,3.58602,0.964286,42.1429
480,0.248452,0.0386,0.0396267,0.00583051,0.155512,360,0,0.245714,6.20073,0.964286,42.1429
481,0.251681,0.0386,0.0158488,0.00583051,0.0621972,360,0,0.245714,15.5037,0.964286,42.1429
482,0.207156,0.0386,0.0387061,0.00583051,0.151899,360,0,0.245714,6.3482,0.964286,42.1429
483,0.132037,0.0386,0.00693136,0.00583051,0.0272016,360,0,0.245714,35.4496,0.964286,42.1429
484,0.430973,0.0386,0.00843404,0.00583051,0.0330987,360,0,0.245714,29.1336,0.964286,42.1429
485,0.493305,0.0386,0.0275875,0.00583051,0.108265,360,0,0.245714,8.90674,0.964286,42.1429
486,0.293769,0.0386,0.054899,0.00583051,0.215447,360,0,0.245714,4.47575,0.964286,42.1429
487,0.0839672,0.0386,0.0161311,0.00583051,0.0633052,360,0,0.245714,15.2323,0.964286,42.1429
488,0.372773,0.0386,0.00977739,0.00583051,0.0383706,360,0,0.245714,25.1309,0.964286,42.1429
489,0.338856,0.0386,0.0170725,0.00583051,0.0669996,360,0,0.245714,14.3924,0.964286,42.1429
490,0.351844,0.0386,0.0815066,0.00583051,0.319866,360,0,0.245714,3.01466,0.964286,42.1429
491,0.297311,0.0386,0.0141083,0.00583051,0.0553667,360,0,0.245714,17.4163,0.964286,42.1429
492,0.161155,0.0386,0.0246233,0.00583051,0.0966321,360,0,0.245714,9.97894,0.964286,42.1429
493,0.200296,0.0386,0.00359072,0.00583051,0.0140915,360,0,0.245714,68.4304,0.964286,42.1429
494,0.25232,0.0386,0.103016,0.00583051,0.404278,360,0,0.245714,2.38521,0.964286,42.1429
495,0.443906,0.0386,0.0204925,0.00583051,0.0804212,360,0,0.245714,11.9904,0.964286,42.1429
496,0.353881,0.0386,0.00635871,0.00583051,0.0249542,360,0,0.245714,38.6422,0.964286,42.1429
497,0.30417,0.0386,0.465622,0.00583051,1.82729,360,0,0.245714,0.527712,0.964286,42.1429
498,0.491623,0.0386,0.00751423,0.00583051,0.029489,360,0,0.245714,32.6998,0.964286,42.1429
499,0.123622,0.0386,0.179243,0.00583051,0.703425,360,0,0.245714,1.37084,0.964286,42.1429
