-0,0
6.52256e-16,1
1.45559e-12,2
4.88729e-11,3
3.13971e-10,4
8.54695e-10,5
1.40117e-09,6
1.66438e-09,7
1.59591e-09,8
1.32159e-09,9
9.87943e-10,10
6.86932e-10,11
4.53573e-10,12
5.5705e-08,13
6.40509e-07,14
2.40042e-06,15
4.78285e-06,16
6.44979e-06,17
6.74038e-06,18
5.92802e-06,19
4.62645e-06,20
3.31954e-06,21
2.24362e-06,22
1.45294e-06,23
9.12452e-07,24
1.66498e-05,25
7.93174e-05,26
0.000182114,27
0.000268903,28
0.000298859,29
0.000274563,30
0.000221222,31
0.000162558,32
0.000111884,33
7.34865e-05,34
4.6673e-05,35
2.89375e-05,36
0.000276275,37
0.000933065,38
0.00174163,39
0.0022572,40
0.00231011,41
0.00201505,42
0.00157145,43
0.00113113,44
0.000768415,45
0.000500633,46
0.000316488,47
0.000195799,48
0.00136214,49
0.00380954,50
0.00629934,51
0.00758603,52
0.00746271,53
0.00639357,54
0.00495679,55
0.00356776,56
0.0024294,57
0.00158774,58
0.00100709,59
0.000625208,60
0.00359478,61
0.00883917,62
0.0134385,63
0.0154605,64
0.0149383,65
0.0127886,66
0.00999641,67
0.00727821,68
0.00501313,69
0.00330943,70
0.00211681,71
0.00132338,72
0.000814097,73
0.00049525,74
0.000299028,75
0.000179669,76
0.000107629,77
6.43668e-05,78
3.8468e-05,79
2.29907e-05,80
1.37481e-05,81
8.22901e-06,82
4.93164e-06,83
2.95988e-06,84
1.77941e-06,85
1.07166e-06,86
6.46656e-07,87
3.9099e-07,88
2.36905e-07,89
1.43858e-07,90
8.75543e-08,91
5.34113e-08,92
3.26609e-08,93
2.00213e-08,94
1.23041e-08,95
7.58102e-09,96
4.68329e-09,97
2.90099e-09,98
1.80193e-09,99
1.12241e-09,100
7.01147e-10,101
4.39278e-10,102
2.76036e-10,103
1.73985e-10,104
1.10003e-10,105
6.97694e-11,106
4.43935e-11,107
2.83395e-11,108
1.81512e-11,109
1.1665e-11,110
7.52233e-12,111
4.86778e-12,112
3.16113e-12,113
2.0602e-12,114
1.34758e-12,115
8.84709e-13,116
5.82992e-13,117
3.85627e-13,118
2.56054e-13,119
1.70674e-13,120
1.1421e-13,121
7.67303e-14,122
5.17549e-14,123
3.50507e-14,124
2.38328e-14,125
1.62694e-14,126
1.11577e-14,127
7.67904e-15,128
5.31057e-15,129
3.68687e-15,130
2.56739e-15,131
1.79949e-15,132
1.26288e-15,133
8.92804e-16,134
6.33752e-16,135
4.53341e-16,136
3.23815e-16,137
2.31296e-16,138
1.66533e-16,139
1.20274e-16,140
8.78927e-17,141
6.4763e-17,142
4.62593e-17,143
3.70074e-17,144
2.77556e-17,145
1.85037e-17,146
1.38778e-17,147
9.25186e-18,148
9.25186e-18,149
4.62593e-18,150
4.62593e-18,151
4.62593e-18,152
4.62593e-18,153
-0,154
-0,155
-0,156
-0,157
-0,158
-0,159
-0,160
-0,161
-0,162
-0,163
-0,164
-0,165
-0,166
-0,167
-0,168
-0,169
-0,170
-0,171
-0,172
-0,173
-0,174
-0,175
-0,176
-0,177
-0,178
-0,179
-0,180
-0,181
-0,182
-0,183
-0,184
-0,185
-0,186
-0,187
-0,188
-0,189
-0,190
-0,191
-0,192
-0,193
-0,194
-0,195
-0,196
-0,197
-0,198
-0,199
-0,200
-0,201
-0,202
-0,203
-0,204
-0,205
-0,206
-0,207
-0,208
-0,209
-0,210
-0,211
-0,212
-0,213
-0,214
-0,215
-0,216
-0,217
-0,218
-0,219
-0,220
-0,221
-0,222
-0,223
-0,224
-0,225
-0,226
-0,227
-0,228
-0,229
-0,230
-0,231
-0,232
-0,233
-0,234
-0,235
-0,236
-0,237
-0,238
-0,239
-0,240
-0,241
-0,242
-0,243
-0,244
-0,245
-0,246
-0,247
-0,248
-0,249
-0,250
-0,251
-0,252
-0,253
-0,254
-0,255
-0,256
-0,257
-0,258
-0,259
-0,260
-0,261
-0,262
-0,263
-0,264
-0,265
-0,266
-0,267
-0,268
-0,269
-0,270
-0,271
-0,272
-0,273
-0,274
-0,275
-0,276
-0,277
-0,278
-0,279
-0,280
-0,281
-0,282
-0,283
-0,284
-0,285
-0,286
-0,287
-0,288
-0,289
-0,290
-0,291
-0,292
-0,293
-0,294
-0,295
-0,296
-0,297
-0,298
-0,299
-0,300
-0,301
-0,302
-0,303
-0,304
-0,305
-0,306
-0,307
-0,308
-0,309
-0,310
-0,311
-0,312
-0,313
-0,314
-0,315
-0,316
-0,317
-0,318
-0,319
-0,320
-0,321
-0,322
-0,323
-0,324
-0,325
-0,326
-0,327
-0,328
-0,329
-0,330
-0,331
-0,332
-0,333
-0,334
-0,335
-0,336
-0,337
-0,338
-0,339
-0,340
-0,341
-0,342
-0,343
-0,344
-0,345
-0,346
-0,347
-0,348
-0,349
-0,350
-0,351
-0,352
-0,353
-0,354
-0,355
-0,356
-0,357
-0,358
-0,359
-0,360
-0,361
-0,362
-0,363
-0,364
-0,365
-0,366
-0,367
-0,368
-0,369
-0,370
-0,371
-0,372
-0,373
-0,374
-0,375
-0,376
-0,377
-0,378
-0,379
-0,380
-0,381
-0,382
-0,383
-0,384
-0,385
-0,386
-0,387
-0,388
-0,389
-0,390
-0,391
-0,392
-0,393
-0,394
-0,395
-0,396
-0,397
-0,398
-0,399
-0,400
-0,401
-0,402
-0,403
-0,404
-0,405
-0,406
-0,407
-0,408
-0,409
-0,410
-0,411
-0,412
-0,413
-0,414
-0,415
-0,416
-0,417
-0,418
-0,419
-0,420
-0,421
-0,422
-0,423
-0,424
-0,425
-0,426
-0,427
-0,428
-0,429
-0,430
-0,431
-0,432
-0,433
-0,434
-0,435
-0,436
-0,437
-0,438
-0,439
-0,440
-0,441
-0,442
-0,443
-0,444
-0,445
-0,446
-0,447
-0,448
-0,449
-0,450
-0,451
-0,452
-0,453
-0,454
-0,455
-0,456
-0,457
-0,458
-0,459
-0,460
-0,461
-0,462
-0,463
-0,464
-0,465
-0,466
-0,467
-0,468
-0,469
-0,470
-0,471
-0,472
-0,473
-0,474
-0,475
-0,476
-0,477
-0,478
-0,479
-0,480
-0,481
-0,482
-0,483
-0,484
-0,485
-0,486
-0,487
-0,488
-0,489
-0,490
-0,491
-0,492
-0,493
-0,494
-0,495
-0,496
-0,497
-0,498
-0,499
-0,500
-0,501
-0,502
-0,503
-0,504
-0,505
-0,506
-0,507
-0,508
-0,509
-0,510
-0,511
-0,512
-0,513
-0,514
-0,515
-0,516
-0,517
-0,518
-0,519
-0,520
-0,521
-0,522
-0,523
-0,524
-0,525
-0,526
-0,527
-0,528
-0,529
-0,530
-0,531
-0,532
-0,533
-0,534
-0,535
-0,536
-0,537
-0,538
-0,539
-0,540
-0,541
-0,542
-0,543
-0,544
-0,545
-0,546
-0,547
-0,548
-0,549
-0,550
-0,551
-0,552
-0,553
-0,554
-0,555
-0,556
-0,557
-0,558
-0,559
-0,560
-0,561
-0,562
-0,563
-0,564
-0,565
-0,566
-0,567
-0,568
-0,569
-0,570
-0,571
-0,572
-0,573
-0,574
-0,575
-0,576
-0,577
-0,578
-0,579
-0,580
-0,581
-0,582
-0,583
-0,584
-0,585
-0,586
-0,587
-0,588
-0,589
-0,590
-0,591
-0,592
-0,593
-0,594
-0,595
-0,596
-0,597
-0,598
-0,599
-0,600
-0,601
-0,602
-0,603
-0,604
-0,605
-0,606
-0,607
-0,608
-0,609
-0,610
-0,611
-0,612
-0,613
-0,614
-0,615
-0,616
-0,617
-0,618
-0,619
-0,620
-0,621
-0,622
-0,623
-0,624
-0,625
-0,626
-0,627
-0,628
-0,629
-0,630
-0,631
-0,632
-0,633
-0,634
-0,635
-0,636
-0,637
-0,638
-0,639
-0,640
-0,641
-0,642
-0,643
-0,644
-0,645
-0,646
-0,647
-0,648
-0,649
-0,650
-0,651
-0,652
-0,653
-0,654
-0,655
-0,656
-0,657
-0,658
-0,659
-0,660
-0,661
-0,662
-0,663
-0,664
-0,665
-0,666
-0,667
-0,668
-0,669
-0,670
-0,671
-0,672
