-0,0
-0,1
4.62593e-17,2
1.48492e-15,3
9.54329e-15,4
2.59653e-14,5
4.25447e-14,6
5.05105e-14,7
4.8415e-14,8
4.00791e-14,9
2.99529e-14,10
2.08213e-14,11
1.37436e-14,12
1.69051e-12,13
1.94453e-11,14
7.28701e-11,15
1.45163e-10,16
1.95703e-10,17
2.04461e-10,18
1.7977e-10,19
1.40264e-10,20
1.00619e-10,21
6.79945e-11,22
4.40258e-11,23
2.76449e-11,24
5.05048e-10,25
2.40866e-09,26
5.53711e-09,27
8.18321e-09,28
9.09624e-09,29
8.35253e-09,30
6.72418e-09,31
4.93666e-09,32
3.39517e-09,33
2.22865e-09,34
1.41485e-09,35
8.76948e-10,36
8.40457e-09,37
2.86196e-08,38
5.39455e-08,39
7.03443e-08,40
7.2027e-08,41
6.25918e-08,42
4.8543e-08,43
3.47504e-08,44
2.35009e-08,45
1.52601e-08,46
9.62476e-09,47
5.94536e-09,48
4.19786e-08,49
1.2098e-07,50
2.06252e-07,51
2.52332e-07,52
2.47814e-07,53
2.09492e-07,54
1.59548e-07,55
1.12889e-07,56
7.58036e-08,57
4.90341e-08,58
3.08819e-08,59
1.90822e-08,60
1.13819e-07,61
2.98623e-07,62
4.80997e-07,63
5.67717e-07,64
5.44827e-07,65
4.5381e-07,66
3.4245e-07,67
2.41016e-07,68
1.61425e-07,69
1.0436e-07,70
6.57866e-08,71
4.07326e-08,72
2.49024e-08,73
1.50904e-08,74
9.08966e-09,75
5.45349e-09,76
3.26395e-09,77
1.95094e-09,78
1.16558e-09,79
6.9648e-10,80
4.16438e-10,81
2.49243e-10,82
1.49365e-10,83
8.96439e-11,84
5.38909e-11,85
3.24559e-11,86
1.95843e-11,87
1.18413e-11,88
7.17478e-12,89
4.35682e-12,90
2.65163e-12,91
1.61759e-12,92
9.89158e-13,93
6.06358e-13,94
3.72642e-13,95
2.29599e-13,96
1.4184e-13,97
8.78603e-14,98
5.45721e-14,99
3.39913e-14,100
2.1233e-14,101
1.33042e-14,102
8.35905e-15,103
5.26893e-15,104
3.33067e-15,105
2.11405e-15,106
1.34615e-15,107
8.60423e-16,108
5.50486e-16,109
3.51571e-16,110
2.26671e-16,111
1.4803e-16,112
9.71445e-17,113
6.01371e-17,114
4.16334e-17,115
2.77556e-17,116
1.85037e-17,117
1.38778e-17,118
9.25186e-18,119
4.62593e-18,120
4.62593e-18,121
4.62593e-18,122
-0,123
-0,124
-0,125
-0,126
-0,127
-0,128
-0,129
-0,130
-0,131
-0,132
-0,133
-0,134
-0,135
-0,136
-0,137
-0,138
-0,139
-0,140
-0,141
-0,142
-0,143
-0,144
-0,145
-0,146
-0,147
-0,148
-0,149
-0,150
-0,151
-0,152
-0,153
-0,154
-0,155
-0,156
-0,157
-0,158
-0,159
-0,160
-0,161
-0,162
-0,163
-0,164
-0,165
-0,166
-0,167
-0,168
-0,169
-0,170
-0,171
-0,172
-0,173
-0,174
-0,175
-0,176
-0,177
-0,178
-0,179
-0,180
-0,181
-0,182
-0,183
-0,184
-0,185
-0,186
-0,187
-0,188
-0,189
-0,190
-0,191
-0,192
-0,193
-0,194
-0,195
-0,196
-0,197
-0,198
-0,199
-0,200
-0,201
-0,202
-0,203
-0,204
-0,205
-0,206
-0,207
-0,208
-0,209
-0,210
-0,211
-0,212
-0,213
-0,214
-0,215
-0,216
-0,217
-0,218
-0,219
-0,220
-0,221
-0,222
-0,223
-0,224
-0,225
-0,226
-0,227
-0,228
-0,229
-0,230
-0,231
-0,232
-0,233
-0,234
-0,235
-0,236
-0,237
-0,238
-0,239
-0,240
-0,241
-0,242
-0,243
-0,244
-0,245
-0,246
-0,247
-0,248
-0,249
-0,250
-0,251
-0,252
-0,253
-0,254
-0,255
-0,256
-0,257
-0,258
-0,259
-0,260
-0,261
-0,262
-0,263
-0,264
-0,265
-0,266
-0,267
-0,268
-0,269
-0,270
-0,271
-0,272
-0,273
-0,274
-0,275
-0,276
-0,277
-0,278
-0,279
-0,280
-0,281
-0,282
-0,283
-0,284
-0,285
-0,286
-0,287
-0,288
-0,289
-0,290
-0,291
-0,292
-0,293
-0,294
-0,295
-0,296
-0,297
-0,298
-0,299
-0,300
-0,301
-0,302
-0,303
-0,304
-0,305
-0,306
-0,307
-0,308
-0,309
-0,310
-0,311
-0,312
-0,313
-0,314
-0,315
-0,316
-0,317
-0,318
-0,319
-0,320
-0,321
-0,322
-0,323
-0,324
-0,325
-0,326
-0,327
-0,328
-0,329
-0,330
-0,331
-0,332
-0,333
-0,334
-0,335
-0,336
-0,337
-0,338
-0,339
-0,340
-0,341
-0,342
-0,343
-0,344
-0,345
-0,346
-0,347
-0,348
-0,349
-0,350
-0,351
-0,352
-0,353
-0,354
-0,355
-0,356
-0,357
-0,358
-0,359
-0,360
-0,361
-0,362
-0,363
-0,364
-0,365
-0,366
-0,367
-0,368
-0,369
-0,370
-0,371
-0,372
-0,373
-0,374
-0,375
-0,376
-0,377
-0,378
-0,379
-0,380
-0,381
-0,382
-0,383
-0,384
-0,385
-0,386
-0,387
-0,388
-0,389
-0,390
-0,391
-0,392
-0,393
-0,394
-0,395
-0,396
-0,397
-0,398
-0,399
-0,400
-0,401
-0,402
-0,403
-0,404
-0,405
-0,406
-0,407
-0,408
-0,409
-0,410
-0,411
-0,412
-0,413
-0,414
-0,415
-0,416
-0,417
-0,418
-0,419
-0,420
-0,421
-0,422
-0,423
-0,424
-0,425
-0,426
-0,427
-0,428
-0,429
-0,430
-0,431
-0,432
-0,433
-0,434
-0,435
-0,436
-0,437
-0,438
-0,439
-0,440
-0,441
-0,442
-0,443
-0,444
-0,445
-0,446
-0,447
-0,448
-0,449
-0,450
-0,451
-0,452
-0,453
-0,454
-0,455
-0,456
-0,457
-0,458
-0,459
-0,460
-0,461
-0,462
-0,463
-0,464
-0,465
-0,466
-0,467
-0,468
-0,469
-0,470
-0,471
-0,472
-0,473
-0,474
-0,475
-0,476
-0,477
-0,478
-0,479
-0,480
-0,481
-0,482
-0,483
-0,484
-0,485
-0,486
-0,487
-0,488
-0,489
-0,490
-0,491
-0,492
-0,493
-0,494
-0,495
-0,496
-0,497
-0,498
-0,499
-0,500
-0,501
-0,502
-0,503
-0,504
-0,505
-0,506
-0,507
-0,508
-0,509
-0,510
-0,511
-0,512
-0,513
-0,514
-0,515
-0,516
-0,517
-0,518
-0,519
-0,520
-0,521
-0,522
-0,523
-0,524
-0,525
-0,526
-0,527
-0,528
-0,529
-0,530
-0,531
-0,532
-0,533
-0,534
-0,535
-0,536
-0,537
-0,538
-0,539
-0,540
-0,541
-0,542
-0,543
-0,544
-0,545
-0,546
-0,547
-0,548
-0,549
-0,550
-0,551
-0,552
-0,553
-0,554
-0,555
-0,556
-0,557
-0,558
-0,559
-0,560
-0,561
-0,562
-0,563
-0,564
-0,565
-0,566
-0,567
-0,568
-0,569
-0,570
-0,571
-0,572
-0,573
-0,574
-0,575
-0,576
-0,577
-0,578
-0,579
-0,580
-0,581
-0,582
-0,583
-0,584
-0,585
-0,586
-0,587
-0,588
-0,589
-0,590
-0,591
-0,592
-0,593
-0,594
-0,595
-0,596
-0,597
-0,598
-0,599
-0,600
-0,601
-0,602
-0,603
-0,604
-0,605
-0,606
-0,607
-0,608
-0,609
-0,610
-0,611
-0,612
-0,613
-0,614
-0,615
-0,616
-0,617
-0,618
-0,619
-0,620
-0,621
-0,622
-0,623
-0,624
-0,625
-0,626
-0,627
-0,628
-0,629
-0,630
-0,631
-0,632
-0,633
-0,634
-0,635
-0,636
-0,637
-0,638
-0,639
-0,640
-0,641
-0,642
-0,643
-0,644
-0,645
-0,646
-0,647
-0,648
-0,649
-0,650
-0,651
-0,652
-0,653
-0,654
-0,655
-0,656
-0,657
-0,658
-0,659
-0,660
-0,661
-0,662
-0,663
-0,664
-0,665
-0,666
-0,667
-0,668
-0,669
-0,670
-0,671
-0,672
