PID,i_lum_F1_indiv,i_lum_k12(KA),i_lum_k23(Q/V),i_lum_k32(Q/VP),i_lum_k20(CL/V),total_mg_dose_per_occassion,DS,Q,V,CL,VP
0,1.25487,0.0386,0.0174034,0.00583051,0.0682984,480,0,0.409524,23.5312,1.60714,70.2381
1,1.93546,0.0386,0.105854,0.00583051,0.415416,480,0,0.409524,3.86876,1.60714,70.2381
2,1.6134,0.0386,0.0504261,0.00583051,0.197893,480,0,0.409524,8.12127,1.60714,70.2381
3,1.15757,0.0386,0.00400662,0.00583051,0.0157237,480,0,0.409524,102.212,1.60714,70.2381
4,1.15683,0.0386,0.0114151,0.00583051,0.0447978,480,0,0.409524,35.8755,1.60714,70.2381
5,1.58018,0.0386,0.0299149,0.00583051,0.117399,480,0,0.409524,13.6896,1.60714,70.2381
6,2.05585,0.0386,0.07146,0.00583051,0.280439,480,0,0.409524,5.73081,1.60714,70.2381
7,1.20538,0.0386,0.031309,0.00583051,0.12287,480,0,0.409524,13.0801,1.60714,70.2381
8,2.56133,0.0386,0.0212613,0.00583051,0.0834381,480,0,0.409524,19.2615,1.60714,70.2381
9,1.65388,0.0386,0.0579756,0.00583051,0.227521,480,0,0.409524,7.06373,1.60714,70.2381
10,0.851034,0.0386,0.0448054,0.00583051,0.175835,480,0,0.409524,9.14005,1.60714,70.2381
11,1.41185,0.0386,0.0922802,0.00583051,0.362146,480,0,0.409524,4.43783,1.60714,70.2381
12,0.487933,0.0386,0.0105407,0.00583051,0.041366,480,0,0.409524,38.8518,1.60714,70.2381
13,1.20998,0.0386,0.0454101,0.00583051,0.178208,480,0,0.409524,9.01835,1.60714,70.2381
14,0.337628,0.0386,0.0226834,0.00583051,0.0890191,480,0,0.409524,18.0539,1.60714,70.2381
15,0.642536,0.0386,0.0812749,0.00583051,0.318957,480,0,0.409524,5.03875,1.60714,70.2381
16,3.58831,0.0386,0.00292931,0.00583051,0.0114958,480,0,0.409524,139.802,1.60714,70.2381
17,1.52279,0.0386,0.0259045,0.00583051,0.10166,480,0,0.409524,15.809,1.60714,70.2381
18,2.26305,0.0386,0.0568878,0.00583051,0.223252,480,0,0.409524,7.1988,1.60714,70.2381
19,2.42248,0.0386,0.0879101,0.00583051,0.344996,480,0,0.409524,4.65844,1.60714,70.2381
20,0.486764,0.0386,0.0293903,0.00583051,0.11534,480,0,0.409524,13.934,1.60714,70.2381
21,1.62433,0.0386,0.0678055,0.00583051,0.266097,480,0,0.409524,6.03969,1.60714,70.2381
22,0.735679,0.0386,0.00974891,0.00583051,0.0382588,480,0,0.409524,42.0071,1.60714,70.2381
23,0.580364,0.0386,0.0109612,0.00583051,0.0430163,480,0,0.409524,37.3613,1.60714,70.2381
24,1.93165,0.0386,0.0853922,0.00583051,0.335115,480,0,0.409524,4.7958,1.60714,70.2381
25,1.11224,0.0386,0.00794417,0.00583051,0.0311762,480,0,0.409524,51.5503,1.60714,70.2381
26,1.28382,0.0386,0.00913264,0.00583051,0.0358403,480,0,0.409524,44.8418,1.60714,70.2381
27,1.63816,0.0386,0.0511703,0.00583051,0.200814,480,0,0.409524,8.00316,1.60714,70.2381
28,1.17705,0.0386,0.0545241,0.00583051,0.213975,480,0,0.409524,7.51088,1.60714,70.2381
29,1.16603,0.0386,0.127921,0.00583051,0.502017,480,0,0.409524,3.20137,1.60714,70.2381
30,0.616003,0.0386,0.00546043,0.00583051,0.021429,480,0,0.409524,74.9984,1.60714,70.2381
31,0.923157,0.0386,0.0355724,0.00583051,0.139601,480,0,0.409524,11.5124,1.60714,70.2381
32,0.568656,0.0386,0.0236205,0.00583051,0.0926966,480,0,0.409524,17.3377,1.60714,70.2381
33,1.16091,0.0386,0.0380351,0.00583051,0.149266,480,0,0.409524,10.767,1.60714,70.2381
34,2.01277,0.0386,0.00551606,0.00583051,0.0216473,480,0,0.409524,74.2421,1.60714,70.2381
35,1.56463,0.0386,0.0296852,0.00583051,0.116497,480,0,0.409524,13.7955,1.60714,70.2381
36,1.24658,0.0386,0.0281036,0.00583051,0.11029,480,0,0.409524,14.572,1.60714,70.2381
37,1.80919,0.0386,0.11708,0.00583051,0.459469,480,0,0.409524,3.49783,1.60714,70.2381
38,0.962944,0.0386,0.0133568,0.00583051,0.0524179,480,0,0.409524,30.6602,1.60714,70.2381
39,1.18623,0.0386,0.0264173,0.00583051,0.103673,480,0,0.409524,15.5021,1.60714,70.2381
40,0.866451,0.0386,0.0459396,0.00583051,0.180286,480,0,0.409524,8.9144,1.60714,70.2381
41,0.744045,0.0386,0.00903298,0.00583051,0.0354492,480,0,0.409524,45.3365,1.60714,70.2381
42,0.945531,0.0386,0.0358516,0.00583051,0.140697,480,0,0.409524,11.4227,1.60714,70.2381
43,0.370798,0.0386,0.0844779,0.00583051,0.331526,480,0,0.409524,4.84771,1.60714,70.2381
44,0.295955,0.0386,0.0189849,0.00583051,0.0745047,480,0,0.409524,21.571,1.60714,70.2381
45,0.992846,0.0386,0.0138888,0.00583051,0.0545053,480,0,0.409524,29.486,1.60714,70.2381
46,0.0784686,0.0386,0.0365687,0.00583051,0.143511,480,0,0.409524,11.1987,1.60714,70.2381
47,2.29478,0.0386,0.0496538,0.00583051,0.194862,480,0,0.409524,8.24758,1.60714,70.2381
48,1.07658,0.0386,0.0107191,0.00583051,0.0420662,480,0,0.409524,38.2051,1.60714,70.2381
49,0.984132,0.0386,0.084358,0.00583051,0.331056,480,0,0.409524,4.85459,1.60714,70.2381
50,0.704297,0.0386,0.0352629,0.00583051,0.138386,480,0,0.409524,11.6135,1.60714,70.2381
51,1.09765,0.0386,0.0824498,0.00583051,0.323568,480,0,0.409524,4.96695,1.60714,70.2381
52,0.789086,0.0386,0.0330245,0.00583051,0.129602,480,0,0.409524,12.4006,1.60714,70.2381
53,1.00518,0.0386,0.00770154,0.00583051,0.0302241,480,0,0.409524,53.1743,1.60714,70.2381
54,1.05143,0.0386,0.07307,0.00583051,0.286757,480,0,0.409524,5.60454,1.60714,70.2381
55,1.75265,0.0386,0.0897584,0.00583051,0.352249,480,0,0.409524,4.56251,1.60714,70.2381
56,0.746397,0.0386,0.0159094,0.00583051,0.0624353,480,0,0.409524,25.7409,1.60714,70.2381
57,0.542825,0.0386,0.00429683,0.00583051,0.0168626,480,0,0.409524,95.3084,1.60714,70.2381
58,0.581774,0.0386,0.00904607,0.00583051,0.0355006,480,0,0.409524,45.2709,1.60714,70.2381
59,1.26821,0.0386,0.00816411,0.00583051,0.0320394,480,0,0.409524,50.1615,1.60714,70.2381
60,0.208294,0.0386,0.0265929,0.00583051,0.104362,480,0,0.409524,15.3998,1.60714,70.2381
61,1.30237,0.0386,0.140207,0.00583051,0.550231,480,0,0.409524,2.92085,1.60714,70.2381
62,0.713524,0.0386,0.0252351,0.00583051,0.0990329,480,0,0.409524,16.2284,1.60714,70.2381
63,0.243847,0.0386,0.0240718,0.00583051,0.0944678,480,0,0.409524,17.0126,1.60714,70.2381
64,1.75435,0.0386,0.00784921,0.00583051,0.0308036,480,0,0.409524,52.1739,1.60714,70.2381
65,0.822329,0.0386,0.083486,0.00583051,0.327634,480,0,0.409524,4.9053,1.60714,70.2381
66,1.85856,0.0386,0.0392542,0.00583051,0.15405,480,0,0.409524,10.4326,1.60714,70.2381
67,0.25693,0.0386,0.0154179,0.00583051,0.0605062,480,0,0.409524,26.5616,1.60714,70.2381
68,0.70708,0.0386,0.0362557,0.00583051,0.142282,480,0,0.409524,11.2954,1.60714,70.2381
69,1.57731,0.0386,0.0468633,0.00583051,0.183911,480,0,0.409524,8.73869,1.60714,70.2381
70,1.45577,0.0386,0.0406164,0.00583051,0.159396,480,0,0.409524,10.0827,1.60714,70.2381
71,1.19424,0.0386,0.0311316,0.00583051,0.122173,480,0,0.409524,13.1546,1.60714,70.2381
72,1.50941,0.0386,0.0839768,0.00583051,0.32956,480,0,0.409524,4.87663,1.60714,70.2381
73,1.1656,0.0386,0.0671678,0.00583051,0.263595,480,0,0.409524,6.09702,1.60714,70.2381
74,2.66736,0.0386,0.179858,0.00583051,0.705838,480,0,0.409524,2.27693,1.60714,70.2381
75,0.988602,0.0386,0.100797,0.00583051,0.395568,480,0,0.409524,4.06287,1.60714,70.2381
76,0.4359,0.0386,0.0862363,0.00583051,0.338427,480,0,0.409524,4.74886,1.60714,70.2381
77,0.62009,0.0386,0.012574,0.00583051,0.0493458,480,0,0.409524,32.569,1.60714,70.2381
78,2.21516,0.0386,0.035278,0.00583051,0.138445,480,0,0.409524,11.6085,1.60714,70.2381
79,1.11569,0.0386,0.0105257,0.00583051,0.0413072,480,0,0.409524,38.9071,1.60714,70.2381
80,0.794157,0.0386,0.0330141,0.00583051,0.129561,480,0,0.409524,12.4045,1.60714,70.2381
81,1.20943,0.0386,0.0444485,0.00583051,0.174435,480,0,0.409524,9.21344,1.60714,70.2381
82,0.264224,0.0386,0.0026116,0.00583051,0.010249,480,0,0.409524,156.81,1.60714,70.2381
83,0.661497,0.0386,0.264342,0.00583051,1.03739,480,0,0.409524,1.54922,1.60714,70.2381
84,2.93691,0.0386,0.0101782,0.00583051,0.0399436,480,0,0.409524,40.2354,1.60714,70.2381
85,0.93684,0.0386,0.203385,0.00583051,0.798169,480,0,0.409524,2.01354,1.60714,70.2381
86,0.473974,0.0386,0.0218574,0.00583051,0.0857777,480,0,0.409524,18.7361,1.60714,70.2381
87,1.60357,0.0386,0.0790752,0.00583051,0.310324,480,0,0.409524,5.17892,1.60714,70.2381
88,1.59486,0.0386,0.05061,0.00583051,0.198615,480,0,0.409524,8.09176,1.60714,70.2381
89,0.932208,0.0386,0.0106247,0.00583051,0.0416959,480,0,0.409524,38.5444,1.60714,70.2381
90,2.84026,0.0386,0.0698693,0.00583051,0.274196,480,0,0.409524,5.86129,1.60714,70.2381
91,1.43929,0.0386,0.0371079,0.00583051,0.145627,480,0,0.409524,11.036,1.60714,70.2381
92,1.48638,0.0386,0.0183293,0.00583051,0.0719318,480,0,0.409524,22.3426,1.60714,70.2381
93,1.03582,0.0386,0.0230772,0.00583051,0.0905647,480,0,0.409524,17.7458,1.60714,70.2381
94,2.02694,0.0386,0.0281376,0.00583051,0.110424,480,0,0.409524,14.5543,1.60714,70.2381
95,2.48593,0.0386,0.0168391,0.00583051,0.0660836,480,0,0.409524,24.3198,1.60714,70.2381
96,2.34326,0.0386,0.039731,0.00583051,0.155921,480,0,0.409524,10.3074,1.60714,70.2381
97,1.33917,0.0386,0.0160441,0.00583051,0.0629637,480,0,0.409524,25.5249,1.60714,70.2381
98,1.06877,0.0386,0.0257012,0.00583051,0.100862,480,0,0.409524,15.934,1.60714,70.2381
99,0.238287,0.0386,0.0335854,0.00583051,0.131803,480,0,0.409524,12.1935,1.60714,70.2381
100,0.898627,0.0386,0.0271365,0.00583051,0.106495,480,0,0.409524,15.0912,1.60714,70.2381
101,0.633098,0.0386,0.0460308,0.00583051,0.180644,480,0,0.409524,8.89673,1.60714,70.2381
102,1.43984,0.0386,0.0198847,0.00583051,0.0780359,480,0,0.409524,20.5949,1.60714,70.2381
103,0.400299,0.0386,0.0140198,0.00583051,0.0550196,480,0,0.409524,29.2104,1.60714,70.2381
104,0.590386,0.0386,0.0250223,0.00583051,0.098198,480,0,0.409524,16.3664,1.60714,70.2381
105,3.03419,0.0386,0.0277367,0.00583051,0.10885,480,0,0.409524,14.7647,1.60714,70.2381
106,0.585694,0.0386,0.0321388,0.00583051,0.126126,480,0,0.409524,12.7424,1.60714,70.2381
107,0.851258,0.0386,0.0114591,0.00583051,0.0449705,480,0,0.409524,35.7377,1.60714,70.2381
108,1.04236,0.0386,0.0789876,0.00583051,0.30998,480,0,0.409524,5.18466,1.60714,70.2381
109,0.41041,0.0386,0.01841,0.00583051,0.0722485,480,0,0.409524,22.2447,1.60714,70.2381
110,1.31712,0.0386,0.0221551,0.00583051,0.086946,480,0,0.409524,18.4844,1.60714,70.2381
111,1.22701,0.0386,0.0901232,0.00583051,0.353681,480,0,0.409524,4.54404,1.60714,70.2381
112,1.08624,0.0386,0.0873185,0.00583051,0.342674,480,0,0.409524,4.69,1.60714,70.2381
113,0.976273,0.0386,0.0068366,0.00583051,0.0268297,480,0,0.409524,59.9017,1.60714,70.2381
114,0.593518,0.0386,0.0234488,0.00583051,0.0920231,480,0,0.409524,17.4646,1.60714,70.2381
115,1.18925,0.0386,0.0268249,0.00583051,0.105272,480,0,0.409524,15.2665,1.60714,70.2381
116,0.950222,0.0386,0.0273484,0.00583051,0.107327,480,0,0.409524,14.9743,1.60714,70.2381
117,2.75029,0.0386,0.0356465,0.00583051,0.139892,480,0,0.409524,11.4885,1.60714,70.2381
118,1.72047,0.0386,0.035595,0.00583051,0.13969,480,0,0.409524,11.5051,1.60714,70.2381
119,0.453731,0.0386,0.0972553,0.00583051,0.381671,480,0,0.409524,4.21081,1.60714,70.2381
120,2.41774,0.0386,0.154864,0.00583051,0.607752,480,0,0.409524,2.6444,1.60714,70.2381
121,0.253519,0.0386,0.0288396,0.00583051,0.113179,480,0,0.409524,14.2,1.60714,70.2381
122,1.32953,0.0386,0.0278404,0.00583051,0.109257,480,0,0.409524,14.7097,1.60714,70.2381
123,0.0714332,0.0386,0.0172715,0.00583051,0.0677805,480,0,0.409524,23.711,1.60714,70.2381
124,2.57766,0.0386,0.0363343,0.00583051,0.142591,480,0,0.409524,11.271,1.60714,70.2381
125,0.75413,0.0386,0.00871294,0.00583051,0.0341932,480,0,0.409524,47.0018,1.60714,70.2381
126,0.256362,0.0386,0.00943065,0.00583051,0.0370098,480,0,0.409524,43.4248,1.60714,70.2381
127,1.34852,0.0386,0.0208541,0.00583051,0.0818401,480,0,0.409524,19.6376,1.60714,70.2381
128,1.40571,0.0386,0.0570968,0.00583051,0.224072,480,0,0.409524,7.17245,1.60714,70.2381
129,1.27981,0.0386,0.203604,0.00583051,0.799028,480,0,0.409524,2.01137,1.60714,70.2381
130,1.72522,0.0386,0.140983,0.00583051,0.553274,480,0,0.409524,2.90478,1.60714,70.2381
131,1.81297,0.0386,0.011152,0.00583051,0.0437651,480,0,0.409524,36.722,1.60714,70.2381
132,0.235949,0.0386,0.0880328,0.00583051,0.345478,480,0,0.409524,4.65195,1.60714,70.2381
133,1.59867,0.0386,0.00785893,0.00583051,0.0308417,480,0,0.409524,52.1094,1.60714,70.2381
134,1.05527,0.0386,0.0148885,0.00583051,0.0584286,480,0,0.409524,27.5061,1.60714,70.2381
135,2.68579,0.0386,0.0110679,0.00583051,0.0434351,480,0,0.409524,37.001,1.60714,70.2381
136,1.62916,0.0386,0.0669636,0.00583051,0.262793,480,0,0.409524,6.11562,1.60714,70.2381
137,1.36372,0.0386,0.128951,0.00583051,0.506057,480,0,0.409524,3.17581,1.60714,70.2381
138,1.02771,0.0386,0.0171204,0.00583051,0.0671876,480,0,0.409524,23.9202,1.60714,70.2381
139,3.04067,0.0386,0.103094,0.00583051,0.404584,480,0,0.409524,3.97233,1.60714,70.2381
140,0.223296,0.0386,0.0551494,0.00583051,0.216429,480,0,0.409524,7.42571,1.60714,70.2381
141,0.771747,0.0386,0.0748745,0.00583051,0.293839,480,0,0.409524,5.46947,1.60714,70.2381
142,0.592697,0.0386,0.0501309,0.00583051,0.196735,480,0,0.409524,8.16909,1.60714,70.2381
143,1.98364,0.0386,0.014033,0.00583051,0.0550712,480,0,0.409524,29.183,1.60714,70.2381
144,1.38742,0.0386,0.0270638,0.00583051,0.10621,480,0,0.409524,15.1318,1.60714,70.2381
145,0.866825,0.0386,0.367619,0.00583051,1.44269,480,0,0.409524,1.11399,1.60714,70.2381
146,1.51802,0.0386,0.00707158,0.00583051,0.0277518,480,0,0.409524,57.9112,1.60714,70.2381
147,0.313303,0.0386,0.0385098,0.00583051,0.151129,480,0,0.409524,10.6343,1.60714,70.2381
148,1.137,0.0386,0.0555937,0.00583051,0.218173,480,0,0.409524,7.36637,1.60714,70.2381
149,2.05801,0.0386,0.0249711,0.00583051,0.097997,480,0,0.409524,16.3999,1.60714,70.2381
150,2.78417,0.0386,0.0447678,0.00583051,0.175687,480,0,0.409524,9.14774,1.60714,70.2381
151,0.412671,0.0386,0.0208623,0.00583051,0.0818726,480,0,0.409524,19.6298,1.60714,70.2381
152,0.771649,0.0386,0.0271491,0.00583051,0.106544,480,0,0.409524,15.0843,1.60714,70.2381
153,0.916568,0.0386,0.0231967,0.00583051,0.0910336,480,0,0.409524,17.6544,1.60714,70.2381
154,1.29507,0.0386,0.0383203,0.00583051,0.150385,480,0,0.409524,10.6869,1.60714,70.2381
155,0.727924,0.0386,0.0059217,0.00583051,0.0232392,480,0,0.409524,69.1564,1.60714,70.2381
156,0.704621,0.0386,0.0210821,0.00583051,0.082735,480,0,0.409524,19.4252,1.60714,70.2381
157,1.09747,0.0386,0.114909,0.00583051,0.450952,480,0,0.409524,3.56389,1.60714,70.2381
158,0.357026,0.0386,0.0144192,0.00583051,0.056587,480,0,0.409524,28.4012,1.60714,70.2381
159,0.462882,0.0386,0.00422361,0.00583051,0.0165752,480,0,0.409524,96.9605,1.60714,70.2381
160,0.918744,0.0386,0.0487904,0.00583051,0.191474,480,0,0.409524,8.39352,1.60714,70.2381
161,1.01561,0.0386,0.0775352,0.00583051,0.304281,480,0,0.409524,5.28178,1.60714,70.2381
162,2.88115,0.0386,0.013412,0.00583051,0.0526344,480,0,0.409524,30.534,1.60714,70.2381
163,0.92492,0.0386,0.0213624,0.00583051,0.0838352,480,0,0.409524,19.1703,1.60714,70.2381
164,2.04982,0.0386,0.0254313,0.00583051,0.099803,480,0,0.409524,16.1032,1.60714,70.2381
165,1.98197,0.0386,0.0322002,0.00583051,0.126367,480,0,0.409524,12.7181,1.60714,70.2381
166,0.736534,0.0386,0.0103556,0.00583051,0.0406399,480,0,0.409524,39.546,1.60714,70.2381
167,1.03223,0.0386,0.0350461,0.00583051,0.137535,480,0,0.409524,11.6853,1.60714,70.2381
168,1.47663,0.0386,0.0417287,0.00583051,0.163761,480,0,0.409524,9.81397,1.60714,70.2381
169,0.474134,0.0386,0.0126219,0.00583051,0.0495335,480,0,0.409524,32.4456,1.60714,70.2381
170,0.938303,0.0386,0.0434563,0.00583051,0.170541,480,0,0.409524,9.42381,1.60714,70.2381
171,0.788805,0.0386,0.0254152,0.00583051,0.09974,480,0,0.409524,16.1133,1.60714,70.2381
172,0.497129,0.0386,0.00292971,0.00583051,0.0114974,480,0,0.409524,139.783,1.60714,70.2381
173,0.294792,0.0386,0.00633684,0.00583051,0.0248684,480,0,0.409524,64.6259,1.60714,70.2381
174,2.01771,0.0386,0.00723979,0.00583051,0.028412,480,0,0.409524,56.5657,1.60714,70.2381
175,1.27544,0.0386,0.0407774,0.00583051,0.160028,480,0,0.409524,10.0429,1.60714,70.2381
176,0.759678,0.0386,0.0379882,0.00583051,0.149082,480,0,0.409524,10.7803,1.60714,70.2381
177,0.606627,0.0386,0.0534499,0.00583051,0.20976,480,0,0.409524,7.66182,1.60714,70.2381
178,0.830317,0.0386,0.114646,0.00583051,0.449919,480,0,0.409524,3.57207,1.60714,70.2381
179,0.853648,0.0386,0.0256421,0.00583051,0.100631,480,0,0.409524,15.9707,1.60714,70.2381
180,0.761521,0.0386,0.12834,0.00583051,0.50366,480,0,0.409524,3.19093,1.60714,70.2381
181,0.996147,0.0386,0.0354589,0.00583051,0.139156,480,0,0.409524,11.5492,1.60714,70.2381
182,0.879543,0.0386,0.0831734,0.00583051,0.326407,480,0,0.409524,4.92373,1.60714,70.2381
183,1.94356,0.0386,0.0247992,0.00583051,0.0973224,480,0,0.409524,16.5136,1.60714,70.2381
184,0.556322,0.0386,0.00841141,0.00583051,0.0330099,480,0,0.409524,48.6867,1.60714,70.2381
185,0.467623,0.0386,0.0457913,0.00583051,0.179704,480,0,0.409524,8.94327,1.60714,70.2381
186,0.781556,0.0386,0.00771341,0.00583051,0.0302706,480,0,0.409524,53.0925,1.60714,70.2381
187,1.54331,0.0386,0.0532084,0.00583051,0.208812,480,0,0.409524,7.69661,1.60714,70.2381
188,2.77653,0.0386,0.00589629,0.00583051,0.0231395,480,0,0.409524,69.4544,1.60714,70.2381
189,0.201387,0.0386,0.0991434,0.00583051,0.38908,480,0,0.409524,4.13062,1.60714,70.2381
190,1.13338,0.0386,0.0342237,0.00583051,0.134308,480,0,0.409524,11.9661,1.60714,70.2381
191,2.15412,0.0386,0.0145278,0.00583051,0.0570131,480,0,0.409524,28.189,1.60714,70.2381
192,0.317179,0.0386,0.0480419,0.00583051,0.188537,480,0,0.409524,8.5243,1.60714,70.2381
193,0.287498,0.0386,0.0613086,0.00583051,0.240601,480,0,0.409524,6.67971,1.60714,70.2381
194,1.61874,0.0386,0.014989,0.00583051,0.0588231,480,0,0.409524,27.3216,1.60714,70.2381
195,1.70103,0.0386,0.00319973,0.00583051,0.0125571,480,0,0.409524,127.987,1.60714,70.2381
196,1.9523,0.0386,0.0347801,0.00583051,0.136492,480,0,0.409524,11.7747,1.60714,70.2381
197,1.75982,0.0386,0.0429121,0.00583051,0.168405,480,0,0.409524,9.54332,1.60714,70.2381
198,1.53634,0.0386,0.0153562,0.00583051,0.0602642,480,0,0.409524,26.6683,1.60714,70.2381
199,1.71482,0.0386,0.028812,0.00583051,0.11307,480,0,0.409524,14.2137,1.60714,70.2381
200,0.675345,0.0386,0.0244997,0.00583051,0.096147,480,0,0.409524,16.7155,1.60714,70.2381
201,1.99635,0.0386,0.0076458,0.00583051,0.0300053,480,0,0.409524,53.562,1.60714,70.2381
202,0.978982,0.0386,0.035127,0.00583051,0.137853,480,0,0.409524,11.6584,1.60714,70.2381
203,0.753329,0.0386,0.00379457,0.00583051,0.0148915,480,0,0.409524,107.924,1.60714,70.2381
204,0.368675,0.0386,0.0518949,0.00583051,0.203657,480,0,0.409524,7.89141,1.60714,70.2381
205,0.932061,0.0386,0.00302504,0.00583051,0.0118715,480,0,0.409524,135.378,1.60714,70.2381
206,1.30813,0.0386,0.0251199,0.00583051,0.0985811,480,0,0.409524,16.3028,1.60714,70.2381
207,0.345179,0.0386,0.0267601,0.00583051,0.105018,480,0,0.409524,15.3035,1.60714,70.2381
208,2.09183,0.0386,0.0366845,0.00583051,0.143965,480,0,0.409524,11.1634,1.60714,70.2381
209,0.928743,0.0386,0.0645544,0.00583051,0.253339,480,0,0.409524,6.34385,1.60714,70.2381
210,0.266078,0.0386,0.0078953,0.00583051,0.0309845,480,0,0.409524,51.8693,1.60714,70.2381
211,1.56071,0.0386,0.137447,0.00583051,0.539401,480,0,0.409524,2.9795,1.60714,70.2381
212,0.725241,0.0386,0.041082,0.00583051,0.161223,480,0,0.409524,9.96845,1.60714,70.2381
213,0.775445,0.0386,0.0058056,0.00583051,0.0227836,480,0,0.409524,70.5395,1.60714,70.2381
214,0.646222,0.0386,0.00471433,0.00583051,0.018501,480,0,0.409524,86.8678,1.60714,70.2381
215,1.41241,0.0386,0.0693394,0.00583051,0.272117,480,0,0.409524,5.90608,1.60714,70.2381
216,1.24972,0.0386,0.0107513,0.00583051,0.0421926,480,0,0.409524,38.0907,1.60714,70.2381
217,1.29952,0.0386,0.00775788,0.00583051,0.0304452,480,0,0.409524,52.7881,1.60714,70.2381
218,0.788067,0.0386,0.0385897,0.00583051,0.151442,480,0,0.409524,10.6122,1.60714,70.2381
219,1.16601,0.0386,0.00361036,0.00583051,0.0141686,480,0,0.409524,113.43,1.60714,70.2381
220,1.16204,0.0386,0.086116,0.00583051,0.337955,480,0,0.409524,4.75549,1.60714,70.2381
221,0.843481,0.0386,0.0890358,0.00583051,0.349414,480,0,0.409524,4.59954,1.60714,70.2381
222,1.86061,0.0386,0.0170124,0.00583051,0.0667637,480,0,0.409524,24.0721,1.60714,70.2381
223,1.14592,0.0386,0.0136756,0.00583051,0.0536688,480,0,0.409524,29.9456,1.60714,70.2381
224,0.204892,0.0386,0.179813,0.00583051,0.705662,480,0,0.409524,2.2775,1.60714,70.2381
225,0.93803,0.0386,0.0124022,0.00583051,0.0486715,480,0,0.409524,33.0202,1.60714,70.2381
226,1.66268,0.0386,0.0278201,0.00583051,0.109178,480,0,0.409524,14.7204,1.60714,70.2381
227,0.498303,0.0386,0.0248959,0.00583051,0.0977018,480,0,0.409524,16.4495,1.60714,70.2381
228,0.21889,0.0386,0.00871818,0.00583051,0.0342138,480,0,0.409524,46.9736,1.60714,70.2381
229,1.85209,0.0386,0.200188,0.00583051,0.785622,480,0,0.409524,2.04569,1.60714,70.2381
230,1.01837,0.0386,0.00928221,0.00583051,0.0364273,480,0,0.409524,44.1192,1.60714,70.2381
231,1.26831,0.0386,0.010017,0.00583051,0.0393108,480,0,0.409524,40.883,1.60714,70.2381
232,1.17225,0.0386,0.0289696,0.00583051,0.113689,480,0,0.409524,14.1363,1.60714,70.2381
233,2.6719,0.0386,0.0104297,0.00583051,0.0409306,480,0,0.409524,39.2651,1.60714,70.2381
234,0.884107,0.0386,0.00641131,0.00583051,0.0251607,480,0,0.409524,63.8752,1.60714,70.2381
235,1.03739,0.0386,0.0190791,0.00583051,0.0748745,480,0,0.409524,21.4645,1.60714,70.2381
236,0.571236,0.0386,0.0306645,0.00583051,0.12034,480,0,0.409524,13.355,1.60714,70.2381
237,0.948135,0.0386,0.0645315,0.00583051,0.253248,480,0,0.409524,6.34611,1.60714,70.2381
238,0.847996,0.0386,0.0318809,0.00583051,0.125114,480,0,0.409524,12.8454,1.60714,70.2381
239,0.688253,0.0386,0.0308245,0.00583051,0.120968,480,0,0.409524,13.2857,1.60714,70.2381
240,1.0181,0.0386,0.0336096,0.00583051,0.131898,480,0,0.409524,12.1847,1.60714,70.2381
241,2.86584,0.0386,0.0108644,0.00583051,0.0426364,480,0,0.409524,37.6942,1.60714,70.2381
242,1.26552,0.0386,0.241792,0.00583051,0.948892,480,0,0.409524,1.69371,1.60714,70.2381
243,1.83316,0.0386,0.317792,0.00583051,1.24715,480,0,0.409524,1.28865,1.60714,70.2381
244,0.693686,0.0386,0.0234059,0.00583051,0.0918544,480,0,0.409524,17.4966,1.60714,70.2381
245,0.636099,0.0386,0.0598542,0.00583051,0.234893,480,0,0.409524,6.84203,1.60714,70.2381
246,1.95686,0.0386,0.0266204,0.00583051,0.10447,480,0,0.409524,15.3838,1.60714,70.2381
247,1.68208,0.0386,0.0231345,0.00583051,0.0907896,480,0,0.409524,17.7018,1.60714,70.2381
248,3.02813,0.0386,0.0525727,0.00583051,0.206317,480,0,0.409524,7.78966,1.60714,70.2381
249,0.839976,0.0386,0.210492,0.00583051,0.826058,480,0,0.409524,1.94556,1.60714,70.2381
250,1.72315,0.0386,0.0434024,0.00583051,0.170329,480,0,0.409524,9.43551,1.60714,70.2381
251,0.737892,0.0386,0.00984129,0.00583051,0.0386213,480,0,0.409524,41.6128,1.60714,70.2381
252,0.626552,0.0386,0.0898721,0.00583051,0.352696,480,0,0.409524,4.55674,1.60714,70.2381
253,1.93065,0.0386,0.0157649,0.00583051,0.061868,480,0,0.409524,25.977,1.60714,70.2381
254,1.69935,0.0386,0.0863002,0.00583051,0.338678,480,0,0.409524,4.74534,1.60714,70.2381
255,0.856529,0.0386,0.0474825,0.00583051,0.186341,480,0,0.409524,8.62474,1.60714,70.2381
256,0.432749,0.0386,0.0447553,0.00583051,0.175638,480,0,0.409524,9.15029,1.60714,70.2381
257,0.731542,0.0386,0.0236902,0.00583051,0.0929704,480,0,0.409524,17.2866,1.60714,70.2381
258,0.824162,0.0386,0.016865,0.00583051,0.0661853,480,0,0.409524,24.2825,1.60714,70.2381
259,1.2442,0.0386,0.104331,0.00583051,0.409438,480,0,0.409524,3.92524,1.60714,70.2381
260,1.00785,0.0386,0.275893,0.00583051,1.08272,480,0,0.409524,1.48436,1.60714,70.2381
261,0.837132,0.0386,0.0123098,0.00583051,0.0483088,480,0,0.409524,33.2681,1.60714,70.2381
262,1.55542,0.0386,0.0303857,0.00583051,0.119246,480,0,0.409524,13.4775,1.60714,70.2381
263,2.71047,0.0386,0.0139286,0.00583051,0.0546615,480,0,0.409524,29.4017,1.60714,70.2381
264,1.4893,0.0386,0.03934,0.00583051,0.154387,480,0,0.409524,10.4099,1.60714,70.2381
265,0.993445,0.0386,0.0186238,0.00583051,0.0730874,480,0,0.409524,21.9893,1.60714,70.2381
266,0.208515,0.0386,0.0140983,0.00583051,0.0553277,480,0,0.409524,29.0477,1.60714,70.2381
267,1.11246,0.0386,0.032953,0.00583051,0.129321,480,0,0.409524,12.4275,1.60714,70.2381
268,2.04161,0.0386,0.142465,0.00583051,0.559092,480,0,0.409524,2.87456,1.60714,70.2381
269,0.822673,0.0386,0.0325876,0.00583051,0.127887,480,0,0.409524,12.5669,1.60714,70.2381
270,1.0421,0.0386,0.0746624,0.00583051,0.293006,480,0,0.409524,5.48501,1.60714,70.2381
271,0.657173,0.0386,0.00963616,0.00583051,0.0378163,480,0,0.409524,42.4986,1.60714,70.2381
272,1.67226,0.0386,0.0334227,0.00583051,0.131165,480,0,0.409524,12.2529,1.60714,70.2381
273,0.803989,0.0386,0.0254047,0.00583051,0.0996986,480,0,0.409524,16.12,1.60714,70.2381
274,0.24937,0.0386,0.0293767,0.00583051,0.115286,480,0,0.409524,13.9404,1.60714,70.2381
275,2.14601,0.0386,0.0295224,0.00583051,0.115858,480,0,0.409524,13.8716,1.60714,70.2381
276,0.680027,0.0386,0.00469658,0.00583051,0.0184314,480,0,0.409524,87.1961,1.60714,70.2381
277,3.12987,0.0386,0.0113075,0.00583051,0.0443754,480,0,0.409524,36.217,1.60714,70.2381
278,1.25219,0.0386,0.0746299,0.00583051,0.292879,480,0,0.409524,5.48739,1.60714,70.2381
279,0.454912,0.0386,0.01404,0.00583051,0.0550987,480,0,0.409524,29.1684,1.60714,70.2381
280,0.266184,0.0386,0.0138666,0.00583051,0.0544184,480,0,0.409524,29.5331,1.60714,70.2381
281,0.782992,0.0386,0.00894732,0.00583051,0.035113,480,0,0.409524,45.7706,1.60714,70.2381
282,1.67047,0.0386,0.00973286,0.00583051,0.0381958,480,0,0.409524,42.0764,1.60714,70.2381
283,1.84283,0.0386,0.00988252,0.00583051,0.0387831,480,0,0.409524,41.4392,1.60714,70.2381
284,1.31058,0.0386,0.0479888,0.00583051,0.188328,480,0,0.409524,8.53373,1.60714,70.2381
285,2.92569,0.0386,0.0282322,0.00583051,0.110795,480,0,0.409524,14.5056,1.60714,70.2381
286,0.487181,0.0386,0.00361218,0.00583051,0.0141757,480,0,0.409524,113.373,1.60714,70.2381
287,0.835402,0.0386,0.0186558,0.00583051,0.0732133,480,0,0.409524,21.9515,1.60714,70.2381
288,1.0701,0.0386,0.0325379,0.00583051,0.127692,480,0,0.409524,12.586,1.60714,70.2381
289,1.73791,0.0386,0.021351,0.00583051,0.0837902,480,0,0.409524,19.1805,1.60714,70.2381
290,1.20502,0.0386,0.0373273,0.00583051,0.146488,480,0,0.409524,10.9712,1.60714,70.2381
291,0.368038,0.0386,0.0565137,0.00583051,0.221783,480,0,0.409524,7.24646,1.60714,70.2381
292,1.72989,0.0386,0.0357379,0.00583051,0.140251,480,0,0.409524,11.4591,1.60714,70.2381
293,1.74316,0.0386,0.113555,0.00583051,0.445639,480,0,0.409524,3.60638,1.60714,70.2381
294,0.519507,0.0386,0.0340772,0.00583051,0.133733,480,0,0.409524,12.0175,1.60714,70.2381
295,1.10975,0.0386,0.0630339,0.00583051,0.247371,480,0,0.409524,6.49689,1.60714,70.2381
296,0.845346,0.0386,0.0235379,0.00583051,0.0923725,480,0,0.409524,17.3985,1.60714,70.2381
297,0.509444,0.0386,0.0121309,0.00583051,0.0476067,480,0,0.409524,33.7587,1.60714,70.2381
298,0.715098,0.0386,0.0120344,0.00583051,0.0472279,480,0,0.409524,34.0295,1.60714,70.2381
299,0.508084,0.0386,0.0390268,0.00583051,0.153158,480,0,0.409524,10.4934,1.60714,70.2381
300,1.07865,0.0386,0.0462066,0.00583051,0.181334,480,0,0.409524,8.86289,1.60714,70.2381
301,2.11623,0.0386,0.0564085,0.00583051,0.22137,480,0,0.409524,7.25997,1.60714,70.2381
302,0.586703,0.0386,0.0174156,0.00583051,0.068346,480,0,0.409524,23.5148,1.60714,70.2381
303,0.861659,0.0386,0.045937,0.00583051,0.180276,480,0,0.409524,8.9149,1.60714,70.2381
304,2.6512,0.0386,0.0402489,0.00583051,0.157954,480,0,0.409524,10.1748,1.60714,70.2381
305,0.510635,0.0386,0.0289854,0.00583051,0.113751,480,0,0.409524,14.1286,1.60714,70.2381
306,2.89177,0.0386,0.0492827,0.00583051,0.193406,480,0,0.409524,8.30969,1.60714,70.2381
307,0.503711,0.0386,0.00692159,0.00583051,0.0271632,480,0,0.409524,59.1661,1.60714,70.2381
308,1.81147,0.0386,0.0552155,0.00583051,0.216689,480,0,0.409524,7.41683,1.60714,70.2381
309,0.8284,0.0386,0.0218678,0.00583051,0.0858183,480,0,0.409524,18.7273,1.60714,70.2381
310,0.384615,0.0386,0.0212989,0.00583051,0.0835856,480,0,0.409524,19.2275,1.60714,70.2381
311,1.36025,0.0386,0.088596,0.00583051,0.347688,480,0,0.409524,4.62237,1.60714,70.2381
312,0.746516,0.0386,0.00483076,0.00583051,0.0189579,480,0,0.409524,84.7743,1.60714,70.2381
313,0.646297,0.0386,0.074257,0.00583051,0.291415,480,0,0.409524,5.51495,1.60714,70.2381
314,0.690563,0.0386,0.0161011,0.00583051,0.0631875,480,0,0.409524,25.4345,1.60714,70.2381
315,1.03225,0.0386,0.0892704,0.00583051,0.350335,480,0,0.409524,4.58745,1.60714,70.2381
316,1.17529,0.0386,0.0405827,0.00583051,0.159264,480,0,0.409524,10.0911,1.60714,70.2381
317,0.371895,0.0386,0.0343144,0.00583051,0.134664,480,0,0.409524,11.9344,1.60714,70.2381
318,0.985225,0.0386,0.0255963,0.00583051,0.10045,480,0,0.409524,15.9994,1.60714,70.2381
319,1.21145,0.0386,0.0164037,0.00583051,0.064375,480,0,0.409524,24.9653,1.60714,70.2381
320,1.20104,0.0386,0.0385995,0.00583051,0.15148,480,0,0.409524,10.6096,1.60714,70.2381
321,1.24193,0.0386,0.123085,0.00583051,0.483038,480,0,0.409524,3.32715,1.60714,70.2381
322,0.831761,0.0386,0.0866008,0.00583051,0.339858,480,0,0.409524,4.72887,1.60714,70.2381
323,1.23267,0.0386,0.00847178,0.00583051,0.0332468,480,0,0.409524,48.3397,1.60714,70.2381
324,1.00944,0.0386,0.0195313,0.00583051,0.0766491,480,0,0.409524,20.9675,1.60714,70.2381
325,0.387309,0.0386,0.00700687,0.00583051,0.0274979,480,0,0.409524,58.446,1.60714,70.2381
326,0.37435,0.0386,0.0043576,0.00583051,0.017101,480,0,0.409524,93.9793,1.60714,70.2381
327,0.807414,0.0386,0.00791307,0.00583051,0.0310542,480,0,0.409524,51.7528,1.60714,70.2381
328,0.816864,0.0386,0.054774,0.00583051,0.214956,480,0,0.409524,7.4766,1.60714,70.2381
329,0.451462,0.0386,0.0216787,0.00583051,0.0850765,480,0,0.409524,18.8906,1.60714,70.2381
330,0.79349,0.0386,0.0315955,0.00583051,0.123994,480,0,0.409524,12.9615,1.60714,70.2381
331,1.3228,0.0386,0.0691268,0.00583051,0.271282,480,0,0.409524,5.92424,1.60714,70.2381
332,0.924757,0.0386,0.0102154,0.00583051,0.0400896,480,0,0.409524,40.0887,1.60714,70.2381
333,1.19883,0.0386,0.00880841,0.00583051,0.0345679,480,0,0.409524,46.4923,1.60714,70.2381
334,0.79919,0.0386,0.221398,0.00583051,0.868858,480,0,0.409524,1.84972,1.60714,70.2381
335,1.12118,0.0386,0.288052,0.00583051,1.13044,480,0,0.409524,1.4217,1.60714,70.2381
336,1.99975,0.0386,0.0130986,0.00583051,0.0514043,480,0,0.409524,31.2647,1.60714,70.2381
337,0.796667,0.0386,0.0104908,0.00583051,0.0411701,480,0,0.409524,39.0366,1.60714,70.2381
338,1.00294,0.0386,0.0240228,0.00583051,0.0942755,480,0,0.409524,17.0473,1.60714,70.2381
339,1.17519,0.0386,0.0048395,0.00583051,0.0189922,480,0,0.409524,84.6212,1.60714,70.2381
340,0.637259,0.0386,0.0564346,0.00583051,0.221473,480,0,0.409524,7.25661,1.60714,70.2381
341,3.71731,0.0386,0.0512982,0.00583051,0.201316,480,0,0.409524,7.9832,1.60714,70.2381
342,0.763391,0.0386,0.00370043,0.00583051,0.0145221,480,0,0.409524,110.669,1.60714,70.2381
343,0.40767,0.0386,0.0178,0.00583051,0.0698546,480,0,0.409524,23.007,1.60714,70.2381
344,1.04183,0.0386,0.330685,0.00583051,1.29775,480,0,0.409524,1.23841,1.60714,70.2381
345,0.880411,0.0386,0.079467,0.00583051,0.311862,480,0,0.409524,5.15338,1.60714,70.2381
346,1.90308,0.0386,0.00720827,0.00583051,0.0282883,480,0,0.409524,56.8131,1.60714,70.2381
347,0.431749,0.0386,0.0942901,0.00583051,0.370034,480,0,0.409524,4.34323,1.60714,70.2381
348,1.93452,0.0386,0.0064736,0.00583051,0.0254051,480,0,0.409524,63.2606,1.60714,70.2381
349,1.32996,0.0386,0.0388076,0.00583051,0.152297,480,0,0.409524,10.5527,1.60714,70.2381
350,1.198,0.0386,0.0320143,0.00583051,0.125638,480,0,0.409524,12.7919,1.60714,70.2381
351,0.65894,0.0386,0.0739406,0.00583051,0.290174,480,0,0.409524,5.53855,1.60714,70.2381
352,1.12126,0.0386,0.00675308,0.00583051,0.0265019,480,0,0.409524,60.6426,1.60714,70.2381
353,0.473091,0.0386,0.0583629,0.00583051,0.22904,480,0,0.409524,7.01685,1.60714,70.2381
354,1.21778,0.0386,0.180163,0.00583051,0.707035,480,0,0.409524,2.27307,1.60714,70.2381
355,0.472316,0.0386,0.0305006,0.00583051,0.119697,480,0,0.409524,13.4267,1.60714,70.2381
356,0.596199,0.0386,0.00853728,0.00583051,0.0335039,480,0,0.409524,47.9689,1.60714,70.2381
357,0.574612,0.0386,0.0489452,0.00583051,0.192081,480,0,0.409524,8.36699,1.60714,70.2381
358,0.643554,0.0386,0.0606619,0.00583051,0.238063,480,0,0.409524,6.75092,1.60714,70.2381
359,0.142484,0.0386,0.0335072,0.00583051,0.131496,480,0,0.409524,12.222,1.60714,70.2381
360,1.15776,0.0386,0.00928931,0.00583051,0.0364551,480,0,0.409524,44.0855,1.60714,70.2381
361,0.503692,0.0386,0.0346233,0.00583051,0.135876,480,0,0.409524,11.828,1.60714,70.2381
362,0.802088,0.0386,0.267161,0.00583051,1.04845,480,0,0.409524,1.53287,1.60714,70.2381
363,0.629944,0.0386,0.0185952,0.00583051,0.0729755,480,0,0.409524,22.023,1.60714,70.2381
364,1.17049,0.0386,0.0380104,0.00583051,0.149169,480,0,0.409524,10.774,1.60714,70.2381
365,1.07515,0.0386,0.024179,0.00583051,0.0948885,480,0,0.409524,16.9372,1.60714,70.2381
366,1.53449,0.0386,0.00352424,0.00583051,0.0138306,480,0,0.409524,116.202,1.60714,70.2381
367,0.842289,0.0386,0.00341383,0.00583051,0.0133973,480,0,0.409524,119.96,1.60714,70.2381
368,1.42292,0.0386,0.141123,0.00583051,0.553826,480,0,0.409524,2.90189,1.60714,70.2381
369,1.99384,0.0386,0.014891,0.00583051,0.0584386,480,0,0.409524,27.5014,1.60714,70.2381
370,1.36015,0.0386,0.127239,0.00583051,0.499341,480,0,0.409524,3.21853,1.60714,70.2381
371,0.638046,0.0386,0.0595924,0.00583051,0.233865,480,0,0.409524,6.87208,1.60714,70.2381
372,0.131148,0.0386,0.0252525,0.00583051,0.0991013,480,0,0.409524,16.2172,1.60714,70.2381
373,0.708003,0.0386,0.0602163,0.00583051,0.236314,480,0,0.409524,6.80088,1.60714,70.2381
374,0.528305,0.0386,0.0826433,0.00583051,0.324327,480,0,0.409524,4.95532,1.60714,70.2381
375,0.762849,0.0386,0.195197,0.00583051,0.766035,480,0,0.409524,2.098,1.60714,70.2381
376,0.461751,0.0386,0.0360764,0.00583051,0.141579,480,0,0.409524,11.3516,1.60714,70.2381
377,0.627004,0.0386,0.0291919,0.00583051,0.114561,480,0,0.409524,14.0287,1.60714,70.2381
378,1.1708,0.0386,0.0245145,0.00583051,0.0962052,480,0,0.409524,16.7054,1.60714,70.2381
379,1.92852,0.0386,0.0600665,0.00583051,0.235726,480,0,0.409524,6.81784,1.60714,70.2381
380,0.43324,0.0386,0.0202787,0.00583051,0.079582,480,0,0.409524,20.1948,1.60714,70.2381
381,0.727642,0.0386,0.017673,0.00583051,0.0693564,480,0,0.409524,23.1722,1.60714,70.2381
382,0.120385,0.0386,0.0402119,0.00583051,0.157808,480,0,0.409524,10.1842,1.60714,70.2381
383,1.75078,0.0386,0.0192297,0.00583051,0.0754652,480,0,0.409524,21.2965,1.60714,70.2381
384,1.36279,0.0386,0.0407361,0.00583051,0.159866,480,0,0.409524,10.0531,1.60714,70.2381
385,1.16116,0.0386,0.0139434,0.00583051,0.0547197,480,0,0.409524,29.3705,1.60714,70.2381
386,0.723113,0.0386,0.0367797,0.00583051,0.144339,480,0,0.409524,11.1345,1.60714,70.2381
387,0.147712,0.0386,0.0792256,0.00583051,0.310914,480,0,0.409524,5.16909,1.60714,70.2381
388,0.131955,0.0386,0.0409065,0.00583051,0.160534,480,0,0.409524,10.0112,1.60714,70.2381
389,0.921729,0.0386,0.0237093,0.00583051,0.0930453,480,0,0.409524,17.2727,1.60714,70.2381
390,1.42213,0.0386,0.0195919,0.00583051,0.076887,480,0,0.409524,20.9027,1.60714,70.2381
391,1.12907,0.0386,0.0552726,0.00583051,0.216913,480,0,0.409524,7.40917,1.60714,70.2381
392,0.302445,0.0386,0.0776708,0.00583051,0.304813,480,0,0.409524,5.27256,1.60714,70.2381
393,0.669966,0.0386,0.0101901,0.00583051,0.0399902,480,0,0.409524,40.1884,1.60714,70.2381
394,0.381507,0.0386,0.0152613,0.00583051,0.0598919,480,0,0.409524,26.8341,1.60714,70.2381
395,0.976349,0.0386,0.0410138,0.00583051,0.160955,480,0,0.409524,9.98503,1.60714,70.2381
396,2.01312,0.0386,0.0346355,0.00583051,0.135924,480,0,0.409524,11.8238,1.60714,70.2381
397,1.53593,0.0386,0.0399906,0.00583051,0.15694,480,0,0.409524,10.2405,1.60714,70.2381
398,1.44638,0.0386,0.00950487,0.00583051,0.0373011,480,0,0.409524,43.0857,1.60714,70.2381
399,2.38148,0.0386,0.0127059,0.00583051,0.0498634,480,0,0.409524,32.2309,1.60714,70.2381
400,0.261843,0.0386,0.0190774,0.00583051,0.0748675,480,0,0.409524,21.4665,1.60714,70.2381
401,1.58249,0.0386,0.0630066,0.00583051,0.247264,480,0,0.409524,6.4997,1.60714,70.2381
402,0.683181,0.0386,0.0878868,0.00583051,0.344905,480,0,0.409524,4.65967,1.60714,70.2381
403,0.321294,0.0386,0.0203025,0.00583051,0.0796757,480,0,0.409524,20.1711,1.60714,70.2381
404,1.58119,0.0386,0.044764,0.00583051,0.175673,480,0,0.409524,9.14852,1.60714,70.2381
405,1.04239,0.0386,0.0123616,0.00583051,0.0485122,480,0,0.409524,33.1286,1.60714,70.2381
406,2.93103,0.0386,0.0735259,0.00583051,0.288546,480,0,0.409524,5.56979,1.60714,70.2381
407,1.56233,0.0386,0.0781577,0.00583051,0.306724,480,0,0.409524,5.23971,1.60714,70.2381
408,0.963876,0.0386,0.0735616,0.00583051,0.288687,480,0,0.409524,5.56709,1.60714,70.2381
409,1.54098,0.0386,0.291954,0.00583051,1.14575,480,0,0.409524,1.4027,1.60714,70.2381
410,1.50703,0.0386,0.0301128,0.00583051,0.118175,480,0,0.409524,13.5997,1.60714,70.2381
411,0.393571,0.0386,0.0571539,0.00583051,0.224296,480,0,0.409524,7.16528,1.60714,70.2381
412,1.49511,0.0386,0.0245295,0.00583051,0.0962642,480,0,0.409524,16.6951,1.60714,70.2381
413,0.505864,0.0386,0.0920717,0.00583051,0.361328,480,0,0.409524,4.44788,1.60714,70.2381
414,1.29652,0.0386,0.0286418,0.00583051,0.112402,480,0,0.409524,14.2981,1.60714,70.2381
415,0.104196,0.0386,0.0580685,0.00583051,0.227885,480,0,0.409524,7.05243,1.60714,70.2381
416,1.71744,0.0386,0.0517879,0.00583051,0.203238,480,0,0.409524,7.9077,1.60714,70.2381
417,0.90084,0.0386,0.0346462,0.00583051,0.135966,480,0,0.409524,11.8202,1.60714,70.2381
418,0.727907,0.0386,0.0414831,0.00583051,0.162797,480,0,0.409524,9.87205,1.60714,70.2381
419,0.534027,0.0386,0.0907771,0.00583051,0.356247,480,0,0.409524,4.51131,1.60714,70.2381
420,1.31746,0.0386,0.0299388,0.00583051,0.117492,480,0,0.409524,13.6787,1.60714,70.2381
421,0.503509,0.0386,0.0218101,0.00583051,0.0855919,480,0,0.409524,18.7768,1.60714,70.2381
422,0.131133,0.0386,0.0554139,0.00583051,0.217467,480,0,0.409524,7.39027,1.60714,70.2381
423,1.07689,0.0386,0.046907,0.00583051,0.184083,480,0,0.409524,8.73055,1.60714,70.2381
424,2.17199,0.0386,0.0165679,0.00583051,0.0650195,480,0,0.409524,24.7179,1.60714,70.2381
425,0.737399,0.0386,0.0423791,0.00583051,0.166313,480,0,0.409524,9.66335,1.60714,70.2381
426,1.75615,0.0386,0.0185017,0.00583051,0.0726086,480,0,0.409524,22.1343,1.60714,70.2381
427,0.796688,0.0386,0.105788,0.00583051,0.415157,480,0,0.409524,3.87117,1.60714,70.2381
428,0.699688,0.0386,0.0205898,0.00583051,0.0808031,480,0,0.409524,19.8896,1.60714,70.2381
429,1.62082,0.0386,0.0224537,0.00583051,0.0881177,480,0,0.409524,18.2386,1.60714,70.2381
430,0.76631,0.0386,0.0392561,0.00583051,0.154057,480,0,0.409524,10.4321,1.60714,70.2381
431,1.06532,0.0386,0.0235615,0.00583051,0.0924652,480,0,0.409524,17.3811,1.60714,70.2381
432,1.63112,0.0386,0.0448709,0.00583051,0.176092,480,0,0.409524,9.12671,1.60714,70.2381
433,0.231038,0.0386,0.019188,0.00583051,0.0753018,480,0,0.409524,21.3427,1.60714,70.2381
434,0.575817,0.0386,0.121235,0.00583051,0.475777,480,0,0.409524,3.37794,1.60714,70.2381
435,0.495624,0.0386,0.109866,0.00583051,0.431161,480,0,0.409524,3.72748,1.60714,70.2381
436,1.27236,0.0386,0.0257021,0.00583051,0.100866,480,0,0.409524,15.9335,1.60714,70.2381
437,1.04345,0.0386,0.0607601,0.00583051,0.238448,480,0,0.409524,6.74001,1.60714,70.2381
438,3.01256,0.0386,0.0113696,0.00583051,0.044619,480,0,0.409524,36.0193,1.60714,70.2381
439,0.52243,0.0386,0.00422561,0.00583051,0.016583,480,0,0.409524,96.9148,1.60714,70.2381
440,0.693976,0.0386,0.0167457,0.00583051,0.065717,480,0,0.409524,24.4555,1.60714,70.2381
441,1.26889,0.0386,0.114592,0.00583051,0.449708,480,0,0.409524,3.57375,1.60714,70.2381
442,0.747202,0.0386,0.0208956,0.00583051,0.0820033,480,0,0.409524,19.5985,1.60714,70.2381
443,2.20084,0.0386,0.00428939,0.00583051,0.0168334,480,0,0.409524,95.4736,1.60714,70.2381
444,1.54305,0.0386,0.0113885,0.00583051,0.0446934,480,0,0.409524,35.9593,1.60714,70.2381
445,0.68416,0.0386,0.0187687,0.00583051,0.0736563,480,0,0.409524,21.8195,1.60714,70.2381
446,1.00587,0.0386,0.180876,0.00583051,0.709831,480,0,0.409524,2.26412,1.60714,70.2381
447,1.72496,0.0386,0.076845,0.00583051,0.301572,480,0,0.409524,5.32922,1.60714,70.2381
448,2.63099,0.0386,0.0676857,0.00583051,0.265627,480,0,0.409524,6.05038,1.60714,70.2381
449,0.360969,0.0386,0.0297076,0.00583051,0.116585,480,0,0.409524,13.7852,1.60714,70.2381
450,0.684188,0.0386,0.0434275,0.00583051,0.170428,480,0,0.409524,9.43007,1.60714,70.2381
451,1.09334,0.0386,0.123061,0.00583051,0.482944,480,0,0.409524,3.3278,1.60714,70.2381
452,0.451991,0.0386,0.164218,0.00583051,0.644461,480,0,0.409524,2.49378,1.60714,70.2381
453,0.334757,0.0386,0.0183283,0.00583051,0.0719281,480,0,0.409524,22.3437,1.60714,70.2381
454,0.372546,0.0386,0.0131419,0.00583051,0.0515741,480,0,0.409524,31.1618,1.60714,70.2381
455,0.802439,0.0386,0.080805,0.00583051,0.317112,480,0,0.409524,5.06805,1.60714,70.2381
456,1.93603,0.0386,0.0293958,0.00583051,0.115361,480,0,0.409524,13.9314,1.60714,70.2381
457,1.72469,0.0386,0.100584,0.00583051,0.394733,480,0,0.409524,4.07146,1.60714,70.2381
458,0.515669,0.0386,0.0645208,0.00583051,0.253207,480,0,0.409524,6.34716,1.60714,70.2381
459,0.826007,0.0386,0.00832255,0.00583051,0.0326612,480,0,0.409524,49.2065,1.60714,70.2381
460,1.49751,0.0386,0.00763553,0.00583051,0.029965,480,0,0.409524,53.634,1.60714,70.2381
461,2.31847,0.0386,0.0279532,0.00583051,0.1097,480,0,0.409524,14.6504,1.60714,70.2381
462,2.31557,0.0386,0.055126,0.00583051,0.216337,480,0,0.409524,7.42887,1.60714,70.2381
463,2.50977,0.0386,0.0762048,0.00583051,0.299059,480,0,0.409524,5.37399,1.60714,70.2381
464,1.7558,0.0386,0.00893718,0.00583051,0.0350733,480,0,0.409524,45.8225,1.60714,70.2381
465,1.72345,0.0386,0.0324025,0.00583051,0.127161,480,0,0.409524,12.6386,1.60714,70.2381
466,1.31549,0.0386,0.0150386,0.00583051,0.0590178,480,0,0.409524,27.2315,1.60714,70.2381
467,1.26275,0.0386,0.0478974,0.00583051,0.187969,480,0,0.409524,8.55002,1.60714,70.2381
468,1.32474,0.0386,0.0334262,0.00583051,0.131178,480,0,0.409524,12.2516,1.60714,70.2381
469,0.729571,0.0386,0.350067,0.00583051,1.37381,480,0,0.409524,1.16985,1.60714,70.2381
470,0.133046,0.0386,0.0301101,0.00583051,0.118165,480,0,0.409524,13.6009,1.60714,70.2381
471,1.42965,0.0386,0.0188802,0.00583051,0.074094,480,0,0.409524,21.6906,1.60714,70.2381
472,0.985091,0.0386,0.173012,0.00583051,0.678973,480,0,0.409524,2.36702,1.60714,70.2381
473,0.491381,0.0386,0.0579613,0.00583051,0.227464,480,0,0.409524,7.06547,1.60714,70.2381
474,1.2202,0.0386,0.0260434,0.00583051,0.102205,480,0,0.409524,15.7247,1.60714,70.2381
475,1.09622,0.0386,0.0331611,0.00583051,0.130138,480,0,0.409524,12.3495,1.60714,70.2381
476,1.07779,0.0386,0.0240799,0.00583051,0.0944996,480,0,0.409524,17.0069,1.60714,70.2381
477,1.28778,0.0386,0.0673827,0.00583051,0.264438,480,0,0.409524,6.07758,1.60714,70.2381
478,1.72507,0.0386,0.0181764,0.00583051,0.0713319,480,0,0.409524,22.5305,1.60714,70.2381
479,1.14549,0.0386,0.0143269,0.00583051,0.0562249,480,0,0.409524,28.5842,1.60714,70.2381
480,1.2821,0.0386,0.0395949,0.00583051,0.155387,480,0,0.409524,10.3428,1.60714,70.2381
481,1.75085,0.0386,0.148808,0.00583051,0.583984,480,0,0.409524,2.75203,1.60714,70.2381
482,1.23893,0.0386,0.0505406,0.00583051,0.198342,480,0,0.409524,8.10287,1.60714,70.2381
483,0.561292,0.0386,0.0392424,0.00583051,0.154003,480,0,0.409524,10.4358,1.60714,70.2381
484,1.54039,0.0386,0.0088266,0.00583051,0.0346393,480,0,0.409524,46.3965,1.60714,70.2381
485,1.64722,0.0386,0.0553167,0.00583051,0.217086,480,0,0.409524,7.40326,1.60714,70.2381
486,1.08769,0.0386,0.0931084,0.00583051,0.365396,480,0,0.409524,4.39836,1.60714,70.2381
487,0.615627,0.0386,0.0276322,0.00583051,0.10844,480,0,0.409524,14.8205,1.60714,70.2381
488,0.941079,0.0386,0.0266731,0.00583051,0.104676,480,0,0.409524,15.3534,1.60714,70.2381
489,2.1494,0.0386,0.0163616,0.00583051,0.0642096,480,0,0.409524,25.0296,1.60714,70.2381
490,0.447008,0.0386,0.015692,0.00583051,0.0615821,480,0,0.409524,26.0976,1.60714,70.2381
491,2.12385,0.0386,0.0100624,0.00583051,0.0394892,480,0,0.409524,40.6983,1.60714,70.2381
492,0.257924,0.0386,0.0407761,0.00583051,0.160023,480,0,0.409524,10.0432,1.60714,70.2381
493,0.558822,0.0386,0.0175322,0.00583051,0.0688036,480,0,0.409524,23.3584,1.60714,70.2381
494,0.745006,0.0386,0.000532616,0.00583051,0.00209021,480,0,0.409524,768.891,1.60714,70.2381
495,1.05735,0.0386,0.0319812,0.00583051,0.125508,480,0,0.409524,12.8051,1.60714,70.2381
496,0.35039,0.0386,0.0165717,0.00583051,0.0650341,480,0,0.409524,24.7123,1.60714,70.2381
497,0.829177,0.0386,0.147537,0.00583051,0.578997,480,0,0.409524,2.77574,1.60714,70.2381
498,0.639454,0.0386,0.0047014,0.00583051,0.0184503,480,0,0.409524,87.1068,1.60714,70.2381
499,1.04112,0.0386,0.0462679,0.00583051,0.181575,480,0,0.409524,8.85115,1.60714,70.2381
