PID,i_lum_F1_indiv,i_lum_k12(KA),i_lum_k23(Q/V),i_lum_k32(Q/VP),i_lum_k20(CL/V),total_mg_dose_per_occassion,DS,Q,V,CL,VP
0,0.501473,0.0386,0.024945,0.00583051,0.0978946,360,0,0.245714,9.85024,0.964286,42.1429
1,0.625808,0.0386,0.0131426,0.00583051,0.0515769,360,0,0.245714,18.6961,0.964286,42.1429
2,3.27201,0.0386,0.0527154,0.00583051,0.206877,360,0,0.245714,4.66115,0.964286,42.1429
3,0.611855,0.0386,0.0554753,0.00583051,0.217708,360,0,0.245714,4.42926,0.964286,42.1429
4,1.25023,0.0386,0.0762652,0.00583051,0.299297,360,0,0.245714,3.22184,0.964286,42.1429
5,2.09894,0.0386,0.0117922,0.00583051,0.0462777,360,0,0.245714,20.837,0.964286,42.1429
6,0.806557,0.0386,0.0114292,0.00583051,0.0448528,360,0,0.245714,21.4989,0.964286,42.1429
7,0.783909,0.0386,0.0501153,0.00583051,0.196673,360,0,0.245714,4.90298,0.964286,42.1429
8,1.69627,0.0386,0.062049,0.00583051,0.243506,360,0,0.245714,3.96,0.964286,42.1429
9,2.53151,0.0386,0.0373126,0.00583051,0.14643,360,0,0.245714,6.5853,0.964286,42.1429
10,1.33786,0.0386,0.0291514,0.00583051,0.114402,360,0,0.245714,8.42891,0.964286,42.1429
11,3.09844,0.0386,0.0150843,0.00583051,0.059197,360,0,0.245714,16.2894,0.964286,42.1429
12,0.740575,0.0386,0.199457,0.00583051,0.782754,360,0,0.245714,1.23191,0.964286,42.1429
13,1.11536,0.0386,0.0481812,0.00583051,0.189083,360,0,0.245714,5.09979,0.964286,42.1429
14,0.740048,0.0386,0.0398727,0.00583051,0.156477,360,0,0.245714,6.16247,0.964286,42.1429
15,1.17226,0.0386,0.00535433,0.00583051,0.0210126,360,0,0.245714,45.8908,0.964286,42.1429
16,0.465345,0.0386,0.00571213,0.00583051,0.0224168,360,0,0.245714,43.0162,0.964286,42.1429
17,0.462904,0.0386,0.0443428,0.00583051,0.17402,360,0,0.245714,5.54124,0.964286,42.1429
18,0.520907,0.0386,0.0744769,0.00583051,0.292278,360,0,0.245714,3.2992,0.964286,42.1429
19,0.0827889,0.0386,0.0216325,0.00583051,0.0848952,360,0,0.245714,11.3585,0.964286,42.1429
20,0.666654,0.0386,0.0339206,0.00583051,0.133119,360,0,0.245714,7.24381,0.964286,42.1429
21,0.311375,0.0386,0.027584,0.00583051,0.108251,360,0,0.245714,8.90786,0.964286,42.1429
22,0.382025,0.0386,0.124643,0.00583051,0.489152,360,0,0.245714,1.97134,0.964286,42.1429
23,1.33833,0.0386,0.00349112,0.00583051,0.0137006,360,0,0.245714,70.3827,0.964286,42.1429
24,2.91256,0.0386,0.0024274,0.00583051,0.00952613,360,0,0.245714,101.225,0.964286,42.1429
25,0.321734,0.0386,0.0293058,0.00583051,0.115008,360,0,0.245714,8.3845,0.964286,42.1429
26,0.429107,0.0386,0.0133975,0.00583051,0.0525774,360,0,0.245714,18.3403,0.964286,42.1429
27,0.523339,0.0386,0.00832958,0.00583051,0.0326887,360,0,0.245714,29.499,0.964286,42.1429
28,0.80228,0.0386,0.0616399,0.00583051,0.241901,360,0,0.245714,3.98629,0.964286,42.1429
29,0.529008,0.0386,0.00436896,0.00583051,0.0171456,360,0,0.245714,56.2409,0.964286,42.1429
30,2.13919,0.0386,0.0213302,0.00583051,0.0837086,360,0,0.245714,11.5196,0.964286,42.1429
31,1.64656,0.0386,0.0655102,0.00583051,0.25709,360,0,0.245714,3.75078,0.964286,42.1429
32,1.09426,0.0386,0.0406883,0.00583051,0.159678,360,0,0.245714,6.03895,0.964286,42.1429
33,1.25084,0.0386,0.0526809,0.00583051,0.206742,360,0,0.245714,4.6642,0.964286,42.1429
34,0.403103,0.0386,0.00347024,0.00583051,0.0136187,360,0,0.245714,70.8062,0.964286,42.1429
35,1.59781,0.0386,0.00765787,0.00583051,0.0300527,360,0,0.245714,32.0865,0.964286,42.1429
36,0.390796,0.0386,0.094732,0.00583051,0.371768,360,0,0.245714,2.59378,0.964286,42.1429
37,0.681447,0.0386,0.0117269,0.00583051,0.0460212,360,0,0.245714,20.9531,0.964286,42.1429
38,0.623011,0.0386,0.014593,0.00583051,0.0572689,360,0,0.245714,16.8379,0.964286,42.1429
39,0.844635,0.0386,0.006988,0.00583051,0.0274238,360,0,0.245714,35.1623,0.964286,42.1429
40,0.241739,0.0386,0.00570478,0.00583051,0.0223879,360,0,0.245714,43.0716,0.964286,42.1429
41,0.918478,0.0386,0.00998855,0.00583051,0.0391993,360,0,0.245714,24.5996,0.964286,42.1429
42,2.71792,0.0386,0.0235242,0.00583051,0.0923188,360,0,0.245714,10.4452,0.964286,42.1429
43,0.426971,0.0386,0.0232165,0.00583051,0.0911112,360,0,0.245714,10.5836,0.964286,42.1429
44,1.85775,0.0386,0.0142711,0.00583051,0.0560059,360,0,0.245714,17.2176,0.964286,42.1429
45,0.522478,0.0386,0.0239103,0.00583051,0.0938339,360,0,0.245714,10.2765,0.964286,42.1429
46,0.412551,0.0386,0.00963844,0.00583051,0.0378253,360,0,0.245714,25.4932,0.964286,42.1429
47,0.300531,0.0386,0.0161509,0.00583051,0.0633828,360,0,0.245714,15.2137,0.964286,42.1429
48,1.36623,0.0386,0.0186246,0.00583051,0.0730905,360,0,0.245714,13.193,0.964286,42.1429
49,0.56982,0.0386,0.0319548,0.00583051,0.125404,360,0,0.245714,7.68944,0.964286,42.1429
50,1.10668,0.0386,0.0191223,0.00583051,0.075044,360,0,0.245714,12.8496,0.964286,42.1429
51,2.72125,0.0386,0.0576436,0.00583051,0.226218,360,0,0.245714,4.26264,0.964286,42.1429
52,1.04909,0.0386,0.0171111,0.00583051,0.0671512,360,0,0.245714,14.3599,0.964286,42.1429
53,0.285836,0.0386,0.00682084,0.00583051,0.0267678,360,0,0.245714,36.0241,0.964286,42.1429
54,0.49433,0.0386,0.0509532,0.00583051,0.199961,360,0,0.245714,4.82236,0.964286,42.1429
55,1.21871,0.0386,0.00721718,0.00583051,0.0283232,360,0,0.245714,34.0458,0.964286,42.1429
56,0.41059,0.0386,0.212383,0.00583051,0.833478,360,0,0.245714,1.15694,0.964286,42.1429
57,0.654799,0.0386,0.015924,0.00583051,0.0624923,360,0,0.245714,15.4305,0.964286,42.1429
58,0.616214,0.0386,0.0284334,0.00583051,0.111585,360,0,0.245714,8.64174,0.964286,42.1429
59,1.31104,0.0386,0.00188863,0.00583051,0.00741176,360,0,0.245714,130.102,0.964286,42.1429
60,1.18127,0.0386,0.0509706,0.00583051,0.20003,360,0,0.245714,4.82071,0.964286,42.1429
61,0.982356,0.0386,0.0317334,0.00583051,0.124535,360,0,0.245714,7.74309,0.964286,42.1429
62,0.806794,0.0386,0.0980322,0.00583051,0.38472,360,0,0.245714,2.50646,0.964286,42.1429
63,0.708759,0.0386,0.0306749,0.00583051,0.120381,360,0,0.245714,8.01026,0.964286,42.1429
64,2.7408,0.0386,0.0174255,0.00583051,0.0683851,360,0,0.245714,14.1008,0.964286,42.1429
65,2.2766,0.0386,0.124703,0.00583051,0.489387,360,0,0.245714,1.9704,0.964286,42.1429
66,0.203479,0.0386,0.030322,0.00583051,0.118996,360,0,0.245714,8.1035,0.964286,42.1429
67,2.4031,0.0386,0.0276211,0.00583051,0.108397,360,0,0.245714,8.8959,0.964286,42.1429
68,0.441694,0.0386,0.211005,0.00583051,0.828072,360,0,0.245714,1.16449,0.964286,42.1429
69,1.11895,0.0386,0.0219636,0.00583051,0.0861943,360,0,0.245714,11.1873,0.964286,42.1429
70,1.13447,0.0386,0.0779159,0.00583051,0.305774,360,0,0.245714,3.15358,0.964286,42.1429
71,0.715013,0.0386,0.0105965,0.00583051,0.0415849,360,0,0.245714,23.1884,0.964286,42.1429
72,1.11083,0.0386,0.01143,0.00583051,0.0448562,360,0,0.245714,21.4973,0.964286,42.1429
73,0.410565,0.0386,0.020366,0.00583051,0.0799246,360,0,0.245714,12.0649,0.964286,42.1429
74,0.987819,0.0386,0.0333314,0.00583051,0.130807,360,0,0.245714,7.37185,0.964286,42.1429
75,1.36868,0.0386,0.0199115,0.00583051,0.0781409,360,0,0.245714,12.3403,0.964286,42.1429
76,0.704254,0.0386,0.00530726,0.00583051,0.0208279,360,0,0.245714,46.2977,0.964286,42.1429
77,0.578036,0.0386,0.129302,0.00583051,0.507436,360,0,0.245714,1.90031,0.964286,42.1429
78,2.8745,0.0386,0.0297035,0.00583051,0.116569,360,0,0.245714,8.27224,0.964286,42.1429
79,1.06793,0.0386,0.0291853,0.00583051,0.114535,360,0,0.245714,8.41912,0.964286,42.1429
80,2.74128,0.0386,0.0217636,0.00583051,0.0854094,360,0,0.245714,11.2902,0.964286,42.1429
81,0.761956,0.0386,0.0144985,0.00583051,0.0568982,360,0,0.245714,16.9476,0.964286,42.1429
82,1.06271,0.0386,0.0119892,0.00583051,0.0470508,360,0,0.245714,20.4946,0.964286,42.1429
83,1.61566,0.0386,0.0222625,0.00583051,0.0873675,360,0,0.245714,11.0371,0.964286,42.1429
84,1.06985,0.0386,0.0480031,0.00583051,0.188384,360,0,0.245714,5.11871,0.964286,42.1429
85,1.08027,0.0386,0.000667828,0.00583051,0.00262084,360,0,0.245714,367.93,0.964286,42.1429
86,0.485079,0.0386,0.067587,0.00583051,0.26524,360,0,0.245714,3.63553,0.964286,42.1429
87,0.456278,0.0386,0.0110723,0.00583051,0.0434522,360,0,0.245714,22.1919,0.964286,42.1429
88,1.225,0.0386,0.0196143,0.00583051,0.0769749,360,0,0.245714,12.5273,0.964286,42.1429
89,0.215386,0.0386,0.00853766,0.00583051,0.0335054,360,0,0.245714,28.78,0.964286,42.1429
90,0.278905,0.0386,0.0091087,0.00583051,0.0357464,360,0,0.245714,26.9758,0.964286,42.1429
91,0.806463,0.0386,0.00775971,0.00583051,0.0304524,360,0,0.245714,31.6654,0.964286,42.1429
92,0.956,0.0386,0.0349051,0.00583051,0.136982,360,0,0.245714,7.0395,0.964286,42.1429
93,0.38574,0.0386,0.0108383,0.00583051,0.0425339,360,0,0.245714,22.671,0.964286,42.1429
94,0.854471,0.0386,0.044209,0.00583051,0.173495,360,0,0.245714,5.55802,0.964286,42.1429
95,0.337228,0.0386,0.055855,0.00583051,0.219199,360,0,0.245714,4.39914,0.964286,42.1429
96,0.336182,0.0386,0.00431979,0.00583051,0.0169527,360,0,0.245714,56.8811,0.964286,42.1429
97,0.658134,0.0386,0.00776354,0.00583051,0.0304674,360,0,0.245714,31.6498,0.964286,42.1429
98,0.736989,0.0386,0.00733913,0.00583051,0.0288018,360,0,0.245714,33.48,0.964286,42.1429
99,1.36552,0.0386,0.113781,0.00583051,0.446524,360,0,0.245714,2.15954,0.964286,42.1429
100,0.943857,0.0386,0.0846468,0.00583051,0.33219,360,0,0.245714,2.90282,0.964286,42.1429
101,0.689105,0.0386,0.00593258,0.00583051,0.0232819,360,0,0.245714,41.4178,0.964286,42.1429
102,2.3817,0.0386,0.0079278,0.00583051,0.031112,360,0,0.245714,30.994,0.964286,42.1429
103,1.51256,0.0386,0.0373262,0.00583051,0.146484,360,0,0.245714,6.5829,0.964286,42.1429
104,1.95535,0.0386,0.203345,0.00583051,0.798013,360,0,0.245714,1.20836,0.964286,42.1429
105,0.550328,0.0386,0.0616122,0.00583051,0.241792,360,0,0.245714,3.98808,0.964286,42.1429
106,0.501741,0.0386,0.118769,0.00583051,0.4661,360,0,0.245714,2.06884,0.964286,42.1429
107,0.906865,0.0386,0.136756,0.00583051,0.536689,360,0,0.245714,1.79673,0.964286,42.1429
108,2.7245,0.0386,0.0295541,0.00583051,0.115983,360,0,0.245714,8.31405,0.964286,42.1429
109,1.30021,0.0386,0.113025,0.00583051,0.443559,360,0,0.245714,2.17398,0.964286,42.1429
110,0.561259,0.0386,0.0639627,0.00583051,0.251017,360,0,0.245714,3.84152,0.964286,42.1429
111,1.52948,0.0386,0.141349,0.00583051,0.554712,360,0,0.245714,1.73835,0.964286,42.1429
112,0.38956,0.0386,0.0160345,0.00583051,0.062926,360,0,0.245714,15.3241,0.964286,42.1429
113,0.260239,0.0386,0.0607281,0.00583051,0.238323,360,0,0.245714,4.04614,0.964286,42.1429
114,0.345034,0.0386,0.0190828,0.00583051,0.074889,360,0,0.245714,12.8762,0.964286,42.1429
115,0.321815,0.0386,0.026476,0.00583051,0.103903,360,0,0.245714,9.28064,0.964286,42.1429
116,1.04276,0.0386,0.0429082,0.00583051,0.16839,360,0,0.245714,5.72652,0.964286,42.1429
117,0.98204,0.0386,0.185361,0.00583051,0.727433,360,0,0.245714,1.3256,0.964286,42.1429
118,2.04427,0.0386,0.274719,0.00583051,1.07811,360,0,0.245714,0.89442,0.964286,42.1429
119,0.537635,0.0386,0.0278775,0.00583051,0.109403,360,0,0.245714,8.81407,0.964286,42.1429
120,0.926982,0.0386,0.0346433,0.00583051,0.135955,360,0,0.245714,7.0927,0.964286,42.1429
121,1.37685,0.0386,0.00235651,0.00583051,0.00924794,360,0,0.245714,104.27,0.964286,42.1429
122,2.20294,0.0386,0.101836,0.00583051,0.399646,360,0,0.245714,2.41285,0.964286,42.1429
123,1.15146,0.0386,0.0659189,0.00583051,0.258693,360,0,0.245714,3.72753,0.964286,42.1429
124,0.615025,0.0386,0.0375349,0.00583051,0.147303,360,0,0.245714,6.54628,0.964286,42.1429
125,1.78093,0.0386,0.0367625,0.00583051,0.144272,360,0,0.245714,6.68382,0.964286,42.1429
126,2.40898,0.0386,0.0224272,0.00583051,0.0880136,360,0,0.245714,10.9561,0.964286,42.1429
127,1.3662,0.0386,0.191984,0.00583051,0.753424,360,0,0.245714,1.27987,0.964286,42.1429
128,0.458385,0.0386,0.0207194,0.00583051,0.0813114,360,0,0.245714,11.8592,0.964286,42.1429
129,1.25191,0.0386,0.00845568,0.00583051,0.0331836,360,0,0.245714,29.0591,0.964286,42.1429
130,1.17216,0.0386,0.0937856,0.00583051,0.368054,360,0,0.245714,2.61996,0.964286,42.1429
131,1.8762,0.0386,0.00648056,0.00583051,0.0254324,360,0,0.245714,37.9156,0.964286,42.1429
132,1.68456,0.0386,0.023844,0.00583051,0.093574,360,0,0.245714,10.3051,0.964286,42.1429
133,0.93863,0.0386,0.302161,0.00583051,1.18581,360,0,0.245714,0.81319,0.964286,42.1429
134,0.266015,0.0386,0.0363349,0.00583051,0.142593,360,0,0.245714,6.7625,0.964286,42.1429
135,0.489789,0.0386,0.0302037,0.00583051,0.118532,360,0,0.245714,8.13523,0.964286,42.1429
136,1.10194,0.0386,0.0336074,0.00583051,0.131889,360,0,0.245714,7.31132,0.964286,42.1429
137,1.70315,0.0386,0.00406474,0.00583051,0.0159517,360,0,0.245714,60.4502,0.964286,42.1429
138,0.492065,0.0386,0.043475,0.00583051,0.170614,360,0,0.245714,5.65185,0.964286,42.1429
139,0.730612,0.0386,0.0216717,0.00583051,0.0850488,360,0,0.245714,11.338,0.964286,42.1429
140,0.698137,0.0386,0.0891566,0.00583051,0.349888,360,0,0.245714,2.75598,0.964286,42.1429
141,0.662841,0.0386,0.144721,0.00583051,0.567947,360,0,0.245714,1.69784,0.964286,42.1429
142,0.816583,0.0386,0.0251803,0.00583051,0.098818,360,0,0.245714,9.7582,0.964286,42.1429
143,1.35364,0.0386,0.0413394,0.00583051,0.162233,360,0,0.245714,5.94383,0.964286,42.1429
144,0.706383,0.0386,0.0583849,0.00583051,0.229127,360,0,0.245714,4.20853,0.964286,42.1429
145,1.33522,0.0386,0.040298,0.00583051,0.158146,360,0,0.245714,6.09744,0.964286,42.1429
146,2.02449,0.0386,0.0216287,0.00583051,0.0848799,360,0,0.245714,11.3606,0.964286,42.1429
147,1.42783,0.0386,0.0453876,0.00583051,0.17812,360,0,0.245714,5.41369,0.964286,42.1429
148,2.44421,0.0386,0.00557179,0.00583051,0.0218661,360,0,0.245714,44.0997,0.964286,42.1429
149,0.283887,0.0386,0.0515995,0.00583051,0.202498,360,0,0.245714,4.76195,0.964286,42.1429
150,1.07412,0.0386,0.0406543,0.00583051,0.159545,360,0,0.245714,6.04399,0.964286,42.1429
151,2.26301,0.0386,0.0021716,0.00583051,0.00852228,360,0,0.245714,113.149,0.964286,42.1429
152,0.747728,0.0386,0.0222002,0.00583051,0.0871229,360,0,0.245714,11.0681,0.964286,42.1429
153,0.710087,0.0386,0.0837237,0.00583051,0.328567,360,0,0.245714,2.93482,0.964286,42.1429
154,1.4977,0.0386,0.0094985,0.00583051,0.0372761,360,0,0.245714,25.8688,0.964286,42.1429
155,3.0341,0.0386,0.0148472,0.00583051,0.0582666,360,0,0.245714,16.5495,0.964286,42.1429
156,1.39588,0.0386,0.0699482,0.00583051,0.274506,360,0,0.245714,3.5128,0.964286,42.1429
157,1.61045,0.0386,0.0486646,0.00583051,0.19098,360,0,0.245714,5.04914,0.964286,42.1429
158,1.86299,0.0386,0.0578467,0.00583051,0.227015,360,0,0.245714,4.24768,0.964286,42.1429
159,0.79283,0.0386,0.151051,0.00583051,0.592787,360,0,0.245714,1.6267,0.964286,42.1429
160,0.37493,0.0386,0.0137242,0.00583051,0.0538594,360,0,0.245714,17.9038,0.964286,42.1429
161,1.64887,0.0386,0.023814,0.00583051,0.093456,360,0,0.245714,10.3181,0.964286,42.1429
162,0.89543,0.0386,0.010716,0.00583051,0.042054,360,0,0.245714,22.9297,0.964286,42.1429
163,0.696049,0.0386,0.0964047,0.00583051,0.378332,360,0,0.245714,2.54878,0.964286,42.1429
164,1.66588,0.0386,0.0355786,0.00583051,0.139625,360,0,0.245714,6.90625,0.964286,42.1429
165,0.42052,0.0386,0.0109299,0.00583051,0.0428934,360,0,0.245714,22.481,0.964286,42.1429
166,1.13486,0.0386,0.103973,0.00583051,0.408034,360,0,0.245714,2.36325,0.964286,42.1429
167,0.240524,0.0386,0.0204183,0.00583051,0.0801298,360,0,0.245714,12.034,0.964286,42.1429
168,1.0947,0.0386,0.0172785,0.00583051,0.0678079,360,0,0.245714,14.2208,0.964286,42.1429
169,0.828658,0.0386,0.0466723,0.00583051,0.183162,360,0,0.245714,5.26467,0.964286,42.1429
170,1.4166,0.0386,0.0227575,0.00583051,0.0893101,360,0,0.245714,10.7971,0.964286,42.1429
171,2.81605,0.0386,0.0183896,0.00583051,0.0721687,360,0,0.245714,13.3616,0.964286,42.1429
172,0.818757,0.0386,0.0381398,0.00583051,0.149677,360,0,0.245714,6.44246,0.964286,42.1429
173,0.637818,0.0386,0.0105523,0.00583051,0.0414117,360,0,0.245714,23.2854,0.964286,42.1429
174,1.31371,0.0386,0.00518145,0.00583051,0.0203342,360,0,0.245714,47.4219,0.964286,42.1429
175,0.720266,0.0386,0.061873,0.00583051,0.242815,360,0,0.245714,3.97127,0.964286,42.1429
176,0.364255,0.0386,0.062816,0.00583051,0.246516,360,0,0.245714,3.91165,0.964286,42.1429
177,1.39303,0.0386,0.10943,0.00583051,0.429448,360,0,0.245714,2.2454,0.964286,42.1429
178,1.72814,0.0386,0.00331549,0.00583051,0.0130114,360,0,0.245714,74.111,0.964286,42.1429
179,0.983752,0.0386,0.0381807,0.00583051,0.149837,360,0,0.245714,6.43557,0.964286,42.1429
180,0.211542,0.0386,0.000666138,0.00583051,0.00261421,360,0,0.245714,368.864,0.964286,42.1429
181,0.188519,0.0386,0.0102486,0.00583051,0.0402196,360,0,0.245714,23.9755,0.964286,42.1429
182,0.319084,0.0386,0.0326375,0.00583051,0.128083,360,0,0.245714,7.52859,0.964286,42.1429
183,1.07031,0.0386,0.0604701,0.00583051,0.23731,360,0,0.245714,4.0634,0.964286,42.1429
184,1.67242,0.0386,0.0530507,0.00583051,0.208193,360,0,0.245714,4.63168,0.964286,42.1429
185,1.21892,0.0386,0.0358442,0.00583051,0.140668,360,0,0.245714,6.85506,0.964286,42.1429
186,1.82745,0.0386,0.0103483,0.00583051,0.0406109,360,0,0.245714,23.7445,0.964286,42.1429
187,1.30708,0.0386,0.172938,0.00583051,0.678682,360,0,0.245714,1.42082,0.964286,42.1429
188,2.04312,0.0386,0.0222921,0.00583051,0.0874834,360,0,0.245714,11.0225,0.964286,42.1429
189,0.821969,0.0386,0.0608342,0.00583051,0.238739,360,0,0.245714,4.03908,0.964286,42.1429
190,0.421703,0.0386,0.0069779,0.00583051,0.0273842,360,0,0.245714,35.2132,0.964286,42.1429
191,0.235881,0.0386,0.0213947,0.00583051,0.0839616,360,0,0.245714,11.4848,0.964286,42.1429
192,0.298347,0.0386,0.0292803,0.00583051,0.114908,360,0,0.245714,8.39178,0.964286,42.1429
193,2.06104,0.0386,0.12007,0.00583051,0.471206,360,0,0.245714,2.04642,0.964286,42.1429
194,0.621001,0.0386,0.0344954,0.00583051,0.135375,360,0,0.245714,7.12309,0.964286,42.1429
195,0.860731,0.0386,0.00530573,0.00583051,0.0208219,360,0,0.245714,46.3111,0.964286,42.1429
196,1.89305,0.0386,0.0625153,0.00583051,0.245336,360,0,0.245714,3.93047,0.964286,42.1429
197,1.53183,0.0386,0.044409,0.00583051,0.174279,360,0,0.245714,5.53299,0.964286,42.1429
198,1.30427,0.0386,0.0486925,0.00583051,0.19109,360,0,0.245714,5.04624,0.964286,42.1429
199,1.26552,0.0386,0.0169649,0.00583051,0.0665773,360,0,0.245714,14.4837,0.964286,42.1429
200,0.508969,0.0386,0.144408,0.00583051,0.566718,360,0,0.245714,1.70153,0.964286,42.1429
201,1.26219,0.0386,0.0742817,0.00583051,0.291513,360,0,0.245714,3.30787,0.964286,42.1429
202,1.18039,0.0386,0.0532799,0.00583051,0.209093,360,0,0.245714,4.61176,0.964286,42.1429
203,0.679525,0.0386,0.0385095,0.00583051,0.151127,360,0,0.245714,6.38062,0.964286,42.1429
204,0.803926,0.0386,0.0187774,0.00583051,0.0736902,360,0,0.245714,13.0857,0.964286,42.1429
205,2.34565,0.0386,0.0585277,0.00583051,0.229687,360,0,0.245714,4.19826,0.964286,42.1429
206,0.79679,0.0386,0.0352612,0.00583051,0.13838,360,0,0.245714,6.9684,0.964286,42.1429
207,0.726262,0.0386,0.0470729,0.00583051,0.184734,360,0,0.245714,5.21987,0.964286,42.1429
208,0.688176,0.0386,0.0126148,0.00583051,0.0495058,360,0,0.245714,19.4782,0.964286,42.1429
209,1.55561,0.0386,0.0647157,0.00583051,0.253971,360,0,0.245714,3.79683,0.964286,42.1429
210,3.74962,0.0386,0.079818,0.00583051,0.313239,360,0,0.245714,3.07843,0.964286,42.1429
211,2.1663,0.0386,0.0227258,0.00583051,0.0891857,360,0,0.245714,10.8121,0.964286,42.1429
212,0.489687,0.0386,0.0139547,0.00583051,0.0547641,360,0,0.245714,17.608,0.964286,42.1429
213,0.58334,0.0386,0.166337,0.00583051,0.652775,360,0,0.245714,1.47721,0.964286,42.1429
214,3.34442,0.0386,0.00746513,0.00583051,0.0292963,360,0,0.245714,32.9149,0.964286,42.1429
215,0.918074,0.0386,0.0285348,0.00583051,0.111982,360,0,0.245714,8.61104,0.964286,42.1429
216,0.308021,0.0386,0.00783361,0.00583051,0.0307424,360,0,0.245714,31.3667,0.964286,42.1429
217,0.930692,0.0386,0.0337007,0.00583051,0.132256,360,0,0.245714,7.29107,0.964286,42.1429
218,0.322142,0.0386,0.274881,0.00583051,1.07875,360,0,0.245714,0.893893,0.964286,42.1429
219,1.92139,0.0386,0.120514,0.00583051,0.472947,360,0,0.245714,2.03889,0.964286,42.1429
220,1.85799,0.0386,0.0207332,0.00583051,0.0813659,360,0,0.245714,11.8512,0.964286,42.1429
221,0.28219,0.0386,0.0861614,0.00583051,0.338133,360,0,0.245714,2.85179,0.964286,42.1429
222,0.713745,0.0386,0.053918,0.00583051,0.211597,360,0,0.245714,4.55718,0.964286,42.1429
223,1.5049,0.0386,0.0310211,0.00583051,0.12174,360,0,0.245714,7.92087,0.964286,42.1429
224,1.20404,0.0386,0.0016134,0.00583051,0.00633167,360,0,0.245714,152.296,0.964286,42.1429
225,1.60367,0.0386,0.0511607,0.00583051,0.200776,360,0,0.245714,4.80279,0.964286,42.1429
226,1.36822,0.0386,0.020777,0.00583051,0.0815375,360,0,0.245714,11.8263,0.964286,42.1429
227,1.63319,0.0386,0.0162338,0.00583051,0.063708,360,0,0.245714,15.136,0.964286,42.1429
228,0.435247,0.0386,0.0845118,0.00583051,0.33166,360,0,0.245714,2.90745,0.964286,42.1429
229,0.7447,0.0386,0.0386605,0.00583051,0.15172,360,0,0.245714,6.35569,0.964286,42.1429
230,2.21079,0.0386,0.0216662,0.00583051,0.0850271,360,0,0.245714,11.3409,0.964286,42.1429
231,0.754093,0.0386,0.0141413,0.00583051,0.0554964,360,0,0.245714,17.3756,0.964286,42.1429
232,0.502393,0.0386,0.00941307,0.00583051,0.0369408,360,0,0.245714,26.1035,0.964286,42.1429
233,1.24828,0.0386,0.0640005,0.00583051,0.251165,360,0,0.245714,3.83925,0.964286,42.1429
234,0.479101,0.0386,0.0404686,0.00583051,0.158816,360,0,0.245714,6.07173,0.964286,42.1429
235,2.14365,0.0386,0.0306921,0.00583051,0.120449,360,0,0.245714,8.00579,0.964286,42.1429
236,1.43848,0.0386,0.00876712,0.00583051,0.0344058,360,0,0.245714,28.0268,0.964286,42.1429
237,1.272,0.0386,0.0449894,0.00583051,0.176557,360,0,0.245714,5.4616,0.964286,42.1429
238,0.618142,0.0386,0.0335889,0.00583051,0.131817,360,0,0.245714,7.31534,0.964286,42.1429
239,1.68229,0.0386,0.00569727,0.00583051,0.0223585,360,0,0.245714,43.1284,0.964286,42.1429
240,2.66521,0.0386,0.0260511,0.00583051,0.102235,360,0,0.245714,9.43202,0.964286,42.1429
241,1.09543,0.0386,0.0186834,0.00583051,0.0733217,360,0,0.245714,13.1514,0.964286,42.1429
242,0.800044,0.0386,0.0206979,0.00583051,0.081227,360,0,0.245714,11.8715,0.964286,42.1429
243,0.0439856,0.0386,0.0802754,0.00583051,0.315034,360,0,0.245714,3.06089,0.964286,42.1429
244,0.857619,0.0386,0.0157427,0.00583051,0.061781,360,0,0.245714,15.6081,0.964286,42.1429
245,1.56341,0.0386,0.00348596,0.00583051,0.0136804,360,0,0.245714,70.4868,0.964286,42.1429
246,1.19578,0.0386,0.0549027,0.00583051,0.215461,360,0,0.245714,4.47545,0.964286,42.1429
247,0.995837,0.0386,0.0475335,0.00583051,0.186541,360,0,0.245714,5.16929,0.964286,42.1429
248,0.435961,0.0386,0.0172765,0.00583051,0.0678001,360,0,0.245714,14.2225,0.964286,42.1429
249,0.797915,0.0386,0.0251538,0.00583051,0.0987141,360,0,0.245714,9.76847,0.964286,42.1429
250,1.6109,0.0386,0.0691794,0.00583051,0.271489,360,0,0.245714,3.55184,0.964286,42.1429
251,0.501682,0.0386,0.0456782,0.00583051,0.17926,360,0,0.245714,5.37925,0.964286,42.1429
252,0.610103,0.0386,0.0340978,0.00583051,0.133814,360,0,0.245714,7.20616,0.964286,42.1429
253,0.676683,0.0386,0.138977,0.00583051,0.545405,360,0,0.245714,1.76802,0.964286,42.1429
254,0.398047,0.0386,0.00565702,0.00583051,0.0222005,360,0,0.245714,43.4353,0.964286,42.1429
255,1.43098,0.0386,0.0481783,0.00583051,0.189072,360,0,0.245714,5.1001,0.964286,42.1429
256,0.682594,0.0386,0.00713326,0.00583051,0.0279939,360,0,0.245714,34.4463,0.964286,42.1429
257,1.18263,0.0386,0.0233059,0.00583051,0.0914622,360,0,0.245714,10.543,0.964286,42.1429
258,0.73774,0.0386,0.0288199,0.00583051,0.113101,360,0,0.245714,8.52586,0.964286,42.1429
259,0.880336,0.0386,0.00351541,0.00583051,0.013796,360,0,0.245714,69.8963,0.964286,42.1429
260,0.71905,0.0386,0.228162,0.00583051,0.895402,360,0,0.245714,1.07693,0.964286,42.1429
261,0.142466,0.0386,0.00983353,0.00583051,0.0385909,360,0,0.245714,24.9874,0.964286,42.1429
262,0.775346,0.0386,0.103055,0.00583051,0.404432,360,0,0.245714,2.3843,0.964286,42.1429
263,1.08005,0.0386,0.0355637,0.00583051,0.139567,360,0,0.245714,6.90912,0.964286,42.1429
264,2.72235,0.0386,0.0432655,0.00583051,0.169792,360,0,0.245714,5.67921,0.964286,42.1429
265,2.83759,0.0386,0.0386098,0.00583051,0.151521,360,0,0.245714,6.36404,0.964286,42.1429
266,0.410904,0.0386,0.0440981,0.00583051,0.17306,360,0,0.245714,5.57199,0.964286,42.1429
267,1.93944,0.0386,0.0472728,0.00583051,0.185518,360,0,0.245714,5.19779,0.964286,42.1429
268,0.752263,0.0386,0.136746,0.00583051,0.53665,360,0,0.245714,1.79686,0.964286,42.1429
269,1.33295,0.0386,0.0460449,0.00583051,0.180699,360,0,0.245714,5.33641,0.964286,42.1429
270,1.34709,0.0386,0.0441203,0.00583051,0.173146,360,0,0.245714,5.56919,0.964286,42.1429
271,1.79183,0.0386,0.0231443,0.00583051,0.090828,360,0,0.245714,10.6166,0.964286,42.1429
272,0.604955,0.0386,0.108033,0.00583051,0.423966,360,0,0.245714,2.27444,0.964286,42.1429
273,2.36358,0.0386,0.470516,0.00583051,1.8465,360,0,0.245714,0.522223,0.964286,42.1429
274,1.52346,0.0386,0.0143756,0.00583051,0.056416,360,0,0.245714,17.0924,0.964286,42.1429
275,1.27507,0.0386,0.0308189,0.00583051,0.120946,360,0,0.245714,7.97285,0.964286,42.1429
276,1.37625,0.0386,0.0389902,0.00583051,0.153014,360,0,0.245714,6.30196,0.964286,42.1429
277,1.76321,0.0386,0.0831913,0.00583051,0.326478,360,0,0.245714,2.9536,0.964286,42.1429
278,1.15292,0.0386,0.0435926,0.00583051,0.171076,360,0,0.245714,5.6366,0.964286,42.1429
279,0.475481,0.0386,0.18267,0.00583051,0.716873,360,0,0.245714,1.34513,0.964286,42.1429
280,0.764177,0.0386,0.0252522,0.00583051,0.0991004,360,0,0.245714,9.73039,0.964286,42.1429
281,0.273993,0.0386,0.342334,0.00583051,1.34346,360,0,0.245714,0.717761,0.964286,42.1429
282,0.645566,0.0386,0.0176638,0.00583051,0.06932,360,0,0.245714,13.9106,0.964286,42.1429
283,1.14128,0.0386,0.0115574,0.00583051,0.0453562,360,0,0.245714,21.2603,0.964286,42.1429
284,1.36909,0.0386,0.0445955,0.00583051,0.175011,360,0,0.245714,5.50985,0.964286,42.1429
285,0.651286,0.0386,0.144188,0.00583051,0.565852,360,0,0.245714,1.70413,0.964286,42.1429
286,1.26493,0.0386,0.0497693,0.00583051,0.195315,360,0,0.245714,4.93707,0.964286,42.1429
287,1.10657,0.0386,0.0282165,0.00583051,0.110733,360,0,0.245714,8.70818,0.964286,42.1429
288,0.41927,0.0386,0.013694,0.00583051,0.0537412,360,0,0.245714,17.9431,0.964286,42.1429
289,1.96379,0.0386,0.0242658,0.00583051,0.095229,360,0,0.245714,10.126,0.964286,42.1429
290,1.81361,0.0386,0.27124,0.00583051,1.06446,360,0,0.245714,0.905894,0.964286,42.1429
291,0.931081,0.0386,0.00365676,0.00583051,0.0143506,360,0,0.245714,67.1946,0.964286,42.1429
292,0.347029,0.0386,0.00602734,0.00583051,0.0236538,360,0,0.245714,40.7666,0.964286,42.1429
293,0.492178,0.0386,0.0227234,0.00583051,0.0891762,360,0,0.245714,10.8133,0.964286,42.1429
294,1.29006,0.0386,0.0137896,0.00583051,0.0541162,360,0,0.245714,17.8188,0.964286,42.1429
295,0.412214,0.0386,0.0256827,0.00583051,0.10079,360,0,0.245714,9.5673,0.964286,42.1429
296,0.108071,0.0386,0.0282501,0.00583051,0.110865,360,0,0.245714,8.69783,0.964286,42.1429
297,0.16151,0.0386,0.0367306,0.00583051,0.144146,360,0,0.245714,6.68963,0.964286,42.1429
298,1.46446,0.0386,0.114385,0.00583051,0.448896,360,0,0.245714,2.14812,0.964286,42.1429
299,1.44737,0.0386,0.108548,0.00583051,0.425989,360,0,0.245714,2.26364,0.964286,42.1429
300,0.725445,0.0386,0.0285679,0.00583051,0.112113,360,0,0.245714,8.60105,0.964286,42.1429
301,0.248727,0.0386,0.00869465,0.00583051,0.0341215,360,0,0.245714,28.2604,0.964286,42.1429
302,0.827115,0.0386,0.0347462,0.00583051,0.136359,360,0,0.245714,7.07168,0.964286,42.1429
303,0.836201,0.0386,0.00526601,0.00583051,0.020666,360,0,0.245714,46.6604,0.964286,42.1429
304,1.1156,0.0386,0.0233652,0.00583051,0.091695,360,0,0.245714,10.5162,0.964286,42.1429
305,1.68467,0.0386,0.013693,0.00583051,0.0537369,360,0,0.245714,17.9446,0.964286,42.1429
306,1.3427,0.0386,0.0271362,0.00583051,0.106494,360,0,0.245714,9.05485,0.964286,42.1429
307,0.360626,0.0386,0.0390494,0.00583051,0.153246,360,0,0.245714,6.29239,0.964286,42.1429
308,2.11843,0.0386,0.0104975,0.00583051,0.0411968,360,0,0.245714,23.4068,0.964286,42.1429
309,0.67569,0.0386,0.0252223,0.00583051,0.0989828,360,0,0.245714,9.74195,0.964286,42.1429
310,0.764014,0.0386,0.0470588,0.00583051,0.184678,360,0,0.245714,5.22143,0.964286,42.1429
311,0.408182,0.0386,0.0281889,0.00583051,0.110625,360,0,0.245714,8.71672,0.964286,42.1429
312,0.534808,0.0386,0.0855997,0.00583051,0.335929,360,0,0.245714,2.87051,0.964286,42.1429
313,1.26271,0.0386,0.119333,0.00583051,0.468313,360,0,0.245714,2.05906,0.964286,42.1429
314,0.467856,0.0386,0.0827119,0.00583051,0.324596,360,0,0.245714,2.97072,0.964286,42.1429
315,1.02379,0.0386,0.11176,0.00583051,0.438594,360,0,0.245714,2.19859,0.964286,42.1429
316,0.579834,0.0386,0.018995,0.00583051,0.0745443,360,0,0.245714,12.9357,0.964286,42.1429
317,0.607267,0.0386,0.0213043,0.00583051,0.083607,360,0,0.245714,11.5335,0.964286,42.1429
318,0.711619,0.0386,0.0229598,0.00583051,0.0901037,360,0,0.245714,10.702,0.964286,42.1429
319,0.547871,0.0386,0.0638537,0.00583051,0.250589,360,0,0.245714,3.84808,0.964286,42.1429
320,0.0642866,0.0386,0.0463871,0.00583051,0.182043,360,0,0.245714,5.29704,0.964286,42.1429
321,0.869762,0.0386,0.0697004,0.00583051,0.273533,360,0,0.245714,3.52529,0.964286,42.1429
322,1.40987,0.0386,0.0355062,0.00583051,0.139341,360,0,0.245714,6.92033,0.964286,42.1429
323,1.28446,0.0386,0.0349179,0.00583051,0.137033,360,0,0.245714,7.03691,0.964286,42.1429
324,0.888104,0.0386,0.027288,0.00583051,0.107089,360,0,0.245714,9.00449,0.964286,42.1429
325,1.0177,0.0386,0.0427117,0.00583051,0.167619,360,0,0.245714,5.75286,0.964286,42.1429
326,1.2324,0.0386,0.0513164,0.00583051,0.201387,360,0,0.245714,4.78822,0.964286,42.1429
327,1.7362,0.0386,0.0363379,0.00583051,0.142605,360,0,0.245714,6.76192,0.964286,42.1429
328,1.85007,0.0386,0.0045298,0.00583051,0.0177768,360,0,0.245714,54.2439,0.964286,42.1429
329,1.44783,0.0386,0.0320382,0.00583051,0.125731,360,0,0.245714,7.66941,0.964286,42.1429
330,1.21874,0.0386,0.0714242,0.00583051,0.280299,360,0,0.245714,3.44021,0.964286,42.1429
331,2.82773,0.0386,0.0548493,0.00583051,0.215252,360,0,0.245714,4.47981,0.964286,42.1429
332,0.835006,0.0386,0.0839564,0.00583051,0.32948,360,0,0.245714,2.92669,0.964286,42.1429
333,0.970069,0.0386,0.0681777,0.00583051,0.267558,360,0,0.245714,3.60403,0.964286,42.1429
334,1.52179,0.0386,0.0161212,0.00583051,0.0632664,360,0,0.245714,15.2417,0.964286,42.1429
335,0.598249,0.0386,0.0187721,0.00583051,0.0736694,360,0,0.245714,13.0894,0.964286,42.1429
336,1.03358,0.0386,0.12015,0.00583051,0.471521,360,0,0.245714,2.04506,0.964286,42.1429
337,1.00169,0.0386,0.0840762,0.00583051,0.32995,360,0,0.245714,2.92252,0.964286,42.1429
338,1.51554,0.0386,0.111977,0.00583051,0.439443,360,0,0.245714,2.19434,0.964286,42.1429
339,0.501365,0.0386,0.00546291,0.00583051,0.0214388,360,0,0.245714,44.9786,0.964286,42.1429
340,2.17411,0.0386,0.096605,0.00583051,0.379118,360,0,0.245714,2.54349,0.964286,42.1429
341,1.17672,0.0386,0.0217958,0.00583051,0.0855357,360,0,0.245714,11.2735,0.964286,42.1429
342,1.59772,0.0386,0.0100049,0.00583051,0.0392636,360,0,0.245714,24.5593,0.964286,42.1429
343,1.68447,0.0386,0.0146871,0.00583051,0.0576383,360,0,0.245714,16.7299,0.964286,42.1429
344,3.35697,0.0386,0.0375966,0.00583051,0.147545,360,0,0.245714,6.53555,0.964286,42.1429
345,0.477766,0.0386,0.110304,0.00583051,0.432879,360,0,0.245714,2.22761,0.964286,42.1429
346,1.28936,0.0386,0.0810188,0.00583051,0.317952,360,0,0.245714,3.03281,0.964286,42.1429
347,0.65877,0.0386,0.0257631,0.00583051,0.101105,360,0,0.245714,9.53745,0.964286,42.1429
348,1.77207,0.0386,0.014196,0.00583051,0.0557112,360,0,0.245714,17.3087,0.964286,42.1429
349,1.55255,0.0386,0.015424,0.00583051,0.0605304,360,0,0.245714,15.9306,0.964286,42.1429
350,0.567658,0.0386,0.250274,0.00583051,0.982181,360,0,0.245714,0.98178,0.964286,42.1429
351,0.702976,0.0386,0.00680786,0.00583051,0.0267169,360,0,0.245714,36.0927,0.964286,42.1429
352,0.572881,0.0386,0.0707533,0.00583051,0.277665,360,0,0.245714,3.47283,0.964286,42.1429
353,0.533815,0.0386,0.0125578,0.00583051,0.0492819,360,0,0.245714,19.5667,0.964286,42.1429
354,0.273306,0.0386,0.0884033,0.00583051,0.346932,360,0,0.245714,2.77947,0.964286,42.1429
355,0.24253,0.0386,0.0183119,0.00583051,0.0718634,360,0,0.245714,13.4183,0.964286,42.1429
356,1.30739,0.0386,0.00754828,0.00583051,0.0296226,360,0,0.245714,32.5524,0.964286,42.1429
357,0.629046,0.0386,0.0705203,0.00583051,0.276751,360,0,0.245714,3.48431,0.964286,42.1429
358,1.50803,0.0386,0.0651813,0.00583051,0.255799,360,0,0.245714,3.76971,0.964286,42.1429
359,1.31862,0.0386,0.0470037,0.00583051,0.184462,360,0,0.245714,5.22755,0.964286,42.1429
360,0.727321,0.0386,0.0243568,0.00583051,0.0955861,360,0,0.245714,10.0881,0.964286,42.1429
361,0.605204,0.0386,0.0105006,0.00583051,0.0412086,360,0,0.245714,23.4001,0.964286,42.1429
362,3.09298,0.0386,0.0298516,0.00583051,0.11715,360,0,0.245714,8.23119,0.964286,42.1429
363,0.712649,0.0386,0.0121228,0.00583051,0.0475751,360,0,0.245714,20.2687,0.964286,42.1429
364,0.895365,0.0386,0.055095,0.00583051,0.216216,360,0,0.245714,4.45983,0.964286,42.1429
365,0.48839,0.0386,0.00535863,0.00583051,0.0210295,360,0,0.245714,45.854,0.964286,42.1429
366,0.558755,0.0386,0.0425121,0.00583051,0.166835,360,0,0.245714,5.77986,0.964286,42.1429
367,0.874713,0.0386,0.00821589,0.00583051,0.0322426,360,0,0.245714,29.9072,0.964286,42.1429
368,0.669495,0.0386,0.0213627,0.00583051,0.0838363,360,0,0.245714,11.502,0.964286,42.1429
369,0.849297,0.0386,0.088682,0.00583051,0.348025,360,0,0.245714,2.77074,0.964286,42.1429
370,0.286483,0.0386,0.00258818,0.00583051,0.0101571,360,0,0.245714,94.937,0.964286,42.1429
371,2.76817,0.0386,0.115216,0.00583051,0.452155,360,0,0.245714,2.13264,0.964286,42.1429
372,0.705681,0.0386,0.0175577,0.00583051,0.0689036,360,0,0.245714,13.9947,0.964286,42.1429
373,1.58956,0.0386,0.0378708,0.00583051,0.148621,360,0,0.245714,6.48823,0.964286,42.1429
374,2.09217,0.0386,0.109288,0.00583051,0.42889,360,0,0.245714,2.24833,0.964286,42.1429
375,2.0004,0.0386,0.039083,0.00583051,0.153378,360,0,0.245714,6.28699,0.964286,42.1429
376,0.615279,0.0386,0.481718,0.00583051,1.89046,360,0,0.245714,0.510079,0.964286,42.1429
377,0.895134,0.0386,0.00940652,0.00583051,0.0369151,360,0,0.245714,26.1217,0.964286,42.1429
378,1.09722,0.0386,0.0792517,0.00583051,0.311017,360,0,0.245714,3.10043,0.964286,42.1429
379,2.15222,0.0386,0.0136459,0.00583051,0.0535521,360,0,0.245714,18.0065,0.964286,42.1429
380,1.43482,0.0386,0.0233442,0.00583051,0.0916123,360,0,0.245714,10.5257,0.964286,42.1429
381,0.104144,0.0386,0.041087,0.00583051,0.161242,360,0,0.245714,5.98035,0.964286,42.1429
382,1.62365,0.0386,0.0157846,0.00583051,0.0619454,360,0,0.245714,15.5667,0.964286,42.1429
383,1.73688,0.0386,0.0165041,0.00583051,0.064769,360,0,0.245714,14.8881,0.964286,42.1429
384,2.31523,0.0386,0.0251876,0.00583051,0.0988467,360,0,0.245714,9.75537,0.964286,42.1429
385,0.113153,0.0386,0.0457514,0.00583051,0.179548,360,0,0.245714,5.37064,0.964286,42.1429
386,0.471187,0.0386,0.0645109,0.00583051,0.253168,360,0,0.245714,3.80888,0.964286,42.1429
387,1.2316,0.0386,0.0646945,0.00583051,0.253888,360,0,0.245714,3.79807,0.964286,42.1429
388,0.352907,0.0386,0.093914,0.00583051,0.368558,360,0,0.245714,2.61638,0.964286,42.1429
389,1.46546,0.0386,0.0573228,0.00583051,0.224959,360,0,0.245714,4.2865,0.964286,42.1429
390,0.50967,0.0386,0.100503,0.00583051,0.394416,360,0,0.245714,2.44485,0.964286,42.1429
391,1.09504,0.0386,0.0391802,0.00583051,0.153759,360,0,0.245714,6.27139,0.964286,42.1429
392,1.63275,0.0386,0.0404744,0.00583051,0.158838,360,0,0.245714,6.07086,0.964286,42.1429
393,1.11711,0.0386,0.0042563,0.00583051,0.0167035,360,0,0.245714,57.7295,0.964286,42.1429
394,0.632247,0.0386,0.0259238,0.00583051,0.101736,360,0,0.245714,9.47834,0.964286,42.1429
395,0.238563,0.0386,0.103242,0.00583051,0.405165,360,0,0.245714,2.37998,0.964286,42.1429
396,0.701897,0.0386,0.00770175,0.00583051,0.0302249,360,0,0.245714,31.9037,0.964286,42.1429
397,0.652413,0.0386,0.0290131,0.00583051,0.11386,360,0,0.245714,8.46908,0.964286,42.1429
398,0.881914,0.0386,0.121189,0.00583051,0.475598,360,0,0.245714,2.02752,0.964286,42.1429
399,1.05261,0.0386,0.0391927,0.00583051,0.153809,360,0,0.245714,6.26939,0.964286,42.1429
400,1.27371,0.0386,0.0353131,0.00583051,0.138583,360,0,0.245714,6.95817,0.964286,42.1429
401,0.293111,0.0386,0.00961266,0.00583051,0.0377241,360,0,0.245714,25.5615,0.964286,42.1429
402,1.45423,0.0386,0.0170147,0.00583051,0.0667728,360,0,0.245714,14.4413,0.964286,42.1429
403,1.74273,0.0386,0.027372,0.00583051,0.107419,360,0,0.245714,8.97684,0.964286,42.1429
404,0.672428,0.0386,0.0191015,0.00583051,0.0749621,360,0,0.245714,12.8636,0.964286,42.1429
405,1.54851,0.0386,0.0236013,0.00583051,0.0926214,360,0,0.245714,10.411,0.964286,42.1429
406,1.08443,0.0386,0.00822326,0.00583051,0.0322715,360,0,0.245714,29.8804,0.964286,42.1429
407,2.20339,0.0386,0.0194029,0.00583051,0.076145,360,0,0.245714,12.6638,0.964286,42.1429
408,1.4793,0.0386,0.0171015,0.00583051,0.0671135,360,0,0.245714,14.368,0.964286,42.1429
409,1.1937,0.0386,0.0302174,0.00583051,0.118586,360,0,0.245714,8.13154,0.964286,42.1429
410,2.43471,0.0386,0.0408188,0.00583051,0.16019,360,0,0.245714,6.01964,0.964286,42.1429
411,2.30289,0.0386,0.0131514,0.00583051,0.0516116,360,0,0.245714,18.6835,0.964286,42.1429
412,0.819025,0.0386,0.118697,0.00583051,0.465815,360,0,0.245714,2.0701,0.964286,42.1429
413,1.44579,0.0386,0.00413656,0.00583051,0.0162336,360,0,0.245714,59.4007,0.964286,42.1429
414,0.599346,0.0386,0.0334629,0.00583051,0.131322,360,0,0.245714,7.34288,0.964286,42.1429
415,0.602142,0.0386,0.0665855,0.00583051,0.261309,360,0,0.245714,3.69021,0.964286,42.1429
416,1.09054,0.0386,0.0257172,0.00583051,0.100925,360,0,0.245714,9.55448,0.964286,42.1429
417,0.848144,0.0386,0.00777498,0.00583051,0.0305123,360,0,0.245714,31.6032,0.964286,42.1429
418,0.375304,0.0386,0.0296202,0.00583051,0.116242,360,0,0.245714,8.2955,0.964286,42.1429
419,0.778006,0.0386,0.094806,0.00583051,0.372058,360,0,0.245714,2.59176,0.964286,42.1429
420,0.530443,0.0386,0.0110249,0.00583051,0.0432663,360,0,0.245714,22.2872,0.964286,42.1429
421,1.04644,0.0386,0.021179,0.00583051,0.0831153,360,0,0.245714,11.6018,0.964286,42.1429
422,0.48922,0.0386,0.00163294,0.00583051,0.00640832,360,0,0.245714,150.474,0.964286,42.1429
423,0.387999,0.0386,0.0186402,0.00583051,0.0731518,360,0,0.245714,13.182,0.964286,42.1429
424,1.35743,0.0386,0.00641782,0.00583051,0.0251862,360,0,0.245714,38.2863,0.964286,42.1429
425,1.0406,0.0386,0.0183246,0.00583051,0.0719134,360,0,0.245714,13.409,0.964286,42.1429
426,1.43393,0.0386,0.0105333,0.00583051,0.041337,360,0,0.245714,23.3274,0.964286,42.1429
427,0.876324,0.0386,0.221792,0.00583051,0.870403,360,0,0.245714,1.10786,0.964286,42.1429
428,1.50582,0.0386,0.171474,0.00583051,0.672936,360,0,0.245714,1.43295,0.964286,42.1429
429,1.29124,0.0386,0.0121603,0.00583051,0.047722,360,0,0.245714,20.2063,0.964286,42.1429
430,0.230805,0.0386,0.0305448,0.00583051,0.119871,360,0,0.245714,8.04439,0.964286,42.1429
431,1.43242,0.0386,0.00611484,0.00583051,0.0239972,360,0,0.245714,40.1832,0.964286,42.1429
432,0.728649,0.0386,0.0251241,0.00583051,0.0985974,360,0,0.245714,9.78004,0.964286,42.1429
433,2.46922,0.0386,0.0800807,0.00583051,0.31427,360,0,0.245714,3.06833,0.964286,42.1429
434,1.17084,0.0386,0.0102112,0.00583051,0.0400731,360,0,0.245714,24.0632,0.964286,42.1429
435,1.7904,0.0386,0.011912,0.00583051,0.0467476,360,0,0.245714,20.6275,0.964286,42.1429
436,0.884653,0.0386,0.0415505,0.00583051,0.163062,360,0,0.245714,5.91362,0.964286,42.1429
437,0.561545,0.0386,0.0378233,0.00583051,0.148434,360,0,0.245714,6.49638,0.964286,42.1429
438,0.861992,0.0386,0.0711321,0.00583051,0.279152,360,0,0.245714,3.45434,0.964286,42.1429
439,0.605359,0.0386,0.0361741,0.00583051,0.141962,360,0,0.245714,6.79255,0.964286,42.1429
440,0.870502,0.0386,0.0571265,0.00583051,0.224188,360,0,0.245714,4.30123,0.964286,42.1429
441,1.5883,0.0386,0.0105425,0.00583051,0.0413732,360,0,0.245714,23.307,0.964286,42.1429
442,1.46336,0.0386,0.026019,0.00583051,0.10211,360,0,0.245714,9.44364,0.964286,42.1429
443,1.14324,0.0386,0.00358821,0.00583051,0.0140816,360,0,0.245714,68.4783,0.964286,42.1429
444,1.69669,0.0386,0.0384996,0.00583051,0.151088,360,0,0.245714,6.38226,0.964286,42.1429
445,0.192601,0.0386,0.0114164,0.00583051,0.0448026,360,0,0.245714,21.523,0.964286,42.1429
446,0.608231,0.0386,0.00653459,0.00583051,0.0256445,360,0,0.245714,37.6021,0.964286,42.1429
447,1.11561,0.0386,0.0440943,0.00583051,0.173044,360,0,0.245714,5.57248,0.964286,42.1429
448,1.47249,0.0386,0.0174585,0.00583051,0.0685145,360,0,0.245714,14.0742,0.964286,42.1429
449,1.14689,0.0386,0.0238313,0.00583051,0.0935241,360,0,0.245714,10.3106,0.964286,42.1429
450,0.964628,0.0386,0.0653584,0.00583051,0.256494,360,0,0.245714,3.75949,0.964286,42.1429
451,1.42221,0.0386,0.0703436,0.00583051,0.276058,360,0,0.245714,3.49306,0.964286,42.1429
452,1.89286,0.0386,0.0685948,0.00583051,0.269195,360,0,0.245714,3.58211,0.964286,42.1429
453,0.365194,0.0386,0.0340247,0.00583051,0.133527,360,0,0.245714,7.22164,0.964286,42.1429
454,1.24569,0.0386,0.0183545,0.00583051,0.0720308,360,0,0.245714,13.3871,0.964286,42.1429
455,2.62901,0.0386,0.0243191,0.00583051,0.0954382,360,0,0.245714,10.1038,0.964286,42.1429
456,2.70658,0.0386,0.0191425,0.00583051,0.0751231,360,0,0.245714,12.8361,0.964286,42.1429
457,1.29878,0.0386,0.00674183,0.00583051,0.0264578,360,0,0.245714,36.4462,0.964286,42.1429
458,0.666704,0.0386,0.269591,0.00583051,1.05799,360,0,0.245714,0.911432,0.964286,42.1429
459,2.56504,0.0386,0.0281584,0.00583051,0.110505,360,0,0.245714,8.72613,0.964286,42.1429
460,1.28994,0.0386,0.0123896,0.00583051,0.0486221,360,0,0.245714,19.8323,0.964286,42.1429
461,0.257328,0.0386,0.0384937,0.00583051,0.151065,360,0,0.245714,6.38324,0.964286,42.1429
462,0.641111,0.0386,0.0447203,0.00583051,0.175501,360,0,0.245714,5.49447,0.964286,42.1429
463,1.82805,0.0386,0.0437081,0.00583051,0.171529,360,0,0.245714,5.62171,0.964286,42.1429
464,0.933936,0.0386,0.122787,0.00583051,0.481868,360,0,0.245714,2.00114,0.964286,42.1429
465,2.25551,0.0386,0.0177532,0.00583051,0.0696711,360,0,0.245714,13.8405,0.964286,42.1429
466,1.31882,0.0386,0.0352729,0.00583051,0.138426,360,0,0.245714,6.96609,0.964286,42.1429
467,2.76612,0.0386,0.0468407,0.00583051,0.183823,360,0,0.245714,5.24574,0.964286,42.1429
468,0.953704,0.0386,0.294906,0.00583051,1.15733,360,0,0.245714,0.833197,0.964286,42.1429
469,0.739812,0.0386,0.0119369,0.00583051,0.0468453,360,0,0.245714,20.5845,0.964286,42.1429
470,0.805469,0.0386,0.004552,0.00583051,0.0178639,360,0,0.245714,53.9795,0.964286,42.1429
471,1.58626,0.0386,0.0415219,0.00583051,0.162949,360,0,0.245714,5.91771,0.964286,42.1429
472,0.817593,0.0386,0.0500535,0.00583051,0.196431,360,0,0.245714,4.90903,0.964286,42.1429
473,0.425164,0.0386,0.169477,0.00583051,0.665097,360,0,0.245714,1.44984,0.964286,42.1429
474,0.921128,0.0386,0.0194913,0.00583051,0.0764921,360,0,0.245714,12.6064,0.964286,42.1429
475,2.20153,0.0386,0.0212247,0.00583051,0.0832946,360,0,0.245714,11.5768,0.964286,42.1429
476,1.10139,0.0386,0.038491,0.00583051,0.151055,360,0,0.245714,6.38367,0.964286,42.1429
477,0.706951,0.0386,0.0651133,0.00583051,0.255532,360,0,0.245714,3.77364,0.964286,42.1429
478,1.59361,0.0386,0.0385597,0.00583051,0.151324,360,0,0.245714,6.3723,0.964286,42.1429
479,0.988573,0.0386,0.0053414,0.00583051,0.0209619,360,0,0.245714,46.0019,0.964286,42.1429
480,0.482418,0.0386,0.00918086,0.00583051,0.0360296,360,0,0.245714,26.7637,0.964286,42.1429
481,0.698571,0.0386,0.017892,0.00583051,0.0702156,360,0,0.245714,13.7332,0.964286,42.1429
482,1.86857,0.0386,0.00881352,0.00583051,0.0345879,360,0,0.245714,27.8793,0.964286,42.1429
483,2.11514,0.0386,0.0616012,0.00583051,0.241749,360,0,0.245714,3.98879,0.964286,42.1429
484,1.59793,0.0386,0.0107559,0.00583051,0.0422108,360,0,0.245714,22.8446,0.964286,42.1429
485,1.00342,0.0386,0.0391324,0.00583051,0.153572,360,0,0.245714,6.27906,0.964286,42.1429
486,0.451737,0.0386,0.054391,0.00583051,0.213453,360,0,0.245714,4.51755,0.964286,42.1429
487,1.22206,0.0386,0.00647443,0.00583051,0.0254084,360,0,0.245714,37.9515,0.964286,42.1429
488,0.892758,0.0386,0.0824192,0.00583051,0.323447,360,0,0.245714,2.98128,0.964286,42.1429
489,0.763404,0.0386,0.0353843,0.00583051,0.138863,360,0,0.245714,6.94415,0.964286,42.1429
490,0.656027,0.0386,0.00478052,0.00583051,0.0187608,360,0,0.245714,51.399,0.964286,42.1429
491,0.842163,0.0386,0.0708385,0.00583051,0.278,360,0,0.245714,3.46866,0.964286,42.1429
492,1.30311,0.0386,0.0382086,0.00583051,0.149947,360,0,0.245714,6.43086,0.964286,42.1429
493,1.23187,0.0386,0.0779116,0.00583051,0.305758,360,0,0.245714,3.15376,0.964286,42.1429
494,0.931168,0.0386,0.0163451,0.00583051,0.0641448,360,0,0.245714,15.0329,0.964286,42.1429
495,0.834226,0.0386,0.0256703,0.00583051,0.100741,360,0,0.245714,9.57192,0.964286,42.1429
496,1.79167,0.0386,0.0277398,0.00583051,0.108863,360,0,0.245714,8.85782,0.964286,42.1429
497,1.04386,0.0386,0.0164705,0.00583051,0.064637,360,0,0.245714,14.9185,0.964286,42.1429
498,0.876264,0.0386,0.00287368,0.00583051,0.0112775,360,0,0.245714,85.5052,0.964286,42.1429
499,1.89807,0.0386,0.0785494,0.00583051,0.308261,360,0,0.245714,3.12815,0.964286,42.1429
