PID,i_lum_F1_indiv,i_lum_k12(KA),i_lum_k23(Q/V),i_lum_k32(Q/VP),i_lum_k20(CL/V),total_mg_dose_per_occassion,DS,Q,V,CL,VP
0,0.584061,0.0386,0.0695709,0.00583051,0.273025,240,0,0.16381,2.35457,0.642857,28.0952
1,1.13945,0.0386,0.144658,0.00583051,0.567698,240,0,0.16381,1.13239,0.642857,28.0952
2,1.61722,0.0386,0.087191,0.00583051,0.342174,240,0,0.16381,1.87874,0.642857,28.0952
3,0.222516,0.0386,0.0526888,0.00583051,0.206773,240,0,0.16381,3.109,0.642857,28.0952
4,0.785499,0.0386,0.00796842,0.00583051,0.0312714,240,0,0.16381,20.5573,0.642857,28.0952
5,1.87083,0.0386,0.0306752,0.00583051,0.120382,240,0,0.16381,5.34013,0.642857,28.0952
6,1.584,0.0386,0.0578943,0.00583051,0.227201,240,0,0.16381,2.82946,0.642857,28.0952
7,0.691472,0.0386,0.0749893,0.00583051,0.294289,240,0,0.16381,2.18444,0.642857,28.0952
8,0.686593,0.0386,0.0603752,0.00583051,0.236938,240,0,0.16381,2.71319,0.642857,28.0952
9,1.75035,0.0386,0.263899,0.00583051,1.03565,240,0,0.16381,0.620728,0.642857,28.0952
10,1.55496,0.0386,0.0212257,0.00583051,0.0832986,240,0,0.16381,7.71751,0.642857,28.0952
11,1.457,0.0386,0.0480424,0.00583051,0.188539,240,0,0.16381,3.40969,0.642857,28.0952
12,2.26581,0.0386,0.0145313,0.00583051,0.0570267,240,0,0.16381,11.2729,0.642857,28.0952
13,1.57763,0.0386,0.0807438,0.00583051,0.316872,240,0,0.16381,2.02876,0.642857,28.0952
14,0.92956,0.0386,0.0302076,0.00583051,0.118547,240,0,0.16381,5.4228,0.642857,28.0952
15,2.23622,0.0386,0.0664492,0.00583051,0.260774,240,0,0.16381,2.46518,0.642857,28.0952
16,0.877969,0.0386,0.00855273,0.00583051,0.0335645,240,0,0.16381,19.1529,0.642857,28.0952
17,1.21974,0.0386,0.0646118,0.00583051,0.253564,240,0,0.16381,2.53529,0.642857,28.0952
18,0.348696,0.0386,0.0662849,0.00583051,0.26013,240,0,0.16381,2.47129,0.642857,28.0952
19,1.83658,0.0386,0.0772482,0.00583051,0.303154,240,0,0.16381,2.12056,0.642857,28.0952
20,0.612837,0.0386,0.0618333,0.00583051,0.24266,240,0,0.16381,2.64921,0.642857,28.0952
21,0.568112,0.0386,0.00829781,0.00583051,0.0325641,240,0,0.16381,19.7413,0.642857,28.0952
22,0.29964,0.0386,0.0455138,0.00583051,0.178615,240,0,0.16381,3.59912,0.642857,28.0952
23,1.05633,0.0386,0.108747,0.00583051,0.426769,240,0,0.16381,1.50634,0.642857,28.0952
24,1.05686,0.0386,0.00920737,0.00583051,0.0361336,240,0,0.16381,17.7911,0.642857,28.0952
25,0.641165,0.0386,0.0342708,0.00583051,0.134493,240,0,0.16381,4.77986,0.642857,28.0952
26,1.5081,0.0386,0.0530823,0.00583051,0.208317,240,0,0.16381,3.08595,0.642857,28.0952
27,1.15076,0.0386,0.0679312,0.00583051,0.26659,240,0,0.16381,2.4114,0.642857,28.0952
28,1.16562,0.0386,0.0332376,0.00583051,0.130438,240,0,0.16381,4.92844,0.642857,28.0952
29,0.974096,0.0386,0.0310793,0.00583051,0.121968,240,0,0.16381,5.27069,0.642857,28.0952
30,0.489119,0.0386,0.0198811,0.00583051,0.0780218,240,0,0.16381,8.23946,0.642857,28.0952
31,1.91741,0.0386,0.00138353,0.00583051,0.00542953,240,0,0.16381,118.4,0.642857,28.0952
32,1.78977,0.0386,0.0107781,0.00583051,0.0422977,240,0,0.16381,15.1984,0.642857,28.0952
33,1.49379,0.0386,0.0184341,0.00583051,0.0723432,240,0,0.16381,8.88621,0.642857,28.0952
34,2.60145,0.0386,0.00663625,0.00583051,0.0260434,240,0,0.16381,24.6841,0.642857,28.0952
35,1.08045,0.0386,0.00619622,0.00583051,0.0243165,240,0,0.16381,26.437,0.642857,28.0952
36,1.72877,0.0386,0.592131,0.00583051,2.32377,240,0,0.16381,0.276644,0.642857,28.0952
37,0.860641,0.0386,0.00701175,0.00583051,0.027517,240,0,0.16381,23.3622,0.642857,28.0952
38,1.25263,0.0386,0.0213904,0.00583051,0.083945,240,0,0.16381,7.65808,0.642857,28.0952
39,2.79276,0.0386,0.00901178,0.00583051,0.035366,240,0,0.16381,18.1773,0.642857,28.0952
40,1.35574,0.0386,0.00835288,0.00583051,0.0327802,240,0,0.16381,19.6111,0.642857,28.0952
41,0.603138,0.0386,0.0873821,0.00583051,0.342924,240,0,0.16381,1.87464,0.642857,28.0952
42,0.449359,0.0386,0.0147161,0.00583051,0.0577523,240,0,0.16381,11.1313,0.642857,28.0952
43,1.1652,0.0386,0.0336527,0.00583051,0.132067,240,0,0.16381,4.86765,0.642857,28.0952
44,1.36717,0.0386,0.0460215,0.00583051,0.180607,240,0,0.16381,3.55942,0.642857,28.0952
45,1.35734,0.0386,0.0238844,0.00583051,0.0937324,240,0,0.16381,6.85843,0.642857,28.0952
46,0.567237,0.0386,0.032318,0.00583051,0.12683,240,0,0.16381,5.06867,0.642857,28.0952
47,0.921556,0.0386,0.125852,0.00583051,0.493897,240,0,0.16381,1.3016,0.642857,28.0952
48,0.549403,0.0386,0.0213946,0.00583051,0.0839614,240,0,0.16381,7.65658,0.642857,28.0952
49,1.49146,0.0386,0.063212,0.00583051,0.24807,240,0,0.16381,2.59143,0.642857,28.0952
50,1.40619,0.0386,0.0200061,0.00583051,0.0785125,240,0,0.16381,8.18796,0.642857,28.0952
51,1.00398,0.0386,0.0121535,0.00583051,0.0476956,240,0,0.16381,13.4783,0.642857,28.0952
52,1.54927,0.0386,0.0203128,0.00583051,0.0797161,240,0,0.16381,8.06434,0.642857,28.0952
53,0.957836,0.0386,0.0212341,0.00583051,0.0833314,240,0,0.16381,7.71446,0.642857,28.0952
54,0.394505,0.0386,0.0331741,0.00583051,0.130189,240,0,0.16381,4.93788,0.642857,28.0952
55,1.1583,0.0386,0.0273444,0.00583051,0.107311,240,0,0.16381,5.99061,0.642857,28.0952
56,1.81036,0.0386,0.112074,0.00583051,0.439825,240,0,0.16381,1.46162,0.642857,28.0952
57,0.438362,0.0386,0.18901,0.00583051,0.741754,240,0,0.16381,0.866671,0.642857,28.0952
58,1.04443,0.0386,0.142592,0.00583051,0.55959,240,0,0.16381,1.1488,0.642857,28.0952
59,0.839109,0.0386,0.013621,0.00583051,0.0534545,240,0,0.16381,12.0263,0.642857,28.0952
60,2.2178,0.0386,0.0225761,0.00583051,0.0885979,240,0,0.16381,7.2559,0.642857,28.0952
61,0.667066,0.0386,0.00854866,0.00583051,0.0335485,240,0,0.16381,19.162,0.642857,28.0952
62,0.913141,0.0386,0.0655568,0.00583051,0.257272,240,0,0.16381,2.49874,0.642857,28.0952
63,0.684815,0.0386,0.0255989,0.00583051,0.100461,240,0,0.16381,6.39908,0.642857,28.0952
64,0.937494,0.0386,0.011994,0.00583051,0.0470696,240,0,0.16381,13.6576,0.642857,28.0952
65,2.10495,0.0386,0.168463,0.00583051,0.661119,240,0,0.16381,0.972377,0.642857,28.0952
66,0.543032,0.0386,0.00636022,0.00583051,0.0249602,240,0,0.16381,25.7553,0.642857,28.0952
67,2.16443,0.0386,0.275203,0.00583051,1.08001,240,0,0.16381,0.595231,0.642857,28.0952
68,1.76368,0.0386,0.0290496,0.00583051,0.114003,240,0,0.16381,5.63896,0.642857,28.0952
69,0.748776,0.0386,0.0752011,0.00583051,0.295121,240,0,0.16381,2.17829,0.642857,28.0952
70,0.401562,0.0386,0.00681111,0.00583051,0.0267296,240,0,0.16381,24.0504,0.642857,28.0952
71,0.798497,0.0386,0.0335873,0.00583051,0.131811,240,0,0.16381,4.87713,0.642857,28.0952
72,1.02478,0.0386,0.0131679,0.00583051,0.0516763,240,0,0.16381,12.4401,0.642857,28.0952
73,2.19695,0.0386,0.015666,0.00583051,0.0614799,240,0,0.16381,10.4564,0.642857,28.0952
74,1.12097,0.0386,0.0241158,0.00583051,0.0946405,240,0,0.16381,6.79263,0.642857,28.0952
75,1.93811,0.0386,0.0132222,0.00583051,0.0518896,240,0,0.16381,12.3889,0.642857,28.0952
76,0.486469,0.0386,0.068467,0.00583051,0.268693,240,0,0.16381,2.39253,0.642857,28.0952
77,1.05663,0.0386,0.0381393,0.00583051,0.149674,240,0,0.16381,4.29504,0.642857,28.0952
78,1.09494,0.0386,0.0108259,0.00583051,0.0424854,240,0,0.16381,15.1313,0.642857,28.0952
79,0.907123,0.0386,0.00978079,0.00583051,0.0383839,240,0,0.16381,16.7481,0.642857,28.0952
80,0.957147,0.0386,0.0122706,0.00583051,0.048155,240,0,0.16381,13.3498,0.642857,28.0952
81,1.03884,0.0386,0.0191265,0.00583051,0.0750602,240,0,0.16381,8.56455,0.642857,28.0952
82,0.75047,0.0386,0.0241417,0.00583051,0.0947421,240,0,0.16381,6.78534,0.642857,28.0952
83,1.19205,0.0386,0.00362207,0.00583051,0.0142145,240,0,0.16381,45.2254,0.642857,28.0952
84,0.630078,0.0386,0.0417645,0.00583051,0.163901,240,0,0.16381,3.92222,0.642857,28.0952
85,0.188004,0.0386,0.0250399,0.00583051,0.0982671,240,0,0.16381,6.54194,0.642857,28.0952
86,0.6227,0.0386,0.0543654,0.00583051,0.213353,240,0,0.16381,3.01312,0.642857,28.0952
87,0.620046,0.0386,0.0712509,0.00583051,0.279618,240,0,0.16381,2.29905,0.642857,28.0952
88,1.9575,0.0386,0.021516,0.00583051,0.084438,240,0,0.16381,7.61337,0.642857,28.0952
89,1.86026,0.0386,0.0419936,0.00583051,0.164801,240,0,0.16381,3.90082,0.642857,28.0952
90,1.04954,0.0386,0.0406658,0.00583051,0.15959,240,0,0.16381,4.02818,0.642857,28.0952
91,0.370593,0.0386,0.0247757,0.00583051,0.0972302,240,0,0.16381,6.6117,0.642857,28.0952
92,2.61188,0.0386,0.0232856,0.00583051,0.0913823,240,0,0.16381,7.03481,0.642857,28.0952
93,0.756219,0.0386,0.0588388,0.00583051,0.230908,240,0,0.16381,2.78404,0.642857,28.0952
94,0.539712,0.0386,0.1468,0.00583051,0.576103,240,0,0.16381,1.11587,0.642857,28.0952
95,0.826456,0.0386,0.0258951,0.00583051,0.101623,240,0,0.16381,6.32588,0.642857,28.0952
96,1.3282,0.0386,0.0117528,0.00583051,0.0461229,240,0,0.16381,13.9379,0.642857,28.0952
97,1.66063,0.0386,0.00927861,0.00583051,0.0364132,240,0,0.16381,17.6545,0.642857,28.0952
98,0.698821,0.0386,0.274519,0.00583051,1.07733,240,0,0.16381,0.596715,0.642857,28.0952
99,0.508739,0.0386,0.0386295,0.00583051,0.151598,240,0,0.16381,4.24053,0.642857,28.0952
100,2.39137,0.0386,0.168159,0.00583051,0.659926,240,0,0.16381,0.974136,0.642857,28.0952
101,0.275671,0.0386,0.00250599,0.00583051,0.00983456,240,0,0.16381,65.3671,0.642857,28.0952
102,1.54712,0.0386,0.028139,0.00583051,0.110429,240,0,0.16381,5.82145,0.642857,28.0952
103,0.824558,0.0386,0.0636155,0.00583051,0.249654,240,0,0.16381,2.57499,0.642857,28.0952
104,1.64438,0.0386,0.0273798,0.00583051,0.10745,240,0,0.16381,5.98286,0.642857,28.0952
105,1.80784,0.0386,0.00693855,0.00583051,0.0272298,240,0,0.16381,23.6086,0.642857,28.0952
106,1.7397,0.0386,0.0215719,0.00583051,0.0846573,240,0,0.16381,7.59364,0.642857,28.0952
107,1.18185,0.0386,0.0281198,0.00583051,0.110354,240,0,0.16381,5.82541,0.642857,28.0952
108,0.226322,0.0386,0.0904472,0.00583051,0.354953,240,0,0.16381,1.81111,0.642857,28.0952
109,0.56849,0.0386,0.00549712,0.00583051,0.021573,240,0,0.16381,29.7992,0.642857,28.0952
110,2.26218,0.0386,0.00580146,0.00583051,0.0227673,240,0,0.16381,28.2359,0.642857,28.0952
111,2.18124,0.0386,0.0156238,0.00583051,0.0613145,240,0,0.16381,10.4846,0.642857,28.0952
112,0.440822,0.0386,0.0198251,0.00583051,0.0778021,240,0,0.16381,8.26272,0.642857,28.0952
113,0.179745,0.0386,0.0104798,0.00583051,0.0411272,240,0,0.16381,15.6309,0.642857,28.0952
114,0.423171,0.0386,0.0096905,0.00583051,0.0380296,240,0,0.16381,16.9041,0.642857,28.0952
115,0.601065,0.0386,0.0523915,0.00583051,0.205606,240,0,0.16381,3.12664,0.642857,28.0952
116,0.488609,0.0386,0.154136,0.00583051,0.604894,240,0,0.16381,1.06276,0.642857,28.0952
117,1.14732,0.0386,0.0123523,0.00583051,0.0484755,240,0,0.16381,13.2615,0.642857,28.0952
118,1.09246,0.0386,0.0289186,0.00583051,0.113489,240,0,0.16381,5.66451,0.642857,28.0952
119,0.663476,0.0386,0.0364264,0.00583051,0.142952,240,0,0.16381,4.497,0.642857,28.0952
120,0.470126,0.0386,0.0060682,0.00583051,0.0238142,240,0,0.16381,26.9947,0.642857,28.0952
121,1.13458,0.0386,0.0124621,0.00583051,0.0489067,240,0,0.16381,13.1446,0.642857,28.0952
122,2.83817,0.0386,0.222993,0.00583051,0.875116,240,0,0.16381,0.734596,0.642857,28.0952
123,0.629688,0.0386,0.0124981,0.00583051,0.0490479,240,0,0.16381,13.1067,0.642857,28.0952
124,1.40631,0.0386,0.128561,0.00583051,0.504526,240,0,0.16381,1.27418,0.642857,28.0952
125,0.423616,0.0386,0.0273721,0.00583051,0.107419,240,0,0.16381,5.98455,0.642857,28.0952
126,0.488592,0.0386,0.0110667,0.00583051,0.0434303,240,0,0.16381,14.802,0.642857,28.0952
127,1.64073,0.0386,0.00831384,0.00583051,0.032627,240,0,0.16381,19.7032,0.642857,28.0952
128,2.15075,0.0386,0.0176532,0.00583051,0.0692784,240,0,0.16381,9.27933,0.642857,28.0952
129,0.868575,0.0386,0.0640218,0.00583051,0.251248,240,0,0.16381,2.55865,0.642857,28.0952
130,0.618317,0.0386,0.0383691,0.00583051,0.150576,240,0,0.16381,4.26931,0.642857,28.0952
131,1.48809,0.0386,0.0576277,0.00583051,0.226155,240,0,0.16381,2.84255,0.642857,28.0952
132,0.200119,0.0386,0.066702,0.00583051,0.261767,240,0,0.16381,2.45584,0.642857,28.0952
133,1.38195,0.0386,0.0257857,0.00583051,0.101194,240,0,0.16381,6.35272,0.642857,28.0952
134,1.20655,0.0386,0.0338422,0.00583051,0.132811,240,0,0.16381,4.8404,0.642857,28.0952
135,1.53421,0.0386,0.0210086,0.00583051,0.0824465,240,0,0.16381,7.79727,0.642857,28.0952
136,2.0648,0.0386,0.0322367,0.00583051,0.12651,240,0,0.16381,5.08146,0.642857,28.0952
137,0.844462,0.0386,0.0149329,0.00583051,0.0586029,240,0,0.16381,10.9697,0.642857,28.0952
138,0.51448,0.0386,0.0242549,0.00583051,0.0951863,240,0,0.16381,6.75367,0.642857,28.0952
139,0.974307,0.0386,0.126209,0.00583051,0.495299,240,0,0.16381,1.29792,0.642857,28.0952
140,0.409995,0.0386,0.00925015,0.00583051,0.0363015,240,0,0.16381,17.7088,0.642857,28.0952
141,1.08469,0.0386,0.0342234,0.00583051,0.134307,240,0,0.16381,4.78648,0.642857,28.0952
142,0.634074,0.0386,0.0504912,0.00583051,0.198149,240,0,0.16381,3.24432,0.642857,28.0952
143,2.05616,0.0386,0.0166811,0.00583051,0.0654637,240,0,0.16381,9.82006,0.642857,28.0952
144,0.614596,0.0386,0.0364276,0.00583051,0.142957,240,0,0.16381,4.49685,0.642857,28.0952
145,1.47315,0.0386,0.0122135,0.00583051,0.0479309,240,0,0.16381,13.4122,0.642857,28.0952
146,0.738986,0.0386,0.165459,0.00583051,0.649331,240,0,0.16381,0.99003,0.642857,28.0952
147,0.447934,0.0386,0.058764,0.00583051,0.230615,240,0,0.16381,2.78758,0.642857,28.0952
148,1.41402,0.0386,0.00535563,0.00583051,0.0210177,240,0,0.16381,30.5864,0.642857,28.0952
149,2.08331,0.0386,0.0566877,0.00583051,0.222466,240,0,0.16381,2.88968,0.642857,28.0952
150,1.1314,0.0386,0.0533673,0.00583051,0.209436,240,0,0.16381,3.06947,0.642857,28.0952
151,0.586596,0.0386,0.0277468,0.00583051,0.10889,240,0,0.16381,5.90372,0.642857,28.0952
152,0.874444,0.0386,0.0481294,0.00583051,0.18888,240,0,0.16381,3.40353,0.642857,28.0952
153,0.14428,0.0386,0.0175713,0.00583051,0.0689571,240,0,0.16381,9.32257,0.642857,28.0952
154,1.32605,0.0386,0.0318412,0.00583051,0.124958,240,0,0.16381,5.14458,0.642857,28.0952
155,0.794353,0.0386,0.317414,0.00583051,1.24567,240,0,0.16381,0.516074,0.642857,28.0952
156,1.94679,0.0386,0.0112079,0.00583051,0.0439844,240,0,0.16381,14.6156,0.642857,28.0952
157,0.202816,0.0386,0.0130363,0.00583051,0.0511598,240,0,0.16381,12.5657,0.642857,28.0952
158,1.36613,0.0386,0.172707,0.00583051,0.677775,240,0,0.16381,0.948481,0.642857,28.0952
159,0.95761,0.0386,0.0450354,0.00583051,0.176738,240,0,0.16381,3.63735,0.642857,28.0952
160,0.822131,0.0386,0.0954885,0.00583051,0.374737,240,0,0.16381,1.71549,0.642857,28.0952
161,1.08976,0.0386,0.057188,0.00583051,0.22443,240,0,0.16381,2.8644,0.642857,28.0952
162,0.731605,0.0386,0.0447257,0.00583051,0.175522,240,0,0.16381,3.66253,0.642857,28.0952
163,2.19567,0.0386,0.173772,0.00583051,0.681954,240,0,0.16381,0.942669,0.642857,28.0952
164,0.957473,0.0386,0.0379392,0.00583051,0.148889,240,0,0.16381,4.31769,0.642857,28.0952
165,0.964162,0.0386,0.050868,0.00583051,0.199627,240,0,0.16381,3.22029,0.642857,28.0952
166,3.25375,0.0386,0.0147971,0.00583051,0.0580701,240,0,0.16381,11.0704,0.642857,28.0952
167,1.29454,0.0386,0.0081769,0.00583051,0.0320896,240,0,0.16381,20.0332,0.642857,28.0952
168,1.06029,0.0386,0.0429114,0.00583051,0.168402,240,0,0.16381,3.81739,0.642857,28.0952
169,1.1681,0.0386,0.0467746,0.00583051,0.183563,240,0,0.16381,3.5021,0.642857,28.0952
170,1.76979,0.0386,0.0260129,0.00583051,0.102085,240,0,0.16381,6.29725,0.642857,28.0952
171,0.625316,0.0386,0.0198628,0.00583051,0.0779501,240,0,0.16381,8.24704,0.642857,28.0952
172,0.580669,0.0386,0.0917862,0.00583051,0.360208,240,0,0.16381,1.78469,0.642857,28.0952
173,1.21661,0.0386,0.0198251,0.00583051,0.0778021,240,0,0.16381,8.26272,0.642857,28.0952
174,0.966749,0.0386,0.147115,0.00583051,0.577342,240,0,0.16381,1.11348,0.642857,28.0952
175,0.497145,0.0386,0.00991974,0.00583051,0.0389292,240,0,0.16381,16.5135,0.642857,28.0952
176,1.30333,0.0386,0.12417,0.00583051,0.487295,240,0,0.16381,1.31924,0.642857,28.0952
177,1.30642,0.0386,0.0740474,0.00583051,0.290593,240,0,0.16381,2.21223,0.642857,28.0952
178,1.20103,0.0386,0.0343906,0.00583051,0.134963,240,0,0.16381,4.76321,0.642857,28.0952
179,1.74769,0.0386,0.11289,0.00583051,0.443026,240,0,0.16381,1.45106,0.642857,28.0952
180,0.978525,0.0386,0.0239586,0.00583051,0.0940235,240,0,0.16381,6.8372,0.642857,28.0952
181,1.71109,0.0386,0.172789,0.00583051,0.678095,240,0,0.16381,0.948034,0.642857,28.0952
182,0.56711,0.0386,0.0193245,0.00583051,0.0758375,240,0,0.16381,8.47677,0.642857,28.0952
183,0.882301,0.0386,0.0977307,0.00583051,0.383536,240,0,0.16381,1.67613,0.642857,28.0952
184,1.18492,0.0386,0.0247387,0.00583051,0.097085,240,0,0.16381,6.62159,0.642857,28.0952
185,0.843002,0.0386,0.00206923,0.00583051,0.00812054,240,0,0.16381,79.1644,0.642857,28.0952
186,0.726205,0.0386,0.00748372,0.00583051,0.0293692,240,0,0.16381,21.8888,0.642857,28.0952
187,1.9463,0.0386,0.0484682,0.00583051,0.190209,240,0,0.16381,3.37973,0.642857,28.0952
188,1.00199,0.0386,0.010201,0.00583051,0.0400329,240,0,0.16381,16.0582,0.642857,28.0952
189,1.3907,0.0386,0.00555692,0.00583051,0.0218077,240,0,0.16381,29.4785,0.642857,28.0952
190,0.903847,0.0386,0.0474133,0.00583051,0.186069,240,0,0.16381,3.45493,0.642857,28.0952
191,1.03497,0.0386,0.0560815,0.00583051,0.220087,240,0,0.16381,2.92092,0.642857,28.0952
192,1.68315,0.0386,0.0284457,0.00583051,0.111633,240,0,0.16381,5.75868,0.642857,28.0952
193,0.900316,0.0386,0.0289744,0.00583051,0.113708,240,0,0.16381,5.6536,0.642857,28.0952
194,1.08821,0.0386,0.12352,0.00583051,0.484745,240,0,0.16381,1.32618,0.642857,28.0952
195,0.825143,0.0386,0.00863833,0.00583051,0.0339004,240,0,0.16381,18.9631,0.642857,28.0952
196,0.931272,0.0386,0.167003,0.00583051,0.655388,240,0,0.16381,0.98088,0.642857,28.0952
197,0.576171,0.0386,0.0107331,0.00583051,0.042121,240,0,0.16381,15.2622,0.642857,28.0952
198,1.54906,0.0386,0.0272054,0.00583051,0.106765,240,0,0.16381,6.02121,0.642857,28.0952
199,0.340296,0.0386,0.0227948,0.00583051,0.0894562,240,0,0.16381,7.18628,0.642857,28.0952
200,0.402111,0.0386,0.00736733,0.00583051,0.0289125,240,0,0.16381,22.2346,0.642857,28.0952
201,2.15109,0.0386,0.0137272,0.00583051,0.0538711,240,0,0.16381,11.9332,0.642857,28.0952
202,1.1462,0.0386,0.116856,0.00583051,0.458592,240,0,0.16381,1.40181,0.642857,28.0952
203,0.952906,0.0386,0.013124,0.00583051,0.0515039,240,0,0.16381,12.4817,0.642857,28.0952
204,0.565888,0.0386,0.0068755,0.00583051,0.0269823,240,0,0.16381,23.8251,0.642857,28.0952
205,0.386668,0.0386,0.01392,0.00583051,0.0546279,240,0,0.16381,11.7679,0.642857,28.0952
206,1.61714,0.0386,0.0180609,0.00583051,0.0708784,240,0,0.16381,9.06986,0.642857,28.0952
207,1.92637,0.0386,0.0129185,0.00583051,0.0506975,240,0,0.16381,12.6802,0.642857,28.0952
208,0.811733,0.0386,0.0242504,0.00583051,0.0951688,240,0,0.16381,6.75492,0.642857,28.0952
209,1.68275,0.0386,0.0771426,0.00583051,0.30274,240,0,0.16381,2.12346,0.642857,28.0952
210,1.96561,0.0386,0.176099,0.00583051,0.691087,240,0,0.16381,0.930211,0.642857,28.0952
211,1.63437,0.0386,0.0600794,0.00583051,0.235777,240,0,0.16381,2.72655,0.642857,28.0952
212,2.07675,0.0386,0.0551023,0.00583051,0.216245,240,0,0.16381,2.97282,0.642857,28.0952
213,0.884853,0.0386,0.00933782,0.00583051,0.0366455,240,0,0.16381,17.5426,0.642857,28.0952
214,0.353746,0.0386,0.0775738,0.00583051,0.304432,240,0,0.16381,2.11166,0.642857,28.0952
215,0.529294,0.0386,0.0165085,0.00583051,0.0647863,240,0,0.16381,9.92274,0.642857,28.0952
216,1.24294,0.0386,0.0253369,0.00583051,0.0994326,240,0,0.16381,6.46525,0.642857,28.0952
217,2.01123,0.0386,0.0253172,0.00583051,0.0993551,240,0,0.16381,6.4703,0.642857,28.0952
218,0.201152,0.0386,0.160199,0.00583051,0.628686,240,0,0.16381,1.02254,0.642857,28.0952
219,1.5622,0.0386,0.174445,0.00583051,0.684594,240,0,0.16381,0.939034,0.642857,28.0952
220,2.24986,0.0386,0.0218132,0.00583051,0.0856041,240,0,0.16381,7.50965,0.642857,28.0952
221,2.40014,0.0386,0.0133412,0.00583051,0.0523564,240,0,0.16381,12.2785,0.642857,28.0952
222,0.83413,0.0386,0.00982736,0.00583051,0.0385667,240,0,0.16381,16.6687,0.642857,28.0952
223,1.42522,0.0386,0.00752316,0.00583051,0.029524,240,0,0.16381,21.774,0.642857,28.0952
224,1.01116,0.0386,0.100775,0.00583051,0.395483,240,0,0.16381,1.6255,0.642857,28.0952
225,0.418898,0.0386,0.00714526,0.00583051,0.028041,240,0,0.16381,22.9256,0.642857,28.0952
226,0.625785,0.0386,0.00710374,0.00583051,0.0278781,240,0,0.16381,23.0596,0.642857,28.0952
227,1.31831,0.0386,0.0470409,0.00583051,0.184608,240,0,0.16381,3.48228,0.642857,28.0952
228,0.859862,0.0386,0.0117367,0.00583051,0.0460599,240,0,0.16381,13.957,0.642857,28.0952
229,1.97951,0.0386,0.0084572,0.00583051,0.0331896,240,0,0.16381,19.3692,0.642857,28.0952
230,0.718529,0.0386,0.0885513,0.00583051,0.347512,240,0,0.16381,1.84988,0.642857,28.0952
231,0.364952,0.0386,0.0312887,0.00583051,0.12279,240,0,0.16381,5.23543,0.642857,28.0952
232,1.81395,0.0386,0.00427009,0.00583051,0.0167576,240,0,0.16381,38.3621,0.642857,28.0952
233,2.04835,0.0386,0.0588436,0.00583051,0.230927,240,0,0.16381,2.78381,0.642857,28.0952
234,0.804224,0.0386,0.0424563,0.00583051,0.166616,240,0,0.16381,3.85831,0.642857,28.0952
235,0.96456,0.0386,0.00500427,0.00583051,0.0196388,240,0,0.16381,32.734,0.642857,28.0952
236,1.80523,0.0386,0.0179673,0.00583051,0.0705111,240,0,0.16381,9.11711,0.642857,28.0952
237,1.53051,0.0386,0.00927858,0.00583051,0.036413,240,0,0.16381,17.6546,0.642857,28.0952
238,1.34795,0.0386,0.168311,0.00583051,0.660523,240,0,0.16381,0.973255,0.642857,28.0952
239,1.72201,0.0386,0.0346681,0.00583051,0.136052,240,0,0.16381,4.72508,0.642857,28.0952
240,1.9364,0.0386,0.00937002,0.00583051,0.0367719,240,0,0.16381,17.4823,0.642857,28.0952
241,0.676216,0.0386,0.0132482,0.00583051,0.0519913,240,0,0.16381,12.3647,0.642857,28.0952
242,0.667164,0.0386,0.0810286,0.00583051,0.31799,240,0,0.16381,2.02163,0.642857,28.0952
243,1.25223,0.0386,0.0121718,0.00583051,0.0477671,240,0,0.16381,13.4582,0.642857,28.0952
244,1.32127,0.0386,0.0169005,0.00583051,0.0663248,240,0,0.16381,9.69256,0.642857,28.0952
245,3.2136,0.0386,0.0180106,0.00583051,0.0706812,240,0,0.16381,9.09517,0.642857,28.0952
246,0.685221,0.0386,0.0099767,0.00583051,0.0391528,240,0,0.16381,16.4192,0.642857,28.0952
247,0.826691,0.0386,0.0309144,0.00583051,0.121321,240,0,0.16381,5.29881,0.642857,28.0952
248,0.127581,0.0386,0.00690824,0.00583051,0.0271108,240,0,0.16381,23.7122,0.642857,28.0952
249,0.80731,0.0386,0.138405,0.00583051,0.543157,240,0,0.16381,1.18356,0.642857,28.0952
250,2.50012,0.0386,0.0100012,0.00583051,0.0392488,240,0,0.16381,16.379,0.642857,28.0952
251,1.42017,0.0386,0.0159141,0.00583051,0.0624537,240,0,0.16381,10.2933,0.642857,28.0952
252,1.39722,0.0386,0.0863494,0.00583051,0.338871,240,0,0.16381,1.89705,0.642857,28.0952
253,0.859957,0.0386,0.0363837,0.00583051,0.142785,240,0,0.16381,4.50227,0.642857,28.0952
254,1.17953,0.0386,0.0710015,0.00583051,0.278639,240,0,0.16381,2.30713,0.642857,28.0952
255,0.753567,0.0386,0.00859164,0.00583051,0.0337172,240,0,0.16381,19.0661,0.642857,28.0952
256,1.8472,0.0386,0.0132136,0.00583051,0.0518556,240,0,0.16381,12.3971,0.642857,28.0952
257,3.0673,0.0386,0.0594411,0.00583051,0.233272,240,0,0.16381,2.75583,0.642857,28.0952
258,1.87776,0.0386,0.01335,0.00583051,0.052391,240,0,0.16381,12.2704,0.642857,28.0952
259,2.19566,0.0386,0.0149216,0.00583051,0.0585586,240,0,0.16381,10.978,0.642857,28.0952
260,1.64819,0.0386,0.0964991,0.00583051,0.378703,240,0,0.16381,1.69752,0.642857,28.0952
261,0.24083,0.0386,0.0314211,0.00583051,0.12331,240,0,0.16381,5.21336,0.642857,28.0952
262,1.29776,0.0386,0.00267993,0.00583051,0.0105172,240,0,0.16381,61.1246,0.642857,28.0952
263,1.57096,0.0386,0.0577501,0.00583051,0.226635,240,0,0.16381,2.83652,0.642857,28.0952
264,0.737289,0.0386,0.104175,0.00583051,0.408824,240,0,0.16381,1.57245,0.642857,28.0952
265,0.250271,0.0386,0.0095836,0.00583051,0.0376101,240,0,0.16381,17.0927,0.642857,28.0952
266,1.07261,0.0386,0.00315093,0.00583051,0.0123656,240,0,0.16381,51.9877,0.642857,28.0952
267,1.43434,0.0386,0.0879905,0.00583051,0.345311,240,0,0.16381,1.86167,0.642857,28.0952
268,1.18318,0.0386,0.0271322,0.00583051,0.106478,240,0,0.16381,6.03746,0.642857,28.0952
269,0.383702,0.0386,0.122178,0.00583051,0.479476,240,0,0.16381,1.34075,0.642857,28.0952
270,1.71264,0.0386,0.00595084,0.00583051,0.0233536,240,0,0.16381,27.5271,0.642857,28.0952
271,0.614338,0.0386,0.442122,0.00583051,1.73507,240,0,0.16381,0.370508,0.642857,28.0952
272,0.609709,0.0386,0.0132776,0.00583051,0.052107,240,0,0.16381,12.3373,0.642857,28.0952
273,0.789874,0.0386,0.0484966,0.00583051,0.190321,240,0,0.16381,3.37775,0.642857,28.0952
274,0.56875,0.0386,0.0329903,0.00583051,0.129468,240,0,0.16381,4.96538,0.642857,28.0952
275,0.593043,0.0386,0.00999155,0.00583051,0.039211,240,0,0.16381,16.3948,0.642857,28.0952
276,3.01875,0.0386,0.027152,0.00583051,0.106556,240,0,0.16381,6.03306,0.642857,28.0952
277,0.658265,0.0386,0.0320316,0.00583051,0.125705,240,0,0.16381,5.114,0.642857,28.0952
278,1.03745,0.0386,0.0233733,0.00583051,0.0917266,240,0,0.16381,7.00841,0.642857,28.0952
279,0.751328,0.0386,0.219749,0.00583051,0.862387,240,0,0.16381,0.745439,0.642857,28.0952
280,0.307836,0.0386,0.0727158,0.00583051,0.285367,240,0,0.16381,2.25274,0.642857,28.0952
281,1.31968,0.0386,0.00769848,0.00583051,0.0302121,240,0,0.16381,21.2782,0.642857,28.0952
282,0.676461,0.0386,0.0169594,0.00583051,0.0665557,240,0,0.16381,9.65894,0.642857,28.0952
283,0.349487,0.0386,0.0421642,0.00583051,0.16547,240,0,0.16381,3.88504,0.642857,28.0952
284,1.06284,0.0386,0.0543349,0.00583051,0.213233,240,0,0.16381,3.01481,0.642857,28.0952
285,0.706859,0.0386,0.0781316,0.00583051,0.306621,240,0,0.16381,2.09659,0.642857,28.0952
286,0.601456,0.0386,0.0389305,0.00583051,0.152779,240,0,0.16381,4.20775,0.642857,28.0952
287,0.827158,0.0386,0.0563943,0.00583051,0.221315,240,0,0.16381,2.90472,0.642857,28.0952
288,0.835776,0.0386,0.183809,0.00583051,0.721344,240,0,0.16381,0.891194,0.642857,28.0952
289,2.37717,0.0386,0.0619823,0.00583051,0.243244,240,0,0.16381,2.64285,0.642857,28.0952
290,0.905144,0.0386,0.033016,0.00583051,0.129568,240,0,0.16381,4.96153,0.642857,28.0952
291,3.21537,0.0386,0.0307804,0.00583051,0.120795,240,0,0.16381,5.32188,0.642857,28.0952
292,2.73954,0.0386,0.0454438,0.00583051,0.17834,240,0,0.16381,3.60466,0.642857,28.0952
293,1.19069,0.0386,0.213361,0.00583051,0.837316,240,0,0.16381,0.767759,0.642857,28.0952
294,1.15627,0.0386,0.60318,0.00583051,2.36713,240,0,0.16381,0.271577,0.642857,28.0952
295,0.985899,0.0386,0.00880768,0.00583051,0.034565,240,0,0.16381,18.5985,0.642857,28.0952
296,0.475271,0.0386,0.0529057,0.00583051,0.207624,240,0,0.16381,3.09626,0.642857,28.0952
297,0.963359,0.0386,0.0515403,0.00583051,0.202266,240,0,0.16381,3.17828,0.642857,28.0952
298,0.762982,0.0386,0.0139879,0.00583051,0.0548942,240,0,0.16381,11.7108,0.642857,28.0952
299,2.05276,0.0386,0.478538,0.00583051,1.87798,240,0,0.16381,0.342313,0.642857,28.0952
300,0.991174,0.0386,0.0449343,0.00583051,0.176341,240,0,0.16381,3.64553,0.642857,28.0952
301,0.575568,0.0386,0.0353498,0.00583051,0.138727,240,0,0.16381,4.63396,0.642857,28.0952
302,1.94495,0.0386,0.0309872,0.00583051,0.121607,240,0,0.16381,5.28637,0.642857,28.0952
303,0.670249,0.0386,0.0499876,0.00583051,0.196172,240,0,0.16381,3.27701,0.642857,28.0952
304,1.50414,0.0386,0.052543,0.00583051,0.206201,240,0,0.16381,3.11763,0.642857,28.0952
305,0.708338,0.0386,0.167387,0.00583051,0.656898,240,0,0.16381,0.978626,0.642857,28.0952
306,1.87966,0.0386,0.0197397,0.00583051,0.077467,240,0,0.16381,8.29847,0.642857,28.0952
307,2.92174,0.0386,0.00848533,0.00583051,0.0333,240,0,0.16381,19.305,0.642857,28.0952
308,0.0914834,0.0386,0.0293924,0.00583051,0.115348,240,0,0.16381,5.57319,0.642857,28.0952
309,1.25123,0.0386,0.00934704,0.00583051,0.0366817,240,0,0.16381,17.5253,0.642857,28.0952
310,0.359285,0.0386,0.0177703,0.00583051,0.0697379,240,0,0.16381,9.21818,0.642857,28.0952
311,0.861313,0.0386,0.0422747,0.00583051,0.165904,240,0,0.16381,3.87488,0.642857,28.0952
312,0.692933,0.0386,0.0588269,0.00583051,0.230861,240,0,0.16381,2.7846,0.642857,28.0952
313,1.53097,0.0386,0.00945717,0.00583051,0.0371139,240,0,0.16381,17.3212,0.642857,28.0952
314,0.603489,0.0386,0.0145142,0.00583051,0.0569598,240,0,0.16381,11.2862,0.642857,28.0952
315,1.19979,0.0386,0.0149787,0.00583051,0.0587828,240,0,0.16381,10.9361,0.642857,28.0952
316,0.46818,0.0386,0.00913676,0.00583051,0.0358565,240,0,0.16381,17.9286,0.642857,28.0952
317,1.21637,0.0386,0.0827838,0.00583051,0.324878,240,0,0.16381,1.97876,0.642857,28.0952
318,1.35292,0.0386,0.010951,0.00583051,0.0429765,240,0,0.16381,14.9584,0.642857,28.0952
319,1.2051,0.0386,0.347683,0.00583051,1.36445,240,0,0.16381,0.471146,0.642857,28.0952
320,1.12799,0.0386,0.0203085,0.00583051,0.0796992,240,0,0.16381,8.06605,0.642857,28.0952
321,1.00341,0.0386,0.0401693,0.00583051,0.157641,240,0,0.16381,4.07797,0.642857,28.0952
322,2.02799,0.0386,0.0154628,0.00583051,0.0606826,240,0,0.16381,10.5938,0.642857,28.0952
323,1.64503,0.0386,0.0182526,0.00583051,0.0716307,240,0,0.16381,8.97461,0.642857,28.0952
324,0.579757,0.0386,0.123153,0.00583051,0.483303,240,0,0.16381,1.33013,0.642857,28.0952
325,0.980532,0.0386,0.0672958,0.00583051,0.264097,240,0,0.16381,2.43417,0.642857,28.0952
326,0.9484,0.0386,0.0477967,0.00583051,0.187574,240,0,0.16381,3.42721,0.642857,28.0952
327,0.938127,0.0386,0.00584073,0.00583051,0.0229215,240,0,0.16381,28.0461,0.642857,28.0952
328,0.592754,0.0386,0.0448634,0.00583051,0.176063,240,0,0.16381,3.6513,0.642857,28.0952
329,0.487098,0.0386,0.0321485,0.00583051,0.126164,240,0,0.16381,5.09541,0.642857,28.0952
330,2.1239,0.0386,0.0594547,0.00583051,0.233325,240,0,0.16381,2.7552,0.642857,28.0952
331,1.18669,0.0386,0.0766443,0.00583051,0.300784,240,0,0.16381,2.13727,0.642857,28.0952
332,0.536269,0.0386,0.013085,0.00583051,0.0513512,240,0,0.16381,12.5188,0.642857,28.0952
333,1.35822,0.0386,0.0116293,0.00583051,0.0456381,240,0,0.16381,14.086,0.642857,28.0952
334,2.69446,0.0386,0.0152906,0.00583051,0.0600066,240,0,0.16381,10.7131,0.642857,28.0952
335,1.32669,0.0386,0.0448467,0.00583051,0.175997,240,0,0.16381,3.65265,0.642857,28.0952
336,0.913249,0.0386,0.0139308,0.00583051,0.0546703,240,0,0.16381,11.7588,0.642857,28.0952
337,1.71694,0.0386,0.0149254,0.00583051,0.0585734,240,0,0.16381,10.9752,0.642857,28.0952
338,1.74583,0.0386,0.00912049,0.00583051,0.0357926,240,0,0.16381,17.9606,0.642857,28.0952
339,0.359661,0.0386,0.0209808,0.00583051,0.0823374,240,0,0.16381,7.80759,0.642857,28.0952
340,0.240168,0.0386,0.0337393,0.00583051,0.132407,240,0,0.16381,4.85515,0.642857,28.0952
341,0.697056,0.0386,0.111676,0.00583051,0.438264,240,0,0.16381,1.46683,0.642857,28.0952
342,1.7035,0.0386,0.0153776,0.00583051,0.0603483,240,0,0.16381,10.6525,0.642857,28.0952
343,0.569174,0.0386,0.020237,0.00583051,0.0794184,240,0,0.16381,8.09456,0.642857,28.0952
344,0.806916,0.0386,0.0477554,0.00583051,0.187412,240,0,0.16381,3.43018,0.642857,28.0952
345,0.777128,0.0386,0.120893,0.00583051,0.474434,240,0,0.16381,1.355,0.642857,28.0952
346,1.15444,0.0386,0.0534618,0.00583051,0.209806,240,0,0.16381,3.06405,0.642857,28.0952
347,0.271999,0.0386,0.0461575,0.00583051,0.181141,240,0,0.16381,3.54892,0.642857,28.0952
348,0.180284,0.0386,0.0577246,0.00583051,0.226536,240,0,0.16381,2.83778,0.642857,28.0952
349,1.86923,0.0386,0.0168386,0.00583051,0.0660816,240,0,0.16381,9.72823,0.642857,28.0952
350,1.07363,0.0386,0.0116326,0.00583051,0.0456514,240,0,0.16381,14.0819,0.642857,28.0952
351,2.04519,0.0386,0.0219326,0.00583051,0.0860728,240,0,0.16381,7.46876,0.642857,28.0952
352,0.827351,0.0386,0.0158669,0.00583051,0.0622685,240,0,0.16381,10.324,0.642857,28.0952
353,0.640085,0.0386,0.00639424,0.00583051,0.0250937,240,0,0.16381,25.6183,0.642857,28.0952
354,0.550555,0.0386,0.0354142,0.00583051,0.13898,240,0,0.16381,4.62554,0.642857,28.0952
355,1.03333,0.0386,0.25364,0.00583051,0.99539,240,0,0.16381,0.645835,0.642857,28.0952
356,0.747659,0.0386,0.160005,0.00583051,0.627928,240,0,0.16381,1.02378,0.642857,28.0952
357,0.678936,0.0386,0.0125716,0.00583051,0.0493362,240,0,0.16381,13.0301,0.642857,28.0952
358,1.43212,0.0386,0.0280561,0.00583051,0.110104,240,0,0.16381,5.83865,0.642857,28.0952
359,0.507356,0.0386,0.0103226,0.00583051,0.0405103,240,0,0.16381,15.869,0.642857,28.0952
360,1.16864,0.0386,0.135011,0.00583051,0.529841,240,0,0.16381,1.2133,0.642857,28.0952
361,2.00441,0.0386,0.0317411,0.00583051,0.124566,240,0,0.16381,5.1608,0.642857,28.0952
362,0.69479,0.0386,0.0168611,0.00583051,0.0661699,240,0,0.16381,9.71526,0.642857,28.0952
363,1.96626,0.0386,0.00680242,0.00583051,0.0266955,240,0,0.16381,24.0811,0.642857,28.0952
364,0.17236,0.0386,0.0466157,0.00583051,0.182939,240,0,0.16381,3.51405,0.642857,28.0952
365,0.838835,0.0386,0.164045,0.00583051,0.643781,240,0,0.16381,0.998565,0.642857,28.0952
366,0.39275,0.0386,0.0255667,0.00583051,0.100334,240,0,0.16381,6.40715,0.642857,28.0952
367,1.83567,0.0386,0.00199879,0.00583051,0.00784408,240,0,0.16381,81.9544,0.642857,28.0952
368,1.10434,0.0386,0.0491607,0.00583051,0.192927,240,0,0.16381,3.33212,0.642857,28.0952
369,2.12614,0.0386,0.0069171,0.00583051,0.0271456,240,0,0.16381,23.6818,0.642857,28.0952
370,2.00725,0.0386,0.0110517,0.00583051,0.0433716,240,0,0.16381,14.8221,0.642857,28.0952
371,0.575268,0.0386,0.0394705,0.00583051,0.154899,240,0,0.16381,4.15017,0.642857,28.0952
372,0.632625,0.0386,0.0498789,0.00583051,0.195746,240,0,0.16381,3.28414,0.642857,28.0952
373,1.86382,0.0386,0.506174,0.00583051,1.98644,240,0,0.16381,0.323623,0.642857,28.0952
374,0.795533,0.0386,0.23548,0.00583051,0.92412,240,0,0.16381,0.695642,0.642857,28.0952
375,0.666335,0.0386,0.0345106,0.00583051,0.135434,240,0,0.16381,4.74665,0.642857,28.0952
376,0.707283,0.0386,0.0108867,0.00583051,0.0427241,240,0,0.16381,15.0467,0.642857,28.0952
377,0.238085,0.0386,0.0464235,0.00583051,0.182185,240,0,0.16381,3.52859,0.642857,28.0952
378,0.772164,0.0386,0.0271474,0.00583051,0.106538,240,0,0.16381,6.03407,0.642857,28.0952
379,1.04026,0.0386,0.0329754,0.00583051,0.129409,240,0,0.16381,4.96764,0.642857,28.0952
380,0.171362,0.0386,0.0279418,0.00583051,0.109655,240,0,0.16381,5.86253,0.642857,28.0952
381,0.605273,0.0386,0.0424807,0.00583051,0.166712,240,0,0.16381,3.85609,0.642857,28.0952
382,1.09041,0.0386,0.0597866,0.00583051,0.234628,240,0,0.16381,2.7399,0.642857,28.0952
383,1.04676,0.0386,0.0421528,0.00583051,0.165425,240,0,0.16381,3.88609,0.642857,28.0952
384,0.617409,0.0386,0.00975813,0.00583051,0.038295,240,0,0.16381,16.787,0.642857,28.0952
385,2.05621,0.0386,0.0357985,0.00583051,0.140488,240,0,0.16381,4.57588,0.642857,28.0952
386,1.3461,0.0386,0.0225558,0.00583051,0.0885184,240,0,0.16381,7.26241,0.642857,28.0952
387,1.04304,0.0386,0.0566531,0.00583051,0.22233,240,0,0.16381,2.89145,0.642857,28.0952
388,1.48286,0.0386,0.0364557,0.00583051,0.143067,240,0,0.16381,4.49339,0.642857,28.0952
389,1.23971,0.0386,0.0170282,0.00583051,0.066826,240,0,0.16381,9.61987,0.642857,28.0952
390,0.756598,0.0386,0.00356297,0.00583051,0.0139826,240,0,0.16381,45.9755,0.642857,28.0952
391,0.503294,0.0386,0.0766773,0.00583051,0.300914,240,0,0.16381,2.13635,0.642857,28.0952
392,0.656498,0.0386,0.0243003,0.00583051,0.0953644,240,0,0.16381,6.74106,0.642857,28.0952
393,0.486108,0.0386,0.00469634,0.00583051,0.0184304,240,0,0.16381,34.8803,0.642857,28.0952
394,2.11456,0.0386,0.0498031,0.00583051,0.195448,240,0,0.16381,3.28914,0.642857,28.0952
395,0.838119,0.0386,0.0123001,0.00583051,0.0482709,240,0,0.16381,13.3177,0.642857,28.0952
396,0.492284,0.0386,0.0721731,0.00583051,0.283237,240,0,0.16381,2.26968,0.642857,28.0952
397,2.13743,0.0386,0.015463,0.00583051,0.0606834,240,0,0.16381,10.5936,0.642857,28.0952
398,0.921218,0.0386,0.00812455,0.00583051,0.0318841,240,0,0.16381,20.1623,0.642857,28.0952
399,0.474185,0.0386,0.0200455,0.00583051,0.0786668,240,0,0.16381,8.17189,0.642857,28.0952
400,1.40308,0.0386,0.0382035,0.00583051,0.149927,240,0,0.16381,4.28781,0.642857,28.0952
401,0.842179,0.0386,0.101199,0.00583051,0.397149,240,0,0.16381,1.61868,0.642857,28.0952
402,2.73137,0.0386,0.0627427,0.00583051,0.246229,240,0,0.16381,2.61081,0.642857,28.0952
403,0.990336,0.0386,0.00491958,0.00583051,0.0193065,240,0,0.16381,33.2974,0.642857,28.0952
404,0.298169,0.0386,0.0337815,0.00583051,0.132573,240,0,0.16381,4.84909,0.642857,28.0952
405,2.04971,0.0386,0.0128308,0.00583051,0.0503535,240,0,0.16381,12.7669,0.642857,28.0952
406,1.34038,0.0386,0.0429914,0.00583051,0.168716,240,0,0.16381,3.81029,0.642857,28.0952
407,1.18838,0.0386,0.0209338,0.00583051,0.082153,240,0,0.16381,7.82512,0.642857,28.0952
408,0.796964,0.0386,0.0431217,0.00583051,0.169228,240,0,0.16381,3.79877,0.642857,28.0952
409,1.30046,0.0386,0.0128625,0.00583051,0.0504779,240,0,0.16381,12.7354,0.642857,28.0952
410,3.30915,0.0386,0.0207817,0.00583051,0.0815563,240,0,0.16381,7.88238,0.642857,28.0952
411,0.795093,0.0386,0.0476206,0.00583051,0.186883,240,0,0.16381,3.43989,0.642857,28.0952
412,2.40001,0.0386,0.00797072,0.00583051,0.0312804,240,0,0.16381,20.5514,0.642857,28.0952
413,1.33699,0.0386,0.0538469,0.00583051,0.211318,240,0,0.16381,3.04213,0.642857,28.0952
414,0.747188,0.0386,0.105417,0.00583051,0.4137,240,0,0.16381,1.55392,0.642857,28.0952
415,0.944429,0.0386,0.24243,0.00583051,0.951397,240,0,0.16381,0.675698,0.642857,28.0952
416,0.337973,0.0386,0.0117523,0.00583051,0.046121,240,0,0.16381,13.9385,0.642857,28.0952
417,1.0059,0.0386,0.0515164,0.00583051,0.202172,240,0,0.16381,3.17976,0.642857,28.0952
418,0.292688,0.0386,0.0727533,0.00583051,0.285514,240,0,0.16381,2.25158,0.642857,28.0952
419,0.320097,0.0386,0.00444157,0.00583051,0.0174306,240,0,0.16381,36.881,0.642857,28.0952
420,1.33405,0.0386,0.0225185,0.00583051,0.0883719,240,0,0.16381,7.27445,0.642857,28.0952
421,0.34499,0.0386,0.0572039,0.00583051,0.224492,240,0,0.16381,2.86361,0.642857,28.0952
422,0.817558,0.0386,0.0886261,0.00583051,0.347806,240,0,0.16381,1.84832,0.642857,28.0952
423,0.880985,0.0386,0.0494186,0.00583051,0.193939,240,0,0.16381,3.31474,0.642857,28.0952
424,0.637714,0.0386,0.0101766,0.00583051,0.0399373,240,0,0.16381,16.0967,0.642857,28.0952
425,0.825651,0.0386,0.0387297,0.00583051,0.151992,240,0,0.16381,4.22955,0.642857,28.0952
426,1.97671,0.0386,0.00436791,0.00583051,0.0171415,240,0,0.16381,37.5029,0.642857,28.0952
427,1.68866,0.0386,0.0295208,0.00583051,0.115852,240,0,0.16381,5.54896,0.642857,28.0952
428,0.407377,0.0386,0.0441294,0.00583051,0.173182,240,0,0.16381,3.71202,0.642857,28.0952
429,0.396425,0.0386,0.0821627,0.00583051,0.322441,240,0,0.16381,1.99372,0.642857,28.0952
430,1.5027,0.0386,0.163289,0.00583051,0.640815,240,0,0.16381,1.00319,0.642857,28.0952
431,0.348206,0.0386,0.0251287,0.00583051,0.0986153,240,0,0.16381,6.51883,0.642857,28.0952
432,0.493456,0.0386,0.0339599,0.00583051,0.133273,240,0,0.16381,4.82361,0.642857,28.0952
433,0.967019,0.0386,0.0798644,0.00583051,0.313421,240,0,0.16381,2.0511,0.642857,28.0952
434,0.386593,0.0386,0.0189165,0.00583051,0.0742361,240,0,0.16381,8.65963,0.642857,28.0952
435,1.8229,0.0386,0.0843124,0.00583051,0.330877,240,0,0.16381,1.94289,0.642857,28.0952
436,0.588744,0.0386,0.0952136,0.00583051,0.373658,240,0,0.16381,1.72044,0.642857,28.0952
437,1.64671,0.0386,0.0316858,0.00583051,0.124348,240,0,0.16381,5.1698,0.642857,28.0952
438,0.334686,0.0386,0.0873469,0.00583051,0.342786,240,0,0.16381,1.87539,0.642857,28.0952
439,1.419,0.0386,0.0251908,0.00583051,0.0988594,240,0,0.16381,6.50274,0.642857,28.0952
440,0.854591,0.0386,0.0633448,0.00583051,0.248592,240,0,0.16381,2.586,0.642857,28.0952
441,0.977689,0.0386,0.239717,0.00583051,0.940751,240,0,0.16381,0.683344,0.642857,28.0952
442,0.510557,0.0386,0.0140365,0.00583051,0.0550852,240,0,0.16381,11.6702,0.642857,28.0952
443,1.47194,0.0386,0.0294425,0.00583051,0.115545,240,0,0.16381,5.56372,0.642857,28.0952
444,0.574858,0.0386,0.0220728,0.00583051,0.0866229,240,0,0.16381,7.42133,0.642857,28.0952
445,0.377525,0.0386,0.0579103,0.00583051,0.227264,240,0,0.16381,2.82867,0.642857,28.0952
446,1.19481,0.0386,0.0430198,0.00583051,0.168828,240,0,0.16381,3.80777,0.642857,28.0952
447,0.35002,0.0386,0.037377,0.00583051,0.146683,240,0,0.16381,4.38262,0.642857,28.0952
448,0.707991,0.0386,0.116865,0.00583051,0.458626,240,0,0.16381,1.4017,0.642857,28.0952
449,2.17108,0.0386,0.162102,0.00583051,0.636154,240,0,0.16381,1.01054,0.642857,28.0952
450,1.05053,0.0386,0.00305165,0.00583051,0.0119759,240,0,0.16381,53.6791,0.642857,28.0952
451,1.1636,0.0386,0.0458227,0.00583051,0.179828,240,0,0.16381,3.57485,0.642857,28.0952
452,0.680756,0.0386,0.0041785,0.00583051,0.0163982,240,0,0.16381,39.203,0.642857,28.0952
453,1.23497,0.0386,0.0218489,0.00583051,0.0857442,240,0,0.16381,7.49738,0.642857,28.0952
454,0.319469,0.0386,0.0196664,0.00583051,0.077179,240,0,0.16381,8.32943,0.642857,28.0952
455,0.393163,0.0386,0.013927,0.00583051,0.0546556,240,0,0.16381,11.762,0.642857,28.0952
456,0.932769,0.0386,0.00575657,0.00583051,0.0225912,240,0,0.16381,28.4561,0.642857,28.0952
457,0.944336,0.0386,0.0338948,0.00583051,0.133017,240,0,0.16381,4.83289,0.642857,28.0952
458,1.04449,0.0386,0.0602481,0.00583051,0.236439,240,0,0.16381,2.71892,0.642857,28.0952
459,0.758046,0.0386,0.0860736,0.00583051,0.337789,240,0,0.16381,1.90313,0.642857,28.0952
460,1.10293,0.0386,0.00635189,0.00583051,0.0249275,240,0,0.16381,25.7891,0.642857,28.0952
461,1.58467,0.0386,0.0589426,0.00583051,0.231316,240,0,0.16381,2.77914,0.642857,28.0952
462,0.703181,0.0386,0.0895434,0.00583051,0.351406,240,0,0.16381,1.82939,0.642857,28.0952
463,0.783032,0.0386,0.0151762,0.00583051,0.0595578,240,0,0.16381,10.7938,0.642857,28.0952
464,2.02734,0.0386,0.0116878,0.00583051,0.0458678,240,0,0.16381,14.0154,0.642857,28.0952
465,2.02594,0.0386,0.179726,0.00583051,0.70532,240,0,0.16381,0.91144,0.642857,28.0952
466,0.846162,0.0386,0.0454653,0.00583051,0.178425,240,0,0.16381,3.60296,0.642857,28.0952
467,0.960965,0.0386,0.0783901,0.00583051,0.307636,240,0,0.16381,2.08967,0.642857,28.0952
468,1.30588,0.0386,0.0192315,0.00583051,0.0754725,240,0,0.16381,8.51777,0.642857,28.0952
469,0.958548,0.0386,0.0356826,0.00583051,0.140033,240,0,0.16381,4.59074,0.642857,28.0952
470,1.6728,0.0386,0.0198981,0.00583051,0.0780886,240,0,0.16381,8.23241,0.642857,28.0952
471,0.427505,0.0386,0.0152583,0.00583051,0.0598799,240,0,0.16381,10.7358,0.642857,28.0952
472,3.41603,0.0386,0.026613,0.00583051,0.104441,240,0,0.16381,6.15524,0.642857,28.0952
473,1.0295,0.0386,0.0266547,0.00583051,0.104604,240,0,0.16381,6.14561,0.642857,28.0952
474,1.28566,0.0386,0.0843814,0.00583051,0.331148,240,0,0.16381,1.9413,0.642857,28.0952
475,1.74581,0.0386,0.0628725,0.00583051,0.246738,240,0,0.16381,2.60542,0.642857,28.0952
476,1.66631,0.0386,0.0836248,0.00583051,0.328179,240,0,0.16381,1.95886,0.642857,28.0952
477,2.3586,0.0386,0.0120382,0.00583051,0.0472429,240,0,0.16381,13.6075,0.642857,28.0952
478,0.170661,0.0386,0.0240623,0.00583051,0.0944305,240,0,0.16381,6.80773,0.642857,28.0952
479,0.100265,0.0386,0.157342,0.00583051,0.617475,240,0,0.16381,1.04111,0.642857,28.0952
480,1.12937,0.0386,0.0255436,0.00583051,0.100244,240,0,0.16381,6.41293,0.642857,28.0952
481,2.04499,0.0386,0.0682754,0.00583051,0.267941,240,0,0.16381,2.39924,0.642857,28.0952
482,0.878679,0.0386,0.0520847,0.00583051,0.204402,240,0,0.16381,3.14506,0.642857,28.0952
483,0.906412,0.0386,0.0128107,0.00583051,0.0502744,240,0,0.16381,12.787,0.642857,28.0952
484,0.168866,0.0386,0.0384085,0.00583051,0.150731,240,0,0.16381,4.26493,0.642857,28.0952
485,1.89242,0.0386,0.00532883,0.00583051,0.0209126,240,0,0.16381,30.7402,0.642857,28.0952
486,2.40371,0.0386,0.101355,0.00583051,0.39776,240,0,0.16381,1.61619,0.642857,28.0952
487,1.87529,0.0386,0.17605,0.00583051,0.690892,240,0,0.16381,0.930473,0.642857,28.0952
488,0.583339,0.0386,0.313572,0.00583051,1.23059,240,0,0.16381,0.522398,0.642857,28.0952
489,1.28309,0.0386,0.0357184,0.00583051,0.140174,240,0,0.16381,4.58614,0.642857,28.0952
490,1.89997,0.0386,0.0452653,0.00583051,0.17764,240,0,0.16381,3.61888,0.642857,28.0952
491,0.258145,0.0386,0.0146816,0.00583051,0.0576167,240,0,0.16381,11.1575,0.642857,28.0952
492,0.895771,0.0386,0.057274,0.00583051,0.224767,240,0,0.16381,2.8601,0.642857,28.0952
493,2.41293,0.0386,0.0381726,0.00583051,0.149805,240,0,0.16381,4.29128,0.642857,28.0952
494,1.6879,0.0386,0.107022,0.00583051,0.419999,240,0,0.16381,1.53061,0.642857,28.0952
495,1.11808,0.0386,0.0257287,0.00583051,0.10097,240,0,0.16381,6.36679,0.642857,28.0952
496,0.821352,0.0386,0.048485,0.00583051,0.190275,240,0,0.16381,3.37856,0.642857,28.0952
497,0.444223,0.0386,0.0258097,0.00583051,0.101288,240,0,0.16381,6.34683,0.642857,28.0952
498,1.26418,0.0386,0.00760831,0.00583051,0.0298582,240,0,0.16381,21.5303,0.642857,28.0952
499,2.83161,0.0386,0.0394421,0.00583051,0.154787,240,0,0.16381,4.15316,0.642857,28.0952
