PID,i_lum_F1_indiv,i_lum_k12(KA),i_lum_k23(Q/V),i_lum_k32(Q/VP),i_lum_k20(CL/V),total_mg_dose_per_occassion,DS,Q,V,CL,VP
0,0.522504,0.0386,0.0696029,0.00583051,0.273151,120,0,0.0819048,1.17674,0.321429,14.0476
1,0.490152,0.0386,0.0158633,0.00583051,0.0622542,120,0,0.0819048,5.16316,0.321429,14.0476
2,0.714294,0.0386,0.0559593,0.00583051,0.219608,120,0,0.0819048,1.46365,0.321429,14.0476
3,2.63224,0.0386,0.0206637,0.00583051,0.0810931,120,0,0.0819048,3.9637,0.321429,14.0476
4,0.459136,0.0386,0.0111384,0.00583051,0.0437118,120,0,0.0819048,7.35336,0.321429,14.0476
5,0.695206,0.0386,0.0208092,0.00583051,0.0816642,120,0,0.0819048,3.93598,0.321429,14.0476
6,1.18453,0.0386,0.0172387,0.00583051,0.0676518,120,0,0.0819048,4.75122,0.321429,14.0476
7,1.43195,0.0386,0.0434642,0.00583051,0.170572,120,0,0.0819048,1.88442,0.321429,14.0476
8,1.70208,0.0386,0.053177,0.00583051,0.208689,120,0,0.0819048,1.54023,0.321429,14.0476
9,0.894233,0.0386,0.00375606,0.00583051,0.0147404,120,0,0.0819048,21.806,0.321429,14.0476
10,0.79519,0.0386,0.00737457,0.00583051,0.0289409,120,0,0.0819048,11.1064,0.321429,14.0476
11,0.202296,0.0386,0.0227206,0.00583051,0.089165,120,0,0.0819048,3.60488,0.321429,14.0476
12,0.367196,0.0386,0.0566744,0.00583051,0.222414,120,0,0.0819048,1.44518,0.321429,14.0476
13,1.22537,0.0386,0.00488316,0.00583051,0.0191636,120,0,0.0819048,16.7729,0.321429,14.0476
14,0.762704,0.0386,0.0553101,0.00583051,0.21706,120,0,0.0819048,1.48083,0.321429,14.0476
15,1.52339,0.0386,0.221776,0.00583051,0.870341,120,0,0.0819048,0.369313,0.321429,14.0476
16,0.719434,0.0386,0.0042219,0.00583051,0.0165685,120,0,0.0819048,19.4,0.321429,14.0476
17,1.78448,0.0386,0.0164447,0.00583051,0.064536,120,0,0.0819048,4.98061,0.321429,14.0476
18,0.785446,0.0386,0.0401616,0.00583051,0.157611,120,0,0.0819048,2.03938,0.321429,14.0476
19,0.961956,0.0386,0.232509,0.00583051,0.912462,120,0,0.0819048,0.352265,0.321429,14.0476
20,1.61902,0.0386,0.116894,0.00583051,0.458742,120,0,0.0819048,0.700674,0.321429,14.0476
21,0.897133,0.0386,0.0359501,0.00583051,0.141083,120,0,0.0819048,2.27829,0.321429,14.0476
22,1.09408,0.0386,0.0555691,0.00583051,0.218076,120,0,0.0819048,1.47393,0.321429,14.0476
23,0.858488,0.0386,0.00719184,0.00583051,0.0282238,120,0,0.0819048,11.3886,0.321429,14.0476
24,0.989921,0.0386,0.0207955,0.00583051,0.0816103,120,0,0.0819048,3.93858,0.321429,14.0476
25,0.197908,0.0386,0.0181401,0.00583051,0.0711894,120,0,0.0819048,4.51512,0.321429,14.0476
26,0.077632,0.0386,0.0216789,0.00583051,0.0850772,120,0,0.0819048,3.77808,0.321429,14.0476
27,1.46331,0.0386,0.00821014,0.00583051,0.03222,120,0,0.0819048,9.97604,0.321429,14.0476
28,0.676495,0.0386,0.251008,0.00583051,0.98506,120,0,0.0819048,0.326304,0.321429,14.0476
29,0.934156,0.0386,0.0202274,0.00583051,0.079381,120,0,0.0819048,4.04919,0.321429,14.0476
30,0.929232,0.0386,0.0323217,0.00583051,0.126844,120,0,0.0819048,2.53405,0.321429,14.0476
31,0.824922,0.0386,0.0338146,0.00583051,0.132703,120,0,0.0819048,2.42217,0.321429,14.0476
32,1.01665,0.0386,0.0336317,0.00583051,0.131985,120,0,0.0819048,2.43534,0.321429,14.0476
33,1.85138,0.0386,0.0170477,0.00583051,0.0669023,120,0,0.0819048,4.80445,0.321429,14.0476
34,1.9567,0.0386,0.00368686,0.00583051,0.0144688,120,0,0.0819048,22.2153,0.321429,14.0476
35,1.64895,0.0386,0.0567843,0.00583051,0.222846,120,0,0.0819048,1.44238,0.321429,14.0476
36,1.35293,0.0386,0.0123283,0.00583051,0.0483813,120,0,0.0819048,6.64366,0.321429,14.0476
37,1.29219,0.0386,0.0107738,0.00583051,0.042281,120,0,0.0819048,7.60221,0.321429,14.0476
38,2.04553,0.0386,0.00470681,0.00583051,0.0184715,120,0,0.0819048,17.4013,0.321429,14.0476
39,1.442,0.0386,0.031271,0.00583051,0.12272,120,0,0.0819048,2.6192,0.321429,14.0476
40,0.908648,0.0386,0.018364,0.00583051,0.072068,120,0,0.0819048,4.46007,0.321429,14.0476
41,0.708574,0.0386,0.012686,0.00583051,0.0497851,120,0,0.0819048,6.45632,0.321429,14.0476
42,2.00822,0.0386,0.0959615,0.00583051,0.376593,120,0,0.0819048,0.853517,0.321429,14.0476
43,0.902582,0.0386,0.0184381,0.00583051,0.0723588,120,0,0.0819048,4.44215,0.321429,14.0476
44,1.57751,0.0386,0.03061,0.00583051,0.120127,120,0,0.0819048,2.67575,0.321429,14.0476
45,1.23408,0.0386,0.0419401,0.00583051,0.164591,120,0,0.0819048,1.9529,0.321429,14.0476
46,0.370764,0.0386,0.0601622,0.00583051,0.236102,120,0,0.0819048,1.3614,0.321429,14.0476
47,1.00393,0.0386,0.0131089,0.00583051,0.0514448,120,0,0.0819048,6.24803,0.321429,14.0476
48,0.560886,0.0386,0.0206141,0.00583051,0.0808985,120,0,0.0819048,3.97323,0.321429,14.0476
49,0.894504,0.0386,0.00716089,0.00583051,0.0281023,120,0,0.0819048,11.4378,0.321429,14.0476
50,0.163906,0.0386,0.269079,0.00583051,1.05598,120,0,0.0819048,0.30439,0.321429,14.0476
51,0.208743,0.0386,0.0377352,0.00583051,0.148089,120,0,0.0819048,2.17052,0.321429,14.0476
52,3.0437,0.0386,0.00312329,0.00583051,0.0122571,120,0,0.0819048,26.2239,0.321429,14.0476
53,1.59091,0.0386,0.0852267,0.00583051,0.334465,120,0,0.0819048,0.961022,0.321429,14.0476
54,0.498398,0.0386,0.0120882,0.00583051,0.047439,120,0,0.0819048,6.77561,0.321429,14.0476
55,1.85393,0.0386,0.168635,0.00583051,0.661793,120,0,0.0819048,0.485694,0.321429,14.0476
56,0.686708,0.0386,0.0435166,0.00583051,0.170777,120,0,0.0819048,1.88215,0.321429,14.0476
57,1.40616,0.0386,0.0209238,0.00583051,0.0821138,120,0,0.0819048,3.91443,0.321429,14.0476
58,2.90404,0.0386,0.0155675,0.00583051,0.0610933,120,0,0.0819048,5.26128,0.321429,14.0476
59,1.21652,0.0386,0.31082,0.00583051,1.21979,120,0,0.0819048,0.263512,0.321429,14.0476
60,2.06208,0.0386,0.0896189,0.00583051,0.351702,120,0,0.0819048,0.913923,0.321429,14.0476
61,2.35895,0.0386,0.0210293,0.00583051,0.082528,120,0,0.0819048,3.89478,0.321429,14.0476
62,0.16917,0.0386,0.0196048,0.00583051,0.0769373,120,0,0.0819048,4.1778,0.321429,14.0476
63,0.251772,0.0386,0.00780554,0.00583051,0.0306322,120,0,0.0819048,10.4932,0.321429,14.0476
64,1.16132,0.0386,0.1175,0.00583051,0.461121,120,0,0.0819048,0.697059,0.321429,14.0476
65,0.610441,0.0386,0.0559671,0.00583051,0.219638,120,0,0.0819048,1.46345,0.321429,14.0476
66,1.35101,0.0386,0.0894965,0.00583051,0.351222,120,0,0.0819048,0.915173,0.321429,14.0476
67,0.437513,0.0386,0.0533527,0.00583051,0.209378,120,0,0.0819048,1.53516,0.321429,14.0476
68,0.496971,0.0386,0.0712141,0.00583051,0.279474,120,0,0.0819048,1.15012,0.321429,14.0476
69,0.310016,0.0386,0.0577668,0.00583051,0.226701,120,0,0.0819048,1.41785,0.321429,14.0476
70,1.61117,0.0386,0.0426859,0.00583051,0.167517,120,0,0.0819048,1.91878,0.321429,14.0476
71,1.4282,0.0386,0.227825,0.00583051,0.894081,120,0,0.0819048,0.359507,0.321429,14.0476
72,0.734121,0.0386,0.0158684,0.00583051,0.0622741,120,0,0.0819048,5.16151,0.321429,14.0476
73,2.0937,0.0386,0.0532912,0.00583051,0.209137,120,0,0.0819048,1.53693,0.321429,14.0476
74,0.34844,0.0386,0.178614,0.00583051,0.700958,120,0,0.0819048,0.458556,0.321429,14.0476
75,1.23654,0.0386,0.0226804,0.00583051,0.0890074,120,0,0.0819048,3.61126,0.321429,14.0476
76,0.969471,0.0386,0.0861497,0.00583051,0.338087,120,0,0.0819048,0.950727,0.321429,14.0476
77,0.40312,0.0386,0.00676456,0.00583051,0.026547,120,0,0.0819048,12.1079,0.321429,14.0476
78,0.572268,0.0386,0.100707,0.00583051,0.395218,120,0,0.0819048,0.813295,0.321429,14.0476
79,0.775041,0.0386,0.2203,0.00583051,0.864551,120,0,0.0819048,0.371787,0.321429,14.0476
80,0.840313,0.0386,0.261993,0.00583051,1.02817,120,0,0.0819048,0.312622,0.321429,14.0476
81,0.366069,0.0386,0.0575452,0.00583051,0.225831,120,0,0.0819048,1.42331,0.321429,14.0476
82,1.65705,0.0386,0.0409252,0.00583051,0.160608,120,0,0.0819048,2.00133,0.321429,14.0476
83,1.90425,0.0386,0.0152719,0.00583051,0.0599332,120,0,0.0819048,5.36312,0.321429,14.0476
84,1.79579,0.0386,0.0929412,0.00583051,0.36474,120,0,0.0819048,0.881253,0.321429,14.0476
85,0.806991,0.0386,0.00130071,0.00583051,0.00510451,120,0,0.0819048,62.9695,0.321429,14.0476
86,1.21666,0.0386,0.255367,0.00583051,1.00217,120,0,0.0819048,0.320733,0.321429,14.0476
87,0.569107,0.0386,0.0330533,0.00583051,0.129715,120,0,0.0819048,2.47796,0.321429,14.0476
88,0.496767,0.0386,0.0220204,0.00583051,0.0864173,120,0,0.0819048,3.71949,0.321429,14.0476
89,1.70791,0.0386,0.101348,0.00583051,0.397732,120,0,0.0819048,0.808153,0.321429,14.0476
90,1.83701,0.0386,0.0232594,0.00583051,0.0912795,120,0,0.0819048,3.52137,0.321429,14.0476
91,1.55334,0.0386,0.0225927,0.00583051,0.0886633,120,0,0.0819048,3.62527,0.321429,14.0476
92,0.482055,0.0386,0.0217522,0.00583051,0.0853646,120,0,0.0819048,3.76536,0.321429,14.0476
93,1.61907,0.0386,0.0108428,0.00583051,0.0425517,120,0,0.0819048,7.55384,0.321429,14.0476
94,0.257606,0.0386,0.0269372,0.00583051,0.105713,120,0,0.0819048,3.04058,0.321429,14.0476
95,0.498681,0.0386,0.00979066,0.00583051,0.0384226,120,0,0.0819048,8.3656,0.321429,14.0476
96,1.58093,0.0386,0.0443325,0.00583051,0.173979,120,0,0.0819048,1.84751,0.321429,14.0476
97,0.910021,0.0386,0.0121379,0.00583051,0.0476342,120,0,0.0819048,6.74785,0.321429,14.0476
98,1.26935,0.0386,0.0358433,0.00583051,0.140664,120,0,0.0819048,2.28508,0.321429,14.0476
99,1.54305,0.0386,0.0254765,0.00583051,0.0999806,120,0,0.0819048,3.21491,0.321429,14.0476
100,0.944727,0.0386,0.0102639,0.00583051,0.04028,120,0,0.0819048,7.97985,0.321429,14.0476
101,0.815023,0.0386,0.0160451,0.00583051,0.0629679,120,0,0.0819048,5.10465,0.321429,14.0476
102,2.62532,0.0386,0.478769,0.00583051,1.87889,120,0,0.0819048,0.171074,0.321429,14.0476
103,0.798735,0.0386,0.0076612,0.00583051,0.0300657,120,0,0.0819048,10.6909,0.321429,14.0476
104,1.3391,0.0386,0.0419388,0.00583051,0.164585,120,0,0.0819048,1.95296,0.321429,14.0476
105,1.24346,0.0386,0.0138251,0.00583051,0.0542554,120,0,0.0819048,5.92436,0.321429,14.0476
106,0.785926,0.0386,0.0195279,0.00583051,0.0766358,120,0,0.0819048,4.19424,0.321429,14.0476
107,1.0821,0.0386,0.0328432,0.00583051,0.12889,120,0,0.0819048,2.49381,0.321429,14.0476
108,1.11646,0.0386,0.114979,0.00583051,0.451227,120,0,0.0819048,0.712343,0.321429,14.0476
109,0.64323,0.0386,0.00729303,0.00583051,0.0286209,120,0,0.0819048,11.2306,0.321429,14.0476
110,1.16879,0.0386,0.0188414,0.00583051,0.0739415,120,0,0.0819048,4.34707,0.321429,14.0476
111,1.00565,0.0386,0.0132118,0.00583051,0.0518487,120,0,0.0819048,6.19936,0.321429,14.0476
112,2.26647,0.0386,0.0102151,0.00583051,0.0400882,120,0,0.0819048,8.01803,0.321429,14.0476
113,0.779933,0.0386,0.00758734,0.00583051,0.0297759,120,0,0.0819048,10.7949,0.321429,14.0476
114,1.29645,0.0386,0.0286456,0.00583051,0.112417,120,0,0.0819048,2.85925,0.321429,14.0476
115,1.45797,0.0386,0.0847915,0.00583051,0.332757,120,0,0.0819048,0.965955,0.321429,14.0476
116,0.658988,0.0386,0.21615,0.00583051,0.848264,120,0,0.0819048,0.378925,0.321429,14.0476
117,1.56816,0.0386,0.0817827,0.00583051,0.320949,120,0,0.0819048,1.00149,0.321429,14.0476
118,1.92091,0.0386,0.0067369,0.00583051,0.0264384,120,0,0.0819048,12.1576,0.321429,14.0476
119,1.60804,0.0386,0.0558507,0.00583051,0.219181,120,0,0.0819048,1.4665,0.321429,14.0476
120,1.54836,0.0386,0.0337225,0.00583051,0.132341,120,0,0.0819048,2.42879,0.321429,14.0476
121,1.60122,0.0386,0.0233415,0.00583051,0.091602,120,0,0.0819048,3.50897,0.321429,14.0476
122,1.38939,0.0386,0.278948,0.00583051,1.09471,120,0,0.0819048,0.29362,0.321429,14.0476
123,2.60236,0.0386,0.129305,0.00583051,0.507445,120,0,0.0819048,0.633425,0.321429,14.0476
124,0.694582,0.0386,0.0693186,0.00583051,0.272035,120,0,0.0819048,1.18157,0.321429,14.0476
125,0.643947,0.0386,0.0565474,0.00583051,0.221916,120,0,0.0819048,1.44843,0.321429,14.0476
126,0.804142,0.0386,0.0505399,0.00583051,0.19834,120,0,0.0819048,1.6206,0.321429,14.0476
127,1.54194,0.0386,0.071157,0.00583051,0.27925,120,0,0.0819048,1.15104,0.321429,14.0476
128,1.92356,0.0386,0.0603837,0.00583051,0.236971,120,0,0.0819048,1.3564,0.321429,14.0476
129,1.14167,0.0386,0.0221704,0.00583051,0.0870058,120,0,0.0819048,3.69434,0.321429,14.0476
130,0.479831,0.0386,0.127348,0.00583051,0.499769,120,0,0.0819048,0.643155,0.321429,14.0476
131,0.867613,0.0386,0.0231799,0.00583051,0.0909675,120,0,0.0819048,3.53344,0.321429,14.0476
132,1.24193,0.0386,0.0123587,0.00583051,0.0485007,120,0,0.0819048,6.6273,0.321429,14.0476
133,0.161774,0.0386,0.188077,0.00583051,0.738091,120,0,0.0819048,0.435486,0.321429,14.0476
134,0.798982,0.0386,0.0161466,0.00583051,0.0633662,120,0,0.0819048,5.07256,0.321429,14.0476
135,0.803709,0.0386,0.0530944,0.00583051,0.208365,120,0,0.0819048,1.54263,0.321429,14.0476
136,1.16715,0.0386,0.0100766,0.00583051,0.0395446,120,0,0.0819048,8.12825,0.321429,14.0476
137,1.29307,0.0386,0.0149256,0.00583051,0.0585742,120,0,0.0819048,5.48755,0.321429,14.0476
138,0.934328,0.0386,0.00718884,0.00583051,0.028212,120,0,0.0819048,11.3933,0.321429,14.0476
139,0.59371,0.0386,0.0237183,0.00583051,0.0930805,120,0,0.0819048,3.45323,0.321429,14.0476
140,0.726424,0.0386,0.0263437,0.00583051,0.103384,120,0,0.0819048,3.10909,0.321429,14.0476
141,0.430367,0.0386,0.13256,0.00583051,0.52022,120,0,0.0819048,0.61787,0.321429,14.0476
142,0.91747,0.0386,0.277902,0.00583051,1.0906,120,0,0.0819048,0.294725,0.321429,14.0476
143,0.25843,0.0386,0.116124,0.00583051,0.455718,120,0,0.0819048,0.705323,0.321429,14.0476
144,0.693729,0.0386,0.443764,0.00583051,1.74152,120,0,0.0819048,0.184568,0.321429,14.0476
145,0.558174,0.0386,0.222302,0.00583051,0.872408,120,0,0.0819048,0.368438,0.321429,14.0476
146,2.37243,0.0386,0.0663638,0.00583051,0.260439,120,0,0.0819048,1.23418,0.321429,14.0476
147,1.05166,0.0386,0.0204043,0.00583051,0.0800751,120,0,0.0819048,4.01409,0.321429,14.0476
148,1.17024,0.0386,0.0609593,0.00583051,0.23923,120,0,0.0819048,1.3436,0.321429,14.0476
149,0.835397,0.0386,0.0229506,0.00583051,0.0900678,120,0,0.0819048,3.56874,0.321429,14.0476
150,3.25877,0.0386,0.0760994,0.00583051,0.298646,120,0,0.0819048,1.07629,0.321429,14.0476
151,1.97188,0.0386,0.0410476,0.00583051,0.161088,120,0,0.0819048,1.99536,0.321429,14.0476
152,0.423782,0.0386,0.0556993,0.00583051,0.218587,120,0,0.0819048,1.47048,0.321429,14.0476
153,1.19624,0.0386,0.0132961,0.00583051,0.0521794,120,0,0.0819048,6.16007,0.321429,14.0476
154,1.17918,0.0386,0.02323,0.00583051,0.0911643,120,0,0.0819048,3.52581,0.321429,14.0476
155,1.64769,0.0386,0.0169761,0.00583051,0.0666212,120,0,0.0819048,4.82472,0.321429,14.0476
156,0.398318,0.0386,0.0112027,0.00583051,0.043964,120,0,0.0819048,7.31118,0.321429,14.0476
157,0.0479613,0.0386,0.0986778,0.00583051,0.387253,120,0,0.0819048,0.830022,0.321429,14.0476
158,0.839168,0.0386,0.0186175,0.00583051,0.0730628,120,0,0.0819048,4.39934,0.321429,14.0476
159,2.30218,0.0386,0.0058103,0.00583051,0.022802,120,0,0.0819048,14.0965,0.321429,14.0476
160,0.533559,0.0386,0.0567776,0.00583051,0.222819,120,0,0.0819048,1.44255,0.321429,14.0476
161,1.27778,0.0386,0.0138548,0.00583051,0.0543719,120,0,0.0819048,5.91166,0.321429,14.0476
162,3.15118,0.0386,0.0423699,0.00583051,0.166277,120,0,0.0819048,1.93309,0.321429,14.0476
163,2.26811,0.0386,0.0285179,0.00583051,0.111916,120,0,0.0819048,2.87205,0.321429,14.0476
164,1.87429,0.0386,0.0418668,0.00583051,0.164303,120,0,0.0819048,1.95632,0.321429,14.0476
165,0.689205,0.0386,0.0121238,0.00583051,0.047579,120,0,0.0819048,6.75569,0.321429,14.0476
166,0.421384,0.0386,0.0114487,0.00583051,0.0449293,120,0,0.0819048,7.15409,0.321429,14.0476
167,0.826536,0.0386,0.00885788,0.00583051,0.034762,120,0,0.0819048,9.24654,0.321429,14.0476
168,1.69634,0.0386,0.031723,0.00583051,0.124494,120,0,0.0819048,2.58188,0.321429,14.0476
169,1.26419,0.0386,0.102742,0.00583051,0.403204,120,0,0.0819048,0.797186,0.321429,14.0476
170,1.36567,0.0386,0.0551424,0.00583051,0.216402,120,0,0.0819048,1.48533,0.321429,14.0476
171,0.651906,0.0386,0.0142852,0.00583051,0.0560613,120,0,0.0819048,5.73352,0.321429,14.0476
172,0.726334,0.0386,0.202884,0.00583051,0.7962,120,0,0.0819048,0.403703,0.321429,14.0476
173,0.425308,0.0386,0.0151222,0.00583051,0.0593459,120,0,0.0819048,5.41619,0.321429,14.0476
174,0.38506,0.0386,0.00954426,0.00583051,0.0374557,120,0,0.0819048,8.58157,0.321429,14.0476
175,2.08676,0.0386,0.00721494,0.00583051,0.0283145,120,0,0.0819048,11.3521,0.321429,14.0476
176,1.42357,0.0386,0.0369761,0.00583051,0.14511,120,0,0.0819048,2.21507,0.321429,14.0476
177,1.92112,0.0386,0.0826363,0.00583051,0.3243,120,0,0.0819048,0.991147,0.321429,14.0476
178,1.47647,0.0386,0.0491807,0.00583051,0.193006,120,0,0.0819048,1.66538,0.321429,14.0476
179,1.46587,0.0386,0.0109414,0.00583051,0.0429385,120,0,0.0819048,7.4858,0.321429,14.0476
180,0.895416,0.0386,0.0237527,0.00583051,0.0932155,120,0,0.0819048,3.44823,0.321429,14.0476
181,0.34844,0.0386,0.184681,0.00583051,0.724765,120,0,0.0819048,0.443494,0.321429,14.0476
182,1.69919,0.0386,0.0350423,0.00583051,0.137521,120,0,0.0819048,2.33731,0.321429,14.0476
183,1.73863,0.0386,0.00447794,0.00583051,0.0175733,120,0,0.0819048,18.2907,0.321429,14.0476
184,1.52795,0.0386,0.0386499,0.00583051,0.151678,120,0,0.0819048,2.11915,0.321429,14.0476
185,0.862843,0.0386,0.0317471,0.00583051,0.124589,120,0,0.0819048,2.57992,0.321429,14.0476
186,1.04872,0.0386,0.316654,0.00583051,1.24268,120,0,0.0819048,0.258657,0.321429,14.0476
187,2.72312,0.0386,0.0236418,0.00583051,0.0927804,120,0,0.0819048,3.4644,0.321429,14.0476
188,0.800349,0.0386,0.0396494,0.00583051,0.155601,120,0,0.0819048,2.06573,0.321429,14.0476
189,1.62324,0.0386,0.0623877,0.00583051,0.244835,120,0,0.0819048,1.31284,0.321429,14.0476
190,0.759318,0.0386,0.0823799,0.00583051,0.323293,120,0,0.0819048,0.994232,0.321429,14.0476
191,0.637973,0.0386,0.0481456,0.00583051,0.188943,120,0,0.0819048,1.70119,0.321429,14.0476
192,0.288279,0.0386,0.124204,0.00583051,0.487428,120,0,0.0819048,0.659438,0.321429,14.0476
193,0.401804,0.0386,0.0224235,0.00583051,0.0879994,120,0,0.0819048,3.65262,0.321429,14.0476
194,2.56561,0.0386,0.00411498,0.00583051,0.0161489,120,0,0.0819048,19.9041,0.321429,14.0476
195,0.43679,0.0386,0.0191742,0.00583051,0.0752477,120,0,0.0819048,4.27161,0.321429,14.0476
196,0.375785,0.0386,0.0191315,0.00583051,0.0750801,120,0,0.0819048,4.28114,0.321429,14.0476
197,2.92436,0.0386,0.0642511,0.00583051,0.252148,120,0,0.0819048,1.27476,0.321429,14.0476
198,1.1684,0.0386,0.0179715,0.00583051,0.0705278,120,0,0.0819048,4.55748,0.321429,14.0476
199,0.29886,0.0386,0.019908,0.00583051,0.0781273,120,0,0.0819048,4.11416,0.321429,14.0476
200,1.20381,0.0386,0.139415,0.00583051,0.547123,120,0,0.0819048,0.587488,0.321429,14.0476
201,2.19946,0.0386,0.022385,0.00583051,0.087848,120,0,0.0819048,3.65892,0.321429,14.0476
202,1.13946,0.0386,0.0290644,0.00583051,0.114061,120,0,0.0819048,2.81804,0.321429,14.0476
203,0.850691,0.0386,0.00738773,0.00583051,0.0289926,120,0,0.0819048,11.0866,0.321429,14.0476
204,1.73857,0.0386,0.0436375,0.00583051,0.171252,120,0,0.0819048,1.87693,0.321429,14.0476
205,2.00692,0.0386,0.0266493,0.00583051,0.104583,120,0,0.0819048,3.07343,0.321429,14.0476
206,0.434987,0.0386,0.0183618,0.00583051,0.0720594,120,0,0.0819048,4.4606,0.321429,14.0476
207,1.31987,0.0386,0.0187413,0.00583051,0.0735486,120,0,0.0819048,4.37029,0.321429,14.0476
208,1.62205,0.0386,0.0554945,0.00583051,0.217783,120,0,0.0819048,1.47591,0.321429,14.0476
209,0.881906,0.0386,0.01137,0.00583051,0.0446205,120,0,0.0819048,7.2036,0.321429,14.0476
210,0.902264,0.0386,0.0227919,0.00583051,0.0894449,120,0,0.0819048,3.59359,0.321429,14.0476
211,0.974696,0.0386,0.0571418,0.00583051,0.224248,120,0,0.0819048,1.43336,0.321429,14.0476
212,1.04354,0.0386,0.00364749,0.00583051,0.0143143,120,0,0.0819048,22.4551,0.321429,14.0476
213,2.0594,0.0386,0.0209099,0.00583051,0.082059,120,0,0.0819048,3.91704,0.321429,14.0476
214,2.27237,0.0386,0.00705513,0.00583051,0.0276873,120,0,0.0819048,11.6093,0.321429,14.0476
215,2.28322,0.0386,0.0123256,0.00583051,0.0483709,120,0,0.0819048,6.64508,0.321429,14.0476
216,0.553643,0.0386,0.0288206,0.00583051,0.113104,120,0,0.0819048,2.84188,0.321429,14.0476
217,0.334818,0.0386,0.0523172,0.00583051,0.205315,120,0,0.0819048,1.56554,0.321429,14.0476
218,0.875343,0.0386,0.00774401,0.00583051,0.0303907,120,0,0.0819048,10.5765,0.321429,14.0476
219,1.1763,0.0386,0.0178763,0.00583051,0.070154,120,0,0.0819048,4.58176,0.321429,14.0476
220,0.852937,0.0386,0.112811,0.00583051,0.442719,120,0,0.0819048,0.726033,0.321429,14.0476
221,1.86932,0.0386,0.0307255,0.00583051,0.12058,120,0,0.0819048,2.6657,0.321429,14.0476
222,1.14154,0.0386,0.0169666,0.00583051,0.066584,120,0,0.0819048,4.82741,0.321429,14.0476
223,0.719081,0.0386,0.0316079,0.00583051,0.124043,120,0,0.0819048,2.59128,0.321429,14.0476
224,1.00255,0.0386,0.0290876,0.00583051,0.114152,120,0,0.0819048,2.8158,0.321429,14.0476
225,0.428588,0.0386,0.016645,0.00583051,0.0653218,120,0,0.0819048,4.92069,0.321429,14.0476
226,0.905751,0.0386,0.0151055,0.00583051,0.0592804,120,0,0.0819048,5.42217,0.321429,14.0476
227,0.652227,0.0386,0.0535113,0.00583051,0.210001,120,0,0.0819048,1.53061,0.321429,14.0476
228,0.730125,0.0386,0.217342,0.00583051,0.852942,120,0,0.0819048,0.376847,0.321429,14.0476
229,0.723779,0.0386,0.039172,0.00583051,0.153728,120,0,0.0819048,2.0909,0.321429,14.0476
230,2.12721,0.0386,0.0342819,0.00583051,0.134536,120,0,0.0819048,2.38916,0.321429,14.0476
231,1.30736,0.0386,0.0219133,0.00583051,0.0859968,120,0,0.0819048,3.73768,0.321429,14.0476
232,0.238081,0.0386,0.00720772,0.00583051,0.0282861,120,0,0.0819048,11.3635,0.321429,14.0476
233,0.835744,0.0386,0.0814105,0.00583051,0.319489,120,0,0.0819048,1.00607,0.321429,14.0476
234,0.23045,0.0386,0.104023,0.00583051,0.408228,120,0,0.0819048,0.787375,0.321429,14.0476
235,1.06009,0.0386,0.0314925,0.00583051,0.12359,120,0,0.0819048,2.60077,0.321429,14.0476
236,0.478623,0.0386,0.0188131,0.00583051,0.0738306,120,0,0.0819048,4.35359,0.321429,14.0476
237,0.669661,0.0386,0.0775091,0.00583051,0.304178,120,0,0.0819048,1.05671,0.321429,14.0476
238,0.914466,0.0386,0.0106037,0.00583051,0.0416133,120,0,0.0819048,7.72417,0.321429,14.0476
239,1.61082,0.0386,0.059277,0.00583051,0.232628,120,0,0.0819048,1.38173,0.321429,14.0476
240,1.16107,0.0386,0.00826943,0.00583051,0.0324527,120,0,0.0819048,9.90452,0.321429,14.0476
241,0.566177,0.0386,0.0879413,0.00583051,0.345119,120,0,0.0819048,0.931357,0.321429,14.0476
242,1.00411,0.0386,0.15792,0.00583051,0.619746,120,0,0.0819048,0.518646,0.321429,14.0476
243,0.576076,0.0386,0.00618631,0.00583051,0.0242777,120,0,0.0819048,13.2397,0.321429,14.0476
244,0.792015,0.0386,0.189641,0.00583051,0.74423,120,0,0.0819048,0.431894,0.321429,14.0476
245,1.01213,0.0386,0.00368835,0.00583051,0.0144746,120,0,0.0819048,22.2063,0.321429,14.0476
246,0.704142,0.0386,0.181513,0.00583051,0.712333,120,0,0.0819048,0.451234,0.321429,14.0476
247,0.901898,0.0386,0.0179024,0.00583051,0.0702566,120,0,0.0819048,4.57506,0.321429,14.0476
248,0.429411,0.0386,0.0477036,0.00583051,0.187209,120,0,0.0819048,1.71695,0.321429,14.0476
249,1.16333,0.0386,0.198416,0.00583051,0.778668,120,0,0.0819048,0.412793,0.321429,14.0476
250,0.66039,0.0386,0.0149974,0.00583051,0.0588559,120,0,0.0819048,5.46128,0.321429,14.0476
251,0.618977,0.0386,0.0633132,0.00583051,0.248467,120,0,0.0819048,1.29364,0.321429,14.0476
252,0.82717,0.0386,0.0505056,0.00583051,0.198205,120,0,0.0819048,1.6217,0.321429,14.0476
253,0.876323,0.0386,0.0658569,0.00583051,0.25845,120,0,0.0819048,1.24368,0.321429,14.0476
254,0.29871,0.0386,0.0198843,0.00583051,0.0780342,120,0,0.0819048,4.11907,0.321429,14.0476
255,2.01759,0.0386,0.105706,0.00583051,0.414833,120,0,0.0819048,0.774838,0.321429,14.0476
256,0.962624,0.0386,0.303163,0.00583051,1.18974,120,0,0.0819048,0.270167,0.321429,14.0476
257,0.883523,0.0386,0.00965992,0.00583051,0.0379096,120,0,0.0819048,8.47882,0.321429,14.0476
258,1.44324,0.0386,0.00886068,0.00583051,0.034773,120,0,0.0819048,9.24362,0.321429,14.0476
259,0.931835,0.0386,0.0125284,0.00583051,0.0491666,120,0,0.0819048,6.53754,0.321429,14.0476
260,0.988369,0.0386,0.0912125,0.00583051,0.357956,120,0,0.0819048,0.897956,0.321429,14.0476
261,1.09256,0.0386,0.0284293,0.00583051,0.111568,120,0,0.0819048,2.881,0.321429,14.0476
262,0.816698,0.0386,0.0992112,0.00583051,0.389346,120,0,0.0819048,0.82556,0.321429,14.0476
263,1.47772,0.0386,0.263395,0.00583051,1.03367,120,0,0.0819048,0.310958,0.321429,14.0476
264,0.719295,0.0386,0.0220032,0.00583051,0.0863499,120,0,0.0819048,3.7224,0.321429,14.0476
265,0.700158,0.0386,0.013811,0.00583051,0.0542003,120,0,0.0819048,5.93038,0.321429,14.0476
266,1.49914,0.0386,0.112434,0.00583051,0.441239,120,0,0.0819048,0.728469,0.321429,14.0476
267,1.18938,0.0386,0.0219642,0.00583051,0.0861966,120,0,0.0819048,3.72902,0.321429,14.0476
268,1.12945,0.0386,0.0120746,0.00583051,0.0473857,120,0,0.0819048,6.78324,0.321429,14.0476
269,0.582722,0.0386,0.0679939,0.00583051,0.266836,120,0,0.0819048,1.20459,0.321429,14.0476
270,0.372199,0.0386,0.0425347,0.00583051,0.166924,120,0,0.0819048,1.9256,0.321429,14.0476
271,1.06538,0.0386,0.0237212,0.00583051,0.0930918,120,0,0.0819048,3.45281,0.321429,14.0476
272,1.14178,0.0386,0.153021,0.00583051,0.600518,120,0,0.0819048,0.535252,0.321429,14.0476
273,1.41283,0.0386,0.0588209,0.00583051,0.230838,120,0,0.0819048,1.39244,0.321429,14.0476
274,1.41637,0.0386,0.00451417,0.00583051,0.0177155,120,0,0.0819048,18.1439,0.321429,14.0476
275,1.4395,0.0386,0.0244494,0.00583051,0.0959498,120,0,0.0819048,3.34997,0.321429,14.0476
276,0.790735,0.0386,0.0241855,0.00583051,0.0949141,120,0,0.0819048,3.38652,0.321429,14.0476
277,0.643162,0.0386,0.0377113,0.00583051,0.147995,120,0,0.0819048,2.17189,0.321429,14.0476
278,2.23593,0.0386,0.0202041,0.00583051,0.0792894,120,0,0.0819048,4.05387,0.321429,14.0476
279,0.627502,0.0386,0.0438844,0.00583051,0.172221,120,0,0.0819048,1.86638,0.321429,14.0476
280,0.726048,0.0386,0.015574,0.00583051,0.061119,120,0,0.0819048,5.25906,0.321429,14.0476
281,1.22469,0.0386,0.221507,0.00583051,0.869285,120,0,0.0819048,0.369762,0.321429,14.0476
282,1.53501,0.0386,0.0302969,0.00583051,0.118898,120,0,0.0819048,2.70341,0.321429,14.0476
283,1.40209,0.0386,0.0185432,0.00583051,0.0727712,120,0,0.0819048,4.41698,0.321429,14.0476
284,0.145874,0.0386,0.0834555,0.00583051,0.327514,120,0,0.0819048,0.981418,0.321429,14.0476
285,0.188063,0.0386,0.0146056,0.00583051,0.0573183,120,0,0.0819048,5.60778,0.321429,14.0476
286,0.428311,0.0386,0.0260458,0.00583051,0.102214,120,0,0.0819048,3.14465,0.321429,14.0476
287,2.41134,0.0386,0.404791,0.00583051,1.58857,120,0,0.0819048,0.202338,0.321429,14.0476
288,2.72639,0.0386,0.00541657,0.00583051,0.0212569,120,0,0.0819048,15.1212,0.321429,14.0476
289,1.3621,0.0386,0.0149662,0.00583051,0.0587337,120,0,0.0819048,5.47264,0.321429,14.0476
290,0.232279,0.0386,0.0181681,0.00583051,0.0712991,120,0,0.0819048,4.50817,0.321429,14.0476
291,1.02007,0.0386,0.0253663,0.00583051,0.0995479,120,0,0.0819048,3.22888,0.321429,14.0476
292,0.971096,0.0386,0.000744245,0.00583051,0.00292073,120,0,0.0819048,110.051,0.321429,14.0476
293,0.494522,0.0386,0.00421,0.00583051,0.0165218,120,0,0.0819048,19.4548,0.321429,14.0476
294,0.383997,0.0386,0.0401858,0.00583051,0.157706,120,0,0.0819048,2.03815,0.321429,14.0476
295,0.990522,0.0386,0.0190234,0.00583051,0.0746559,120,0,0.0819048,4.30547,0.321429,14.0476
296,0.814341,0.0386,0.045407,0.00583051,0.178196,120,0,0.0819048,1.80379,0.321429,14.0476
297,1.42087,0.0386,0.470479,0.00583051,1.84635,120,0,0.0819048,0.174088,0.321429,14.0476
298,1.68903,0.0386,0.00844837,0.00583051,0.0331549,120,0,0.0819048,9.69474,0.321429,14.0476
299,0.924344,0.0386,0.0425985,0.00583051,0.167174,120,0,0.0819048,1.92272,0.321429,14.0476
300,1.13259,0.0386,0.02015,0.00583051,0.0790772,120,0,0.0819048,4.06474,0.321429,14.0476
301,1.6036,0.0386,0.0210783,0.00583051,0.0827202,120,0,0.0819048,3.88573,0.321429,14.0476
302,0.857338,0.0386,0.00820135,0.00583051,0.0321855,120,0,0.0819048,9.98675,0.321429,14.0476
303,0.90839,0.0386,0.0139145,0.00583051,0.0546063,120,0,0.0819048,5.88629,0.321429,14.0476
304,1.36742,0.0386,0.0147371,0.00583051,0.0578346,120,0,0.0819048,5.55772,0.321429,14.0476
305,1.25064,0.0386,0.0409093,0.00583051,0.160545,120,0,0.0819048,2.00211,0.321429,14.0476
306,0.569747,0.0386,0.0309745,0.00583051,0.121557,120,0,0.0819048,2.64426,0.321429,14.0476
307,0.965665,0.0386,0.0308809,0.00583051,0.121189,120,0,0.0819048,2.65228,0.321429,14.0476
308,1.45969,0.0386,0.0350252,0.00583051,0.137454,120,0,0.0819048,2.33845,0.321429,14.0476
309,0.567099,0.0386,0.0606573,0.00583051,0.238045,120,0,0.0819048,1.35029,0.321429,14.0476
310,0.245571,0.0386,0.00930034,0.00583051,0.0364984,120,0,0.0819048,8.80664,0.321429,14.0476
311,0.419239,0.0386,0.0521005,0.00583051,0.204464,120,0,0.0819048,1.57205,0.321429,14.0476
312,1.00403,0.0386,0.0255873,0.00583051,0.100415,120,0,0.0819048,3.20099,0.321429,14.0476
313,0.486266,0.0386,0.0530946,0.00583051,0.208365,120,0,0.0819048,1.54262,0.321429,14.0476
314,0.546108,0.0386,0.0194163,0.00583051,0.0761979,120,0,0.0819048,4.21834,0.321429,14.0476
315,1.34742,0.0386,0.0365551,0.00583051,0.143457,120,0,0.0819048,2.24058,0.321429,14.0476
316,0.60573,0.0386,0.0378239,0.00583051,0.148437,120,0,0.0819048,2.16542,0.321429,14.0476
317,0.696225,0.0386,0.170876,0.00583051,0.670588,120,0,0.0819048,0.479323,0.321429,14.0476
318,0.683293,0.0386,0.0080577,0.00583051,0.0316218,120,0,0.0819048,10.1648,0.321429,14.0476
319,1.95001,0.0386,0.00341491,0.00583051,0.0134015,120,0,0.0819048,23.9845,0.321429,14.0476
320,0.673313,0.0386,0.00473768,0.00583051,0.0185926,120,0,0.0819048,17.288,0.321429,14.0476
321,0.65918,0.0386,0.121218,0.00583051,0.475712,120,0,0.0819048,0.675679,0.321429,14.0476
322,0.21676,0.0386,0.0235586,0.00583051,0.0924538,120,0,0.0819048,3.47664,0.321429,14.0476
323,0.670946,0.0386,0.0100345,0.00583051,0.0393795,120,0,0.0819048,8.16234,0.321429,14.0476
324,1.68924,0.0386,0.193157,0.00583051,0.75803,120,0,0.0819048,0.424031,0.321429,14.0476
325,0.587319,0.0386,0.189808,0.00583051,0.744887,120,0,0.0819048,0.431513,0.321429,14.0476
326,1.17974,0.0386,0.00751475,0.00583051,0.029491,120,0,0.0819048,10.8992,0.321429,14.0476
327,0.873233,0.0386,0.0416197,0.00583051,0.163333,120,0,0.0819048,1.96793,0.321429,14.0476
328,1.42284,0.0386,0.106043,0.00583051,0.416157,120,0,0.0819048,0.772374,0.321429,14.0476
329,0.96849,0.0386,0.236969,0.00583051,0.929967,120,0,0.0819048,0.345634,0.321429,14.0476
330,0.827732,0.0386,0.0299105,0.00583051,0.117381,120,0,0.0819048,2.73833,0.321429,14.0476
331,1.10107,0.0386,0.0146512,0.00583051,0.0574974,120,0,0.0819048,5.59032,0.321429,14.0476
332,1.29152,0.0386,0.0514123,0.00583051,0.201764,120,0,0.0819048,1.5931,0.321429,14.0476
333,1.2884,0.0386,0.0876903,0.00583051,0.344133,120,0,0.0819048,0.934023,0.321429,14.0476
334,1.27098,0.0386,0.114362,0.00583051,0.448804,120,0,0.0819048,0.716189,0.321429,14.0476
335,0.206586,0.0386,0.0187094,0.00583051,0.0734237,120,0,0.0819048,4.37772,0.321429,14.0476
336,1.45677,0.0386,0.164536,0.00583051,0.645709,120,0,0.0819048,0.497792,0.321429,14.0476
337,2.14036,0.0386,0.10707,0.00583051,0.420186,120,0,0.0819048,0.764968,0.321429,14.0476
338,0.742974,0.0386,0.0477982,0.00583051,0.18758,120,0,0.0819048,1.71355,0.321429,14.0476
339,0.459171,0.0386,0.0289178,0.00583051,0.113486,120,0,0.0819048,2.83233,0.321429,14.0476
340,0.662219,0.0386,0.0274416,0.00583051,0.107692,120,0,0.0819048,2.98469,0.321429,14.0476
341,1.99171,0.0386,0.00441049,0.00583051,0.0173086,120,0,0.0819048,18.5704,0.321429,14.0476
342,1.22832,0.0386,0.0602146,0.00583051,0.236307,120,0,0.0819048,1.36021,0.321429,14.0476
343,0.8502,0.0386,0.0340236,0.00583051,0.133523,120,0,0.0819048,2.40729,0.321429,14.0476
344,1.0429,0.0386,0.158755,0.00583051,0.623022,120,0,0.0819048,0.515919,0.321429,14.0476
345,0.511757,0.0386,0.063858,0.00583051,0.250605,120,0,0.0819048,1.28261,0.321429,14.0476
346,0.670039,0.0386,0.0453363,0.00583051,0.177919,120,0,0.0819048,1.8066,0.321429,14.0476
347,1.50501,0.0386,0.028715,0.00583051,0.11269,120,0,0.0819048,2.85234,0.321429,14.0476
348,1.70724,0.0386,0.00619647,0.00583051,0.0243176,120,0,0.0819048,13.218,0.321429,14.0476
349,1.82628,0.0386,0.0640794,0.00583051,0.251474,120,0,0.0819048,1.27818,0.321429,14.0476
350,1.11211,0.0386,0.0559869,0.00583051,0.219716,120,0,0.0819048,1.46293,0.321429,14.0476
351,0.206326,0.0386,0.0395046,0.00583051,0.155033,120,0,0.0819048,2.0733,0.321429,14.0476
352,0.809508,0.0386,0.0430303,0.00583051,0.168869,120,0,0.0819048,1.90342,0.321429,14.0476
353,1.9878,0.0386,0.0813006,0.00583051,0.319058,120,0,0.0819048,1.00743,0.321429,14.0476
354,0.504324,0.0386,0.115447,0.00583051,0.453064,120,0,0.0819048,0.709455,0.321429,14.0476
355,1.48042,0.0386,0.0131708,0.00583051,0.0516879,120,0,0.0819048,6.21864,0.321429,14.0476
356,2.8707,0.0386,0.0140627,0.00583051,0.0551881,120,0,0.0819048,5.82424,0.321429,14.0476
357,2.1428,0.0386,0.0279117,0.00583051,0.109537,120,0,0.0819048,2.93443,0.321429,14.0476
358,0.819544,0.0386,0.061151,0.00583051,0.239982,120,0,0.0819048,1.33938,0.321429,14.0476
359,0.0309338,0.0386,0.0370755,0.00583051,0.1455,120,0,0.0819048,2.20913,0.321429,14.0476
360,0.271397,0.0386,0.0525118,0.00583051,0.206078,120,0,0.0819048,1.55974,0.321429,14.0476
361,0.74026,0.0386,0.118412,0.00583051,0.464698,120,0,0.0819048,0.691694,0.321429,14.0476
362,2.8153,0.0386,0.0788193,0.00583051,0.30932,120,0,0.0819048,1.03915,0.321429,14.0476
363,1.12802,0.0386,0.128671,0.00583051,0.504959,120,0,0.0819048,0.636544,0.321429,14.0476
364,3.01398,0.0386,0.00673346,0.00583051,0.0264249,120,0,0.0819048,12.1638,0.321429,14.0476
365,0.46255,0.0386,0.15023,0.00583051,0.589567,120,0,0.0819048,0.545195,0.321429,14.0476
366,1.0952,0.0386,0.181629,0.00583051,0.71279,120,0,0.0819048,0.450944,0.321429,14.0476
367,0.141887,0.0386,0.0523957,0.00583051,0.205623,120,0,0.0819048,1.5632,0.321429,14.0476
368,0.483978,0.0386,0.096272,0.00583051,0.377812,120,0,0.0819048,0.850764,0.321429,14.0476
369,0.931524,0.0386,0.0768135,0.00583051,0.301448,120,0,0.0819048,1.06628,0.321429,14.0476
370,0.430566,0.0386,0.0453429,0.00583051,0.177945,120,0,0.0819048,1.80634,0.321429,14.0476
371,1.29807,0.0386,0.0328441,0.00583051,0.128894,120,0,0.0819048,2.49375,0.321429,14.0476
372,0.591173,0.0386,0.0302138,0.00583051,0.118572,120,0,0.0819048,2.71084,0.321429,14.0476
373,0.297104,0.0386,0.0145542,0.00583051,0.0571166,120,0,0.0819048,5.62759,0.321429,14.0476
374,1.31573,0.0386,0.0529092,0.00583051,0.207638,120,0,0.0819048,1.54803,0.321429,14.0476
375,2.99383,0.0386,0.0541646,0.00583051,0.212565,120,0,0.0819048,1.51215,0.321429,14.0476
376,1.25803,0.0386,0.0904825,0.00583051,0.355091,120,0,0.0819048,0.9052,0.321429,14.0476
377,2.76533,0.0386,0.00903314,0.00583051,0.0354498,120,0,0.0819048,9.06715,0.321429,14.0476
378,1.88213,0.0386,0.0142719,0.00583051,0.0560089,120,0,0.0819048,5.73888,0.321429,14.0476
379,0.197671,0.0386,0.0740863,0.00583051,0.290746,120,0,0.0819048,1.10553,0.321429,14.0476
380,1.12004,0.0386,0.0575127,0.00583051,0.225704,120,0,0.0819048,1.42411,0.321429,14.0476
381,0.700313,0.0386,0.033447,0.00583051,0.13126,120,0,0.0819048,2.44879,0.321429,14.0476
382,2.93369,0.0386,0.0425438,0.00583051,0.16696,120,0,0.0819048,1.92519,0.321429,14.0476
383,0.828657,0.0386,0.00256669,0.00583051,0.0100727,120,0,0.0819048,31.9107,0.321429,14.0476
384,1.1018,0.0386,0.0689013,0.00583051,0.270397,120,0,0.0819048,1.18873,0.321429,14.0476
385,0.442396,0.0386,0.0845913,0.00583051,0.331971,120,0,0.0819048,0.968242,0.321429,14.0476
386,0.492673,0.0386,0.0514633,0.00583051,0.201964,120,0,0.0819048,1.59152,0.321429,14.0476
387,1.43043,0.0386,0.019324,0.00583051,0.0758353,120,0,0.0819048,4.23851,0.321429,14.0476
388,0.673584,0.0386,0.0479822,0.00583051,0.188302,120,0,0.0819048,1.70698,0.321429,14.0476
389,1.44573,0.0386,0.0109812,0.00583051,0.0430947,120,0,0.0819048,7.45866,0.321429,14.0476
390,1.0243,0.0386,0.0242648,0.00583051,0.0952254,120,0,0.0819048,3.37545,0.321429,14.0476
391,0.508011,0.0386,0.0107218,0.00583051,0.0420769,120,0,0.0819048,7.63908,0.321429,14.0476
392,1.62953,0.0386,0.0930554,0.00583051,0.365188,120,0,0.0819048,0.880172,0.321429,14.0476
393,1.76228,0.0386,0.0612146,0.00583051,0.240232,120,0,0.0819048,1.33799,0.321429,14.0476
394,0.862099,0.0386,0.00255914,0.00583051,0.0100432,120,0,0.0819048,32.0047,0.321429,14.0476
395,1.15377,0.0386,0.00931077,0.00583051,0.0365393,120,0,0.0819048,8.79678,0.321429,14.0476
396,2.26551,0.0386,0.0106966,0.00583051,0.0419778,120,0,0.0819048,7.6571,0.321429,14.0476
397,1.04159,0.0386,0.0692343,0.00583051,0.271704,120,0,0.0819048,1.18301,0.321429,14.0476
398,1.00339,0.0386,0.0244293,0.00583051,0.0958709,120,0,0.0819048,3.35272,0.321429,14.0476
399,1.94648,0.0386,0.0993445,0.00583051,0.389869,120,0,0.0819048,0.824452,0.321429,14.0476
400,0.711172,0.0386,0.0530048,0.00583051,0.208013,120,0,0.0819048,1.54523,0.321429,14.0476
401,1.41074,0.0386,0.112135,0.00583051,0.440065,120,0,0.0819048,0.730412,0.321429,14.0476
402,0.908304,0.0386,0.0487748,0.00583051,0.191413,120,0,0.0819048,1.67924,0.321429,14.0476
403,1.64771,0.0386,0.0438551,0.00583051,0.172106,120,0,0.0819048,1.86762,0.321429,14.0476
404,2.72375,0.0386,0.0389005,0.00583051,0.152662,120,0,0.0819048,2.10549,0.321429,14.0476
405,0.912844,0.0386,0.0185404,0.00583051,0.0727602,120,0,0.0819048,4.41765,0.321429,14.0476
406,1.65541,0.0386,0.0797224,0.00583051,0.312864,120,0,0.0819048,1.02737,0.321429,14.0476
407,0.810931,0.0386,0.0714836,0.00583051,0.280531,120,0,0.0819048,1.14578,0.321429,14.0476
408,1.23944,0.0386,0.00722804,0.00583051,0.0283658,120,0,0.0819048,11.3315,0.321429,14.0476
409,1.34157,0.0386,0.0540271,0.00583051,0.212025,120,0,0.0819048,1.51599,0.321429,14.0476
410,1.22948,0.0386,0.0380808,0.00583051,0.149445,120,0,0.0819048,2.15081,0.321429,14.0476
411,1.36909,0.0386,0.00418633,0.00583051,0.0164289,120,0,0.0819048,19.5648,0.321429,14.0476
412,0.927783,0.0386,0.171127,0.00583051,0.671575,120,0,0.0819048,0.478619,0.321429,14.0476
413,2.1416,0.0386,0.0331839,0.00583051,0.130228,120,0,0.0819048,2.46821,0.321429,14.0476
414,2.26931,0.0386,0.0176133,0.00583051,0.0691219,120,0,0.0819048,4.65017,0.321429,14.0476
415,0.389621,0.0386,0.0131798,0.00583051,0.051723,120,0,0.0819048,6.21442,0.321429,14.0476
416,0.537647,0.0386,0.0485161,0.00583051,0.190397,120,0,0.0819048,1.6882,0.321429,14.0476
417,0.850455,0.0386,0.0541,0.00583051,0.212311,120,0,0.0819048,1.51395,0.321429,14.0476
418,1.59873,0.0386,0.166331,0.00583051,0.652753,120,0,0.0819048,0.49242,0.321429,14.0476
419,1.3253,0.0386,0.0164812,0.00583051,0.0646791,120,0,0.0819048,4.96959,0.321429,14.0476
420,0.970604,0.0386,0.124965,0.00583051,0.490415,120,0,0.0819048,0.655421,0.321429,14.0476
421,0.878467,0.0386,0.0167702,0.00583051,0.0658131,120,0,0.0819048,4.88396,0.321429,14.0476
422,1.82191,0.0386,0.0198127,0.00583051,0.0777532,120,0,0.0819048,4.13396,0.321429,14.0476
423,1.56952,0.0386,0.0379489,0.00583051,0.148928,120,0,0.0819048,2.15829,0.321429,14.0476
424,0.526948,0.0386,0.0203293,0.00583051,0.0797808,120,0,0.0819048,4.02889,0.321429,14.0476
425,0.73082,0.0386,0.00382898,0.00583051,0.0150265,120,0,0.0819048,21.3907,0.321429,14.0476
426,1.78173,0.0386,0.0900429,0.00583051,0.353366,120,0,0.0819048,0.90962,0.321429,14.0476
427,0.487141,0.0386,0.125562,0.00583051,0.49276,120,0,0.0819048,0.652303,0.321429,14.0476
428,0.638752,0.0386,0.116768,0.00583051,0.458247,120,0,0.0819048,0.701431,0.321429,14.0476
429,2.14654,0.0386,0.020665,0.00583051,0.0810981,120,0,0.0819048,3.96345,0.321429,14.0476
430,0.715513,0.0386,0.0103825,0.00583051,0.0407455,120,0,0.0819048,7.8887,0.321429,14.0476
431,1.73955,0.0386,0.0482077,0.00583051,0.189187,120,0,0.0819048,1.699,0.321429,14.0476
432,0.33873,0.0386,0.0151585,0.00583051,0.0594884,120,0,0.0819048,5.40321,0.321429,14.0476
433,0.934113,0.0386,0.226441,0.00583051,0.888649,120,0,0.0819048,0.361705,0.321429,14.0476
434,1.17791,0.0386,0.214537,0.00583051,0.841931,120,0,0.0819048,0.381775,0.321429,14.0476
435,1.27144,0.0386,0.0063968,0.00583051,0.0251037,120,0,0.0819048,12.804,0.321429,14.0476
436,0.164458,0.0386,0.0125326,0.00583051,0.0491831,120,0,0.0819048,6.53535,0.321429,14.0476
437,0.753599,0.0386,0.0146606,0.00583051,0.0575342,120,0,0.0819048,5.58674,0.321429,14.0476
438,2.39015,0.0386,0.0109029,0.00583051,0.0427876,120,0,0.0819048,7.5122,0.321429,14.0476
439,0.592412,0.0386,0.116659,0.00583051,0.45782,120,0,0.0819048,0.702084,0.321429,14.0476
440,1.68833,0.0386,0.0145711,0.00583051,0.0571832,120,0,0.0819048,5.62103,0.321429,14.0476
441,2.00888,0.0386,0.0186479,0.00583051,0.073182,120,0,0.0819048,4.39218,0.321429,14.0476
442,1.01237,0.0386,0.016995,0.00583051,0.0666954,120,0,0.0819048,4.81935,0.321429,14.0476
443,1.144,0.0386,0.0175104,0.00583051,0.0687183,120,0,0.0819048,4.67748,0.321429,14.0476
444,0.249606,0.0386,0.00229478,0.00583051,0.00900567,120,0,0.0819048,35.6918,0.321429,14.0476
445,0.385183,0.0386,0.00433153,0.00583051,0.0169987,120,0,0.0819048,18.909,0.321429,14.0476
446,0.828465,0.0386,0.0743468,0.00583051,0.291768,120,0,0.0819048,1.10166,0.321429,14.0476
447,1.69772,0.0386,0.0525166,0.00583051,0.206097,120,0,0.0819048,1.5596,0.321429,14.0476
448,0.890017,0.0386,0.0376595,0.00583051,0.147791,120,0,0.0819048,2.17488,0.321429,14.0476
449,2.67497,0.0386,0.0093414,0.00583051,0.0366595,120,0,0.0819048,8.76794,0.321429,14.0476
450,0.801527,0.0386,0.0187753,0.00583051,0.0736822,120,0,0.0819048,4.36236,0.321429,14.0476
451,0.490349,0.0386,0.0537778,0.00583051,0.211046,120,0,0.0819048,1.52302,0.321429,14.0476
452,1.85995,0.0386,0.479989,0.00583051,1.88368,120,0,0.0819048,0.170639,0.321429,14.0476
453,1.59673,0.0386,0.0281672,0.00583051,0.11054,120,0,0.0819048,2.90781,0.321429,14.0476
454,2.08719,0.0386,0.0274874,0.00583051,0.107872,120,0,0.0819048,2.97972,0.321429,14.0476
455,1.95249,0.0386,0.0567983,0.00583051,0.2229,120,0,0.0819048,1.44203,0.321429,14.0476
456,0.628175,0.0386,0.138805,0.00583051,0.544731,120,0,0.0819048,0.590069,0.321429,14.0476
457,1.08263,0.0386,0.0361149,0.00583051,0.14173,120,0,0.0819048,2.2679,0.321429,14.0476
458,0.548526,0.0386,0.0186542,0.00583051,0.073207,120,0,0.0819048,4.39068,0.321429,14.0476
459,1.02813,0.0386,0.261676,0.00583051,1.02693,120,0,0.0819048,0.313,0.321429,14.0476
460,1.16385,0.0386,0.0180093,0.00583051,0.070676,120,0,0.0819048,4.54792,0.321429,14.0476
461,0.117315,0.0386,0.0188056,0.00583051,0.0738009,120,0,0.0819048,4.35535,0.321429,14.0476
462,1.24693,0.0386,0.053923,0.00583051,0.211617,120,0,0.0819048,1.51892,0.321429,14.0476
463,0.320212,0.0386,0.0314423,0.00583051,0.123393,120,0,0.0819048,2.60492,0.321429,14.0476
464,1.21429,0.0386,0.0241856,0.00583051,0.0949143,120,0,0.0819048,3.38651,0.321429,14.0476
465,1.81977,0.0386,0.163655,0.00583051,0.642251,120,0,0.0819048,0.500472,0.321429,14.0476
466,1.21382,0.0386,0.0328163,0.00583051,0.128785,120,0,0.0819048,2.49585,0.321429,14.0476
467,1.3856,0.0386,0.0117035,0.00583051,0.0459295,120,0,0.0819048,6.9983,0.321429,14.0476
468,0.466357,0.0386,0.105289,0.00583051,0.413196,120,0,0.0819048,0.777907,0.321429,14.0476
469,1.04743,0.0386,0.0421297,0.00583051,0.165335,120,0,0.0819048,1.94411,0.321429,14.0476
470,1.89946,0.0386,0.0129567,0.00583051,0.0508475,120,0,0.0819048,6.32142,0.321429,14.0476
471,0.514106,0.0386,0.00869747,0.00583051,0.0341325,120,0,0.0819048,9.41708,0.321429,14.0476
472,2.33116,0.0386,0.0408328,0.00583051,0.160245,120,0,0.0819048,2.00586,0.321429,14.0476
473,1.98071,0.0386,0.0136606,0.00583051,0.05361,120,0,0.0819048,5.99568,0.321429,14.0476
474,0.587595,0.0386,0.0216996,0.00583051,0.0851585,120,0,0.0819048,3.77448,0.321429,14.0476
475,0.822103,0.0386,0.0226313,0.00583051,0.0888145,120,0,0.0819048,3.6191,0.321429,14.0476
476,2.03852,0.0386,0.069531,0.00583051,0.272869,120,0,0.0819048,1.17796,0.321429,14.0476
477,1.73894,0.0386,0.109956,0.00583051,0.431515,120,0,0.0819048,0.744884,0.321429,14.0476
478,3.85527,0.0386,0.00620761,0.00583051,0.0243613,120,0,0.0819048,13.1942,0.321429,14.0476
479,0.415342,0.0386,0.0980633,0.00583051,0.384841,120,0,0.0819048,0.835224,0.321429,14.0476
480,1.75253,0.0386,0.0387879,0.00583051,0.15222,120,0,0.0819048,2.11161,0.321429,14.0476
481,0.906105,0.0386,0.027294,0.00583051,0.107113,120,0,0.0819048,3.00084,0.321429,14.0476
482,2.82267,0.0386,0.00600369,0.00583051,0.023561,120,0,0.0819048,13.6424,0.321429,14.0476
483,0.235422,0.0386,0.0218638,0.00583051,0.0858027,120,0,0.0819048,3.74614,0.321429,14.0476
484,0.782787,0.0386,0.0133607,0.00583051,0.0524329,120,0,0.0819048,6.13028,0.321429,14.0476
485,2.93338,0.0386,0.0421871,0.00583051,0.16556,120,0,0.0819048,1.94146,0.321429,14.0476
486,1.30249,0.0386,0.0572365,0.00583051,0.22462,120,0,0.0819048,1.43099,0.321429,14.0476
487,2.36448,0.0386,0.0162946,0.00583051,0.0639468,120,0,0.0819048,5.0265,0.321429,14.0476
488,0.571298,0.0386,0.0579784,0.00583051,0.227531,120,0,0.0819048,1.41268,0.321429,14.0476
489,1.43464,0.0386,0.0493293,0.00583051,0.193589,120,0,0.0819048,1.66037,0.321429,14.0476
490,1.00247,0.0386,0.016422,0.00583051,0.0644469,120,0,0.0819048,4.98749,0.321429,14.0476
491,0.544527,0.0386,0.0486706,0.00583051,0.191004,120,0,0.0819048,1.68284,0.321429,14.0476
492,0.850505,0.0386,0.0627458,0.00583051,0.246241,120,0,0.0819048,1.30534,0.321429,14.0476
493,1.5493,0.0386,0.0102195,0.00583051,0.0401058,120,0,0.0819048,8.01452,0.321429,14.0476
494,0.98241,0.0386,0.0460373,0.00583051,0.18067,120,0,0.0819048,1.77909,0.321429,14.0476
495,0.639993,0.0386,0.12398,0.00583051,0.48655,120,0,0.0819048,0.660628,0.321429,14.0476
496,0.789541,0.0386,0.00799898,0.00583051,0.0313913,120,0,0.0819048,10.2394,0.321429,14.0476
497,0.971791,0.0386,0.0500643,0.00583051,0.196473,120,0,0.0819048,1.63599,0.321429,14.0476
498,0.733537,0.0386,0.020661,0.00583051,0.0810825,120,0,0.0819048,3.96422,0.321429,14.0476
499,1.82401,0.0386,0.0158575,0.00583051,0.0622316,120,0,0.0819048,5.16504,0.321429,14.0476
