30.000000
33.469388
36.938776
40.408163
43.877551
47.346939
50.816327
54.285714
57.755102
61.224490
64.693878
68.163265
71.632653
75.102041
78.571429
82.040816
85.510204
88.979592
92.448980
95.918367
99.387755
102.857143
106.326531
109.795918
113.265306
116.734694
120.204082
123.673469
127.142857
130.612245
134.081633
137.551020
141.020408
144.489796
147.959184
151.428571
154.897959
158.367347
161.836735
165.306122
168.775510
172.244898
175.714286
179.183673
182.653061
186.122449
189.591837
193.061224
196.530612
200.000000
