-0,0
1.10613e-10,1
1.15416e-06,2
0.000161954,3
0.00375453,4
0.0261719,5
0.0704298,6
0.114806,7
0.150554,8
0.177572,9
0.197273,10
0.211084,11
0.220206,12
0.29664,13
0.313109,14
0.315807,15
0.316392,16
0.316564,17
0.316627,18
0.316654,19
0.316667,20
0.316674,21
0.316677,22
0.316678,23
0.316677,24
0.316697,25
0.316702,26
0.316703,27
0.316704,28
0.316704,29
0.316704,30
0.316704,31
0.316704,32
0.316704,33
0.316704,34
0.316704,35
0.316704,36
0.316704,37
0.316704,38
0.316704,39
0.316704,40
0.316704,41
0.316704,42
0.316704,43
0.316704,44
0.316704,45
0.316704,46
0.316704,47
0.316704,48
0.316704,49
0.316704,50
0.316704,51
0.316704,52
0.316704,53
0.316704,54
0.316704,55
0.316704,56
0.316704,57
0.316704,58
0.316704,59
0.316704,60
0.316704,61
0.316704,62
0.316704,63
0.316704,64
0.316704,65
0.316704,66
0.316704,67
0.316704,68
0.316704,69
0.316704,70
0.316704,71
0.316704,72
0.316704,73
0.316704,74
0.316704,75
0.316704,76
0.316704,77
0.316704,78
0.316704,79
0.316704,80
0.316704,81
0.316704,82
0.316704,83
0.316704,84
0.316704,85
0.316704,86
0.316703,87
0.316703,88
0.316702,89
0.316701,90
0.316699,91
0.316696,92
0.316691,93
0.316682,94
0.31667,95
0.316649,96
0.316616,97
0.316564,98
0.31648,99
0.316347,100
0.316136,101
0.315803,102
0.315277,103
0.314456,104
0.313185,105
0.31125,106
0.308362,107
0.304179,108
0.298343,109
0.290565,110
0.280714,111
0.268865,112
0.25528,113
0.240322,114
0.224369,115
0.207757,116
0.190757,117
0.173582,118
0.156399,119
0.139355,120
0.122592,121
0.106263,122
0.0905491,123
0.0756643,124
0.0618529,125
0.0493684,126
0.0384345,127
0.0291964,128
0.0216809,129
0.0157884,130
0.0113193,131
0.00802214,132
0.00564133,133
0.00394875,134
0.00275804,135
0.00192579,136
0.00134611,137
0.000942831,138
0.000662169,139
0.000466548,140
0.000329886,141
0.000234141,142
0.000166842,143
0.000119373,144
8.57653e-05,145
6.18798e-05,146
4.48369e-05,147
3.26276e-05,148
2.38454e-05,149
1.75024e-05,150
1.29023e-05,151
9.55236e-06,152
7.10276e-06,153
5.3041e-06,154
3.97795e-06,155
2.99613e-06,156
2.26626e-06,157
1.72146e-06,158
1.31314e-06,159
1.00586e-06,160
7.73689e-07,161
5.97563e-07,162
4.63419e-07,163
3.60846e-07,164
2.82105e-07,165
2.21423e-07,166
1.74478e-07,167
1.38021e-07,168
1.09602e-07,169
8.73653e-08,170
6.99013e-08,171
5.61354e-08,172
4.52452e-08,173
3.6599e-08,174
2.97101e-08,175
2.42022e-08,176
1.97833e-08,177
1.62259e-08,178
1.33526e-08,179
1.1024e-08,180
9.13084e-09,181
7.58669e-09,182
6.32324e-09,183
5.28626e-09,184
4.43255e-09,185
3.7276e-09,186
3.14378e-09,187
2.65886e-09,188
2.25494e-09,189
1.91754e-09,190
1.63494e-09,191
1.39759e-09,192
1.19773e-09,193
1.02898e-09,194
8.86147e-10,195
7.64944e-10,196
6.61842e-10,197
5.73928e-10,198
4.98787e-10,199
4.34414e-10,200
3.79143e-10,201
3.3158e-10,202
2.90562e-10,203
2.55113e-10,204
2.24413e-10,205
1.97772e-10,206
1.74607e-10,207
1.54425e-10,208
1.36809e-10,209
1.21403e-10,210
1.07907e-10,211
9.60614e-11,212
8.56471e-11,213
7.64754e-11,214
6.83847e-11,215
6.1236e-11,216
5.49095e-11,217
4.93021e-11,218
4.43245e-11,219
3.98994e-11,220
3.59599e-11,221
3.24477e-11,222
2.93122e-11,223
2.65092e-11,224
2.40003e-11,225
2.17517e-11,226
1.97338e-11,227
1.79209e-11,228
1.62902e-11,229
1.48217e-11,230
1.34978e-11,231
1.23029e-11,232
1.12233e-11,233
1.02469e-11,234
9.36295e-12,235
8.56188e-12,236
7.83523e-12,237
7.17548e-12,238
6.57592e-12,239
6.03059e-12,240
5.53415e-12,241
5.08184e-12,242
4.6694e-12,243
4.29303e-12,244
3.94929e-12,245
3.63514e-12,246
3.34781e-12,247
3.08483e-12,248
2.84397e-12,249
2.62322e-12,250
2.42077e-12,251
2.23499e-12,252
2.0644e-12,253
1.90766e-12,254
1.76357e-12,255
1.63103e-12,256
1.50906e-12,257
1.39673e-12,258
1.29325e-12,259
1.19787e-12,260
1.10991e-12,261
1.02876e-12,262
9.53843e-13,263
8.84667e-13,264
8.20756e-13,265
7.61687e-13,266
7.07073e-13,267
6.56558e-13,268
6.09813e-13,269
5.66542e-13,270
5.26472e-13,271
4.89354e-13,272
4.5496e-13,273
4.23083e-13,274
3.93523e-13,275
3.66105e-13,276
3.40667e-13,277
3.17061e-13,278
2.95148e-13,279
2.74799e-13,280
2.55897e-13,281
2.38337e-13,282
2.22021e-13,283
2.06853e-13,284
1.92753e-13,285
1.79643e-13,286
1.67449e-13,287
1.56102e-13,288
1.45546e-13,289
1.3572e-13,290
1.26575e-13,291
1.18063e-13,292
1.10134e-13,293
1.02751e-13,294
9.58724e-14,295
8.94608e-14,296
8.34888e-14,297
7.79284e-14,298
7.27381e-14,299
6.7904e-14,300
6.33984e-14,301
5.91934e-14,302
5.52752e-14,303
5.16161e-14,304
4.82068e-14,305
4.50242e-14,306
4.20543e-14,307
3.9288e-14,308
3.67021e-14,309
3.42874e-14,310
3.20392e-14,311
2.99344e-14,312
2.7973e-14,313
2.61411e-14,314
2.44295e-14,315
2.28336e-14,316
2.13394e-14,317
1.9947e-14,318
1.86425e-14,319
1.74305e-14,320
1.62925e-14,321
1.52332e-14,322
1.42386e-14,323
1.33134e-14,324
1.24484e-14,325
1.16388e-14,326
1.08848e-14,327
1.0177e-14,328
9.51554e-15,329
8.90029e-15,330
8.32205e-15,331
7.78544e-15,332
7.28121e-15,333
6.80937e-15,334
6.3699e-15,335
5.9582e-15,336
5.56962e-15,337
5.21342e-15,338
4.87573e-15,339
4.56117e-15,340
4.26511e-15,341
3.99218e-15,342
3.73312e-15,343
3.49258e-15,344
3.26591e-15,345
3.05774e-15,346
2.85882e-15,347
2.67379e-15,348
2.50263e-15,349
2.34072e-15,350
2.19269e-15,351
2.04929e-15,352
1.91976e-15,353
1.79486e-15,354
1.67921e-15,355
1.57282e-15,356
1.47105e-15,357
1.3739e-15,358
1.28601e-15,359
1.20274e-15,360
1.12873e-15,361
1.05471e-15,362
9.85323e-16,363
9.25186e-16,364
8.65049e-16,365
8.09538e-16,366
7.58652e-16,367
7.07767e-16,368
6.61508e-16,369
6.19875e-16,370
5.82867e-16,371
5.4586e-16,372
5.08852e-16,373
4.76471e-16,374
4.44089e-16,375
4.16334e-16,376
3.88578e-16,377
3.65448e-16,378
3.42319e-16,379
3.19189e-16,380
3.00685e-16,381
2.82182e-16,382
2.63678e-16,383
2.45174e-16,384
2.31296e-16,385
2.12793e-16,386
2.03541e-16,387
1.89663e-16,388
1.75785e-16,389
1.66533e-16,390
1.52656e-16,391
1.43404e-16,392
1.34152e-16,393
1.249e-16,394
1.20274e-16,395
1.11022e-16,396
1.0177e-16,397
9.71445e-17,398
9.25186e-17,399
8.32667e-17,400
7.86408e-17,401
7.40149e-17,402
6.93889e-17,403
6.4763e-17,404
6.01371e-17,405
5.55112e-17,406
5.55112e-17,407
5.08852e-17,408
4.62593e-17,409
4.62593e-17,410
4.16334e-17,411
3.70074e-17,412
3.70074e-17,413
3.23815e-17,414
3.23815e-17,415
2.77556e-17,416
2.77556e-17,417
2.77556e-17,418
2.31296e-17,419
2.31296e-17,420
2.31296e-17,421
1.85037e-17,422
1.85037e-17,423
1.85037e-17,424
1.85037e-17,425
1.38778e-17,426
1.38778e-17,427
1.38778e-17,428
1.38778e-17,429
1.38778e-17,430
9.25186e-18,431
9.25186e-18,432
9.25186e-18,433
9.25186e-18,434
9.25186e-18,435
9.25186e-18,436
9.25186e-18,437
4.62593e-18,438
4.62593e-18,439
4.62593e-18,440
4.62593e-18,441
4.62593e-18,442
4.62593e-18,443
4.62593e-18,444
4.62593e-18,445
4.62593e-18,446
4.62593e-18,447
4.62593e-18,448
4.62593e-18,449
4.62593e-18,450
4.62593e-18,451
4.62593e-18,452
4.62593e-18,453
4.62593e-18,454
-0,455
-0,456
-0,457
-0,458
-0,459
-0,460
-0,461
-0,462
-0,463
-0,464
-0,465
-0,466
-0,467
-0,468
-0,469
-0,470
-0,471
-0,472
-0,473
-0,474
-0,475
-0,476
-0,477
-0,478
-0,479
-0,480
-0,481
-0,482
-0,483
-0,484
-0,485
-0,486
-0,487
-0,488
-0,489
-0,490
-0,491
-0,492
-0,493
-0,494
-0,495
-0,496
-0,497
-0,498
-0,499
-0,500
-0,501
-0,502
-0,503
-0,504
-0,505
-0,506
-0,507
-0,508
-0,509
-0,510
-0,511
-0,512
-0,513
-0,514
-0,515
-0,516
-0,517
-0,518
-0,519
-0,520
-0,521
-0,522
-0,523
-0,524
-0,525
-0,526
-0,527
-0,528
-0,529
-0,530
-0,531
-0,532
-0,533
-0,534
-0,535
-0,536
-0,537
-0,538
-0,539
-0,540
-0,541
-0,542
-0,543
-0,544
-0,545
-0,546
-0,547
-0,548
-0,549
-0,550
-0,551
-0,552
-0,553
-0,554
-0,555
-0,556
-0,557
-0,558
-0,559
-0,560
-0,561
-0,562
-0,563
-0,564
-0,565
-0,566
-0,567
-0,568
-0,569
-0,570
-0,571
-0,572
-0,573
-0,574
-0,575
-0,576
-0,577
-0,578
-0,579
-0,580
-0,581
-0,582
-0,583
-0,584
-0,585
-0,586
-0,587
-0,588
-0,589
-0,590
-0,591
-0,592
-0,593
-0,594
-0,595
-0,596
-0,597
-0,598
-0,599
-0,600
-0,601
-0,602
-0,603
-0,604
-0,605
-0,606
-0,607
-0,608
-0,609
-0,610
-0,611
-0,612
-0,613
-0,614
-0,615
-0,616
-0,617
-0,618
-0,619
-0,620
-0,621
-0,622
-0,623
-0,624
-0,625
-0,626
-0,627
-0,628
-0,629
-0,630
-0,631
-0,632
-0,633
-0,634
-0,635
-0,636
-0,637
-0,638
-0,639
-0,640
-0,641
-0,642
-0,643
-0,644
-0,645
-0,646
-0,647
-0,648
-0,649
-0,650
-0,651
-0,652
-0,653
-0,654
-0,655
-0,656
-0,657
-0,658
-0,659
-0,660
-0,661
-0,662
-0,663
-0,664
-0,665
-0,666
-0,667
-0,668
-0,669
-0,670
-0,671
-0,672
