-0,0
1.10097e-15,1
3.97476e-12,2
2.0526e-10,3
1.9366e-09,4
7.41052e-09,5
1.63903e-08,6
2.52878e-08,7
3.04202e-08,8
3.06296e-08,9
2.70718e-08,10
2.17124e-08,11
1.6183e-08,12
9.26544e-07,13
9.19581e-06,14
3.62515e-05,15
8.1747e-05,16
0.000127856,17
0.000155412,18
0.00015781,19
0.000140486,20
0.000113385,21
8.49832e-05,22
6.02042e-05,23
4.08463e-05,24
0.000426859,25
0.00171328,26
0.00385035,27
0.00596484,28
0.00722715,29
0.0073944,30
0.00669203,31
0.00551605,32
0.00422482,33
0.00305236,34
0.00210552,35
0.0014005,36
0.00776126,37
0.0195849,38
0.0313047,39
0.038877,40
0.0416361,41
0.040406,42
0.0363744,43
0.0307161,44
0.0244705,45
0.0184672,46
0.0132636,47
0.00912136,48
0.0314328,49
0.0557148,50
0.0726081,51
0.0812862,52
0.0832977,53
0.0803199,54
0.0737767,55
0.0648623,56
0.0546209,57
0.0439996,58
0.0338471,59
0.0248523,60
0.0602495,61
0.088615,62
0.105794,63
0.113767,64
0.11485,65
0.110865,66
0.103193,67
0.0929127,68
0.080931,69
0.0680641,70
0.055094,71
0.0427753,72
0.031781,73
0.022598,74
0.0154284,75
0.0101752,76
0.00653061,77
0.00410879,78
0.00254975,79
0.00156802,80
0.000958871,81
0.000584459,82
0.000355667,83
0.000216331,84
0.000131618,85
8.01454e-05,86
4.8863e-05,87
2.98367e-05,88
1.82512e-05,89
1.11861e-05,90
6.87031e-06,91
4.22903e-06,92
2.60926e-06,93
1.61379e-06,94
1.00061e-06,95
6.22023e-07,96
3.87705e-07,97
2.42315e-07,98
1.51869e-07,99
9.54543e-08,100
6.01706e-08,101
3.80418e-08,102
2.4124e-08,103
1.53452e-08,104
9.79165e-09,105
6.26786e-09,106
4.02518e-09,107
2.59344e-09,108
1.67654e-09,109
1.08747e-09,110
7.07798e-10,111
4.62282e-10,112
3.02992e-10,113
1.99297e-10,114
1.31563e-10,115
8.71663e-11,116
5.79643e-11,117
3.8689e-11,118
2.59206e-11,119
1.74321e-11,120
1.17683e-11,121
7.97537e-12,122
5.42594e-12,123
3.70595e-12,124
2.54117e-12,125
1.7494e-12,126
1.20913e-12,127
8.39074e-13,128
5.8462e-13,129
4.08978e-13,130
2.8727e-13,131
2.02602e-13,132
1.43473e-13,133
1.02016e-13,134
7.28353e-14,135
5.22129e-14,136
3.75857e-14,137
2.71635e-14,138
1.97157e-14,139
1.43681e-14,140
1.05101e-14,141
7.72068e-15,142
5.69452e-15,143
4.21885e-15,144
3.13638e-15,145
2.34072e-15,146
1.75785e-15,147
1.32302e-15,148
9.99201e-16,149
7.58652e-16,150
5.78241e-16,151
4.39463e-16,152
3.37693e-16,153
2.59052e-16,154
2.03541e-16,155
1.57282e-16,156
1.20274e-16,157
9.71445e-17,158
7.40149e-17,159
6.01371e-17,160
4.62593e-17,161
3.70074e-17,162
2.77556e-17,163
2.31296e-17,164
1.85037e-17,165
1.38778e-17,166
1.38778e-17,167
9.25186e-18,168
9.25186e-18,169
4.62593e-18,170
4.62593e-18,171
4.62593e-18,172
4.62593e-18,173
4.62593e-18,174
4.62593e-18,175
-0,176
-0,177
-0,178
-0,179
-0,180
-0,181
-0,182
-0,183
-0,184
-0,185
-0,186
-0,187
-0,188
-0,189
-0,190
-0,191
-0,192
-0,193
-0,194
-0,195
-0,196
-0,197
-0,198
-0,199
-0,200
-0,201
-0,202
-0,203
-0,204
-0,205
-0,206
-0,207
-0,208
-0,209
-0,210
-0,211
-0,212
-0,213
-0,214
-0,215
-0,216
-0,217
-0,218
-0,219
-0,220
-0,221
-0,222
-0,223
-0,224
-0,225
-0,226
-0,227
-0,228
-0,229
-0,230
-0,231
-0,232
-0,233
-0,234
-0,235
-0,236
-0,237
-0,238
-0,239
-0,240
-0,241
-0,242
-0,243
-0,244
-0,245
-0,246
-0,247
-0,248
-0,249
-0,250
-0,251
-0,252
-0,253
-0,254
-0,255
-0,256
-0,257
-0,258
-0,259
-0,260
-0,261
-0,262
-0,263
-0,264
-0,265
-0,266
-0,267
-0,268
-0,269
-0,270
-0,271
-0,272
-0,273
-0,274
-0,275
-0,276
-0,277
-0,278
-0,279
-0,280
-0,281
-0,282
-0,283
-0,284
-0,285
-0,286
-0,287
-0,288
-0,289
-0,290
-0,291
-0,292
-0,293
-0,294
-0,295
-0,296
-0,297
-0,298
-0,299
-0,300
-0,301
-0,302
-0,303
-0,304
-0,305
-0,306
-0,307
-0,308
-0,309
-0,310
-0,311
-0,312
-0,313
-0,314
-0,315
-0,316
-0,317
-0,318
-0,319
-0,320
-0,321
-0,322
-0,323
-0,324
-0,325
-0,326
-0,327
-0,328
-0,329
-0,330
-0,331
-0,332
-0,333
-0,334
-0,335
-0,336
-0,337
-0,338
-0,339
-0,340
-0,341
-0,342
-0,343
-0,344
-0,345
-0,346
-0,347
-0,348
-0,349
-0,350
-0,351
-0,352
-0,353
-0,354
-0,355
-0,356
-0,357
-0,358
-0,359
-0,360
-0,361
-0,362
-0,363
-0,364
-0,365
-0,366
-0,367
-0,368
-0,369
-0,370
-0,371
-0,372
-0,373
-0,374
-0,375
-0,376
-0,377
-0,378
-0,379
-0,380
-0,381
-0,382
-0,383
-0,384
-0,385
-0,386
-0,387
-0,388
-0,389
-0,390
-0,391
-0,392
-0,393
-0,394
-0,395
-0,396
-0,397
-0,398
-0,399
-0,400
-0,401
-0,402
-0,403
-0,404
-0,405
-0,406
-0,407
-0,408
-0,409
-0,410
-0,411
-0,412
-0,413
-0,414
-0,415
-0,416
-0,417
-0,418
-0,419
-0,420
-0,421
-0,422
-0,423
-0,424
-0,425
-0,426
-0,427
-0,428
-0,429
-0,430
-0,431
-0,432
-0,433
-0,434
-0,435
-0,436
-0,437
-0,438
-0,439
-0,440
-0,441
-0,442
-0,443
-0,444
-0,445
-0,446
-0,447
-0,448
-0,449
-0,450
-0,451
-0,452
-0,453
-0,454
-0,455
-0,456
-0,457
-0,458
-0,459
-0,460
-0,461
-0,462
-0,463
-0,464
-0,465
-0,466
-0,467
-0,468
-0,469
-0,470
-0,471
-0,472
-0,473
-0,474
-0,475
-0,476
-0,477
-0,478
-0,479
-0,480
-0,481
-0,482
-0,483
-0,484
-0,485
-0,486
-0,487
-0,488
-0,489
-0,490
-0,491
-0,492
-0,493
-0,494
-0,495
-0,496
-0,497
-0,498
-0,499
-0,500
-0,501
-0,502
-0,503
-0,504
-0,505
-0,506
-0,507
-0,508
-0,509
-0,510
-0,511
-0,512
-0,513
-0,514
-0,515
-0,516
-0,517
-0,518
-0,519
-0,520
-0,521
-0,522
-0,523
-0,524
-0,525
-0,526
-0,527
-0,528
-0,529
-0,530
-0,531
-0,532
-0,533
-0,534
-0,535
-0,536
-0,537
-0,538
-0,539
-0,540
-0,541
-0,542
-0,543
-0,544
-0,545
-0,546
-0,547
-0,548
-0,549
-0,550
-0,551
-0,552
-0,553
-0,554
-0,555
-0,556
-0,557
-0,558
-0,559
-0,560
-0,561
-0,562
-0,563
-0,564
-0,565
-0,566
-0,567
-0,568
-0,569
-0,570
-0,571
-0,572
-0,573
-0,574
-0,575
-0,576
-0,577
-0,578
-0,579
-0,580
-0,581
-0,582
-0,583
-0,584
-0,585
-0,586
-0,587
-0,588
-0,589
-0,590
-0,591
-0,592
-0,593
-0,594
-0,595
-0,596
-0,597
-0,598
-0,599
-0,600
-0,601
-0,602
-0,603
-0,604
-0,605
-0,606
-0,607
-0,608
-0,609
-0,610
-0,611
-0,612
-0,613
-0,614
-0,615
-0,616
-0,617
-0,618
-0,619
-0,620
-0,621
-0,622
-0,623
-0,624
-0,625
-0,626
-0,627
-0,628
-0,629
-0,630
-0,631
-0,632
-0,633
-0,634
-0,635
-0,636
-0,637
-0,638
-0,639
-0,640
-0,641
-0,642
-0,643
-0,644
-0,645
-0,646
-0,647
-0,648
-0,649
-0,650
-0,651
-0,652
-0,653
-0,654
-0,655
-0,656
-0,657
-0,658
-0,659
-0,660
-0,661
-0,662
-0,663
-0,664
-0,665
-0,666
-0,667
-0,668
-0,669
-0,670
-0,671
-0,672
