PID,i_lum_F1_indiv,i_lum_k12(KA),i_lum_k23(Q/V),i_lum_k32(Q/VP),i_lum_k20(CL/V),total_mg_dose_per_occassion,DS,Q,V,CL,VP
0,0.173076,0.0386,0.0226834,0.00834678,0.0890192,120,0.24338,0.117252,5.16908,0.460147,14.0476
1,0.0572397,0.0386,0.0208887,0.00834678,0.0819761,120,0.24338,0.117252,5.61319,0.460147,14.0476
2,0.148925,0.0386,0.0811901,0.00834678,0.318624,120,0.24338,0.117252,1.44417,0.460147,14.0476
3,0.099396,0.0386,0.102319,0.00834678,0.401543,120,0.24338,0.117252,1.14595,0.460147,14.0476
4,0.442133,0.0386,0.0636714,0.00834678,0.249873,120,0.24338,0.117252,1.84152,0.460147,14.0476
5,0.241416,0.0386,0.138556,0.00834678,0.543751,120,0.24338,0.117252,0.846246,0.460147,14.0476
6,0.208862,0.0386,0.0407113,0.00834678,0.159768,120,0.24338,0.117252,2.88009,0.460147,14.0476
7,0.188618,0.0386,0.0248065,0.00834678,0.0973512,120,0.24338,0.117252,4.72667,0.460147,14.0476
8,0.44797,0.0386,0.0404117,0.00834678,0.158593,120,0.24338,0.117252,2.90144,0.460147,14.0476
9,0.0966995,0.0386,0.0217384,0.00834678,0.0853107,120,0.24338,0.117252,5.39378,0.460147,14.0476
10,0.21748,0.0386,0.128241,0.00834678,0.503273,120,0.24338,0.117252,0.914309,0.460147,14.0476
11,0.407096,0.0386,0.0467053,0.00834678,0.183291,120,0.24338,0.117252,2.51047,0.460147,14.0476
12,0.0733935,0.0386,0.0355798,0.00834678,0.13963,120,0.24338,0.117252,3.29548,0.460147,14.0476
13,0.300102,0.0386,0.0137433,0.00834678,0.0539346,120,0.24338,0.117252,8.53158,0.460147,14.0476
14,0.382526,0.0386,0.187408,0.00834678,0.735466,120,0.24338,0.117252,0.625654,0.460147,14.0476
15,0.318993,0.0386,0.0342514,0.00834678,0.134417,120,0.24338,0.117252,3.42329,0.460147,14.0476
16,0.187652,0.0386,0.0349186,0.00834678,0.137035,120,0.24338,0.117252,3.35788,0.460147,14.0476
17,0.175313,0.0386,0.106702,0.00834678,0.418742,120,0.24338,0.117252,1.09888,0.460147,14.0476
18,0.849819,0.0386,0.0409643,0.00834678,0.160761,120,0.24338,0.117252,2.86231,0.460147,14.0476
19,0.101059,0.0386,0.309466,0.00834678,1.21448,120,0.24338,0.117252,0.378886,0.460147,14.0476
20,0.126666,0.0386,0.192604,0.00834678,0.75586,120,0.24338,0.117252,0.608773,0.460147,14.0476
21,0.399979,0.0386,0.0058652,0.00834678,0.0230175,120,0.24338,0.117252,19.9912,0.460147,14.0476
22,0.350283,0.0386,0.0860689,0.00834678,0.33777,120,0.24338,0.117252,1.36231,0.460147,14.0476
23,0.165936,0.0386,0.152458,0.00834678,0.59831,120,0.24338,0.117252,0.769078,0.460147,14.0476
24,0.121985,0.0386,0.0426835,0.00834678,0.167508,120,0.24338,0.117252,2.74701,0.460147,14.0476
25,0.123516,0.0386,0.0236768,0.00834678,0.0929175,120,0.24338,0.117252,4.95221,0.460147,14.0476
26,0.161579,0.0386,0.0227058,0.00834678,0.089107,120,0.24338,0.117252,5.16399,0.460147,14.0476
27,0.30263,0.0386,0.821306,0.00834678,3.22315,120,0.24338,0.117252,0.142763,0.460147,14.0476
28,0.195226,0.0386,0.0197303,0.00834678,0.0774299,120,0.24338,0.117252,5.94276,0.460147,14.0476
29,0.180391,0.0386,0.0197319,0.00834678,0.0774361,120,0.24338,0.117252,5.94228,0.460147,14.0476
30,0.256303,0.0386,0.0250558,0.00834678,0.0983293,120,0.24338,0.117252,4.67966,0.460147,14.0476
31,0.285789,0.0386,0.0972559,0.00834678,0.381673,120,0.24338,0.117252,1.20561,0.460147,14.0476
32,0.221292,0.0386,0.0118977,0.00834678,0.0466917,120,0.24338,0.117252,9.85501,0.460147,14.0476
33,0.0686966,0.0386,0.0154531,0.00834678,0.0606442,120,0.24338,0.117252,7.58765,0.460147,14.0476
34,0.050658,0.0386,0.0322324,0.00834678,0.126494,120,0.24338,0.117252,3.63771,0.460147,14.0476
35,0.590218,0.0386,0.00907208,0.00834678,0.0356027,120,0.24338,0.117252,12.9245,0.460147,14.0476
36,0.0483941,0.0386,0.0188232,0.00834678,0.0738699,120,0.24338,0.117252,6.22915,0.460147,14.0476
37,0.267826,0.0386,0.143829,0.00834678,0.564445,120,0.24338,0.117252,0.815221,0.460147,14.0476
38,0.694443,0.0386,0.116222,0.00834678,0.456105,120,0.24338,0.117252,1.00886,0.460147,14.0476
39,0.113252,0.0386,0.568549,0.00834678,2.23122,120,0.24338,0.117252,0.206231,0.460147,14.0476
40,0.0479021,0.0386,0.0746264,0.00834678,0.292865,120,0.24338,0.117252,1.57119,0.460147,14.0476
41,0.344393,0.0386,0.0729868,0.00834678,0.286431,120,0.24338,0.117252,1.60649,0.460147,14.0476
42,0.0903924,0.0386,0.0239576,0.00834678,0.0940195,120,0.24338,0.117252,4.89417,0.460147,14.0476
43,0.354666,0.0386,0.171649,0.00834678,0.673622,120,0.24338,0.117252,0.683094,0.460147,14.0476
44,0.267463,0.0386,0.167127,0.00834678,0.655877,120,0.24338,0.117252,0.701575,0.460147,14.0476
45,0.108571,0.0386,0.0117328,0.00834678,0.0460445,120,0.24338,0.117252,9.99354,0.460147,14.0476
46,0.205912,0.0386,0.136771,0.00834678,0.536746,120,0.24338,0.117252,0.85729,0.460147,14.0476
47,0.164951,0.0386,0.101554,0.00834678,0.398539,120,0.24338,0.117252,1.15458,0.460147,14.0476
48,0.579928,0.0386,0.0236013,0.00834678,0.0926213,120,0.24338,0.117252,4.96805,0.460147,14.0476
49,0.20477,0.0386,0.0617577,0.00834678,0.242363,120,0.24338,0.117252,1.89859,0.460147,14.0476
50,0.0545638,0.0386,0.0968589,0.00834678,0.380115,120,0.24338,0.117252,1.21055,0.460147,14.0476
51,0.0938412,0.0386,0.107619,0.00834678,0.422342,120,0.24338,0.117252,1.08951,0.460147,14.0476
52,0.154853,0.0386,0.020427,0.00834678,0.0801641,120,0.24338,0.117252,5.74007,0.460147,14.0476
53,0.317259,0.0386,0.0380812,0.00834678,0.149447,120,0.24338,0.117252,3.07901,0.460147,14.0476
54,0.239694,0.0386,0.0506566,0.00834678,0.198798,120,0.24338,0.117252,2.31465,0.460147,14.0476
55,0.326579,0.0386,0.0333546,0.00834678,0.130897,120,0.24338,0.117252,3.51533,0.460147,14.0476
56,0.316947,0.0386,0.33454,0.00834678,1.31288,120,0.24338,0.117252,0.350488,0.460147,14.0476
57,0.308728,0.0386,0.272238,0.00834678,1.06838,120,0.24338,0.117252,0.430698,0.460147,14.0476
58,0.370237,0.0386,0.0435362,0.00834678,0.170854,120,0.24338,0.117252,2.69321,0.460147,14.0476
59,0.123604,0.0386,0.0153321,0.00834678,0.0601696,120,0.24338,0.117252,7.6475,0.460147,14.0476
60,0.452421,0.0386,0.0243079,0.00834678,0.0953945,120,0.24338,0.117252,4.82363,0.460147,14.0476
61,0.259201,0.0386,0.0208477,0.00834678,0.0818149,120,0.24338,0.117252,5.62424,0.460147,14.0476
62,0.105377,0.0386,0.00722694,0.00834678,0.0283615,120,0.24338,0.117252,16.2243,0.460147,14.0476
63,0.112515,0.0386,0.0161195,0.00834678,0.0632598,120,0.24338,0.117252,7.27393,0.460147,14.0476
64,0.310123,0.0386,0.0211402,0.00834678,0.0829631,120,0.24338,0.117252,5.54641,0.460147,14.0476
65,0.173863,0.0386,0.0212303,0.00834678,0.0833164,120,0.24338,0.117252,5.52289,0.460147,14.0476
66,0.284056,0.0386,0.0412423,0.00834678,0.161852,120,0.24338,0.117252,2.84301,0.460147,14.0476
67,0.304491,0.0386,0.0186074,0.00834678,0.0730232,120,0.24338,0.117252,6.30138,0.460147,14.0476
68,0.568494,0.0386,0.0493401,0.00834678,0.193631,120,0.24338,0.117252,2.37641,0.460147,14.0476
69,0.266759,0.0386,0.0230616,0.00834678,0.0905034,120,0.24338,0.117252,5.08431,0.460147,14.0476
70,0.0879243,0.0386,0.145615,0.00834678,0.571455,120,0.24338,0.117252,0.80522,0.460147,14.0476
71,0.114083,0.0386,0.093845,0.00834678,0.368287,120,0.24338,0.117252,1.24943,0.460147,14.0476
72,0.268159,0.0386,0.0287599,0.00834678,0.112866,120,0.24338,0.117252,4.07694,0.460147,14.0476
73,0.252683,0.0386,0.0372821,0.00834678,0.14631,120,0.24338,0.117252,3.14501,0.460147,14.0476
74,0.070931,0.0386,0.117383,0.00834678,0.46066,120,0.24338,0.117252,0.998887,0.460147,14.0476
75,0.270904,0.0386,0.0150785,0.00834678,0.0591745,120,0.24338,0.117252,7.77611,0.460147,14.0476
76,0.294676,0.0386,0.024919,0.00834678,0.0977924,120,0.24338,0.117252,4.70535,0.460147,14.0476
77,0.169371,0.0386,0.224648,0.00834678,0.881614,120,0.24338,0.117252,0.521937,0.460147,14.0476
78,0.058212,0.0386,0.149482,0.00834678,0.58663,120,0.24338,0.117252,0.784391,0.460147,14.0476
79,0.278955,0.0386,0.0226542,0.00834678,0.0889045,120,0.24338,0.117252,5.17575,0.460147,14.0476
80,0.115748,0.0386,0.0367519,0.00834678,0.14423,120,0.24338,0.117252,3.19037,0.460147,14.0476
81,0.354753,0.0386,0.0216394,0.00834678,0.0849221,120,0.24338,0.117252,5.41847,0.460147,14.0476
82,0.417437,0.0386,0.104545,0.00834678,0.410279,120,0.24338,0.117252,1.12155,0.460147,14.0476
83,0.128689,0.0386,0.0900035,0.00834678,0.353211,120,0.24338,0.117252,1.30275,0.460147,14.0476
84,0.378546,0.0386,0.0206874,0.00834678,0.0811861,120,0.24338,0.117252,5.66781,0.460147,14.0476
85,0.600607,0.0386,0.0416587,0.00834678,0.163486,120,0.24338,0.117252,2.81459,0.460147,14.0476
86,0.343814,0.0386,0.00859577,0.00834678,0.0337334,120,0.24338,0.117252,13.6407,0.460147,14.0476
87,0.0691065,0.0386,0.0770183,0.00834678,0.302252,120,0.24338,0.117252,1.5224,0.460147,14.0476
88,0.219296,0.0386,0.0964912,0.00834678,0.378672,120,0.24338,0.117252,1.21516,0.460147,14.0476
89,0.135675,0.0386,0.0319895,0.00834678,0.12554,120,0.24338,0.117252,3.66533,0.460147,14.0476
90,0.15547,0.0386,0.0886575,0.00834678,0.347929,120,0.24338,0.117252,1.32253,0.460147,14.0476
91,0.221074,0.0386,0.0518693,0.00834678,0.203557,120,0.24338,0.117252,2.26054,0.460147,14.0476
92,0.447982,0.0386,0.008704,0.00834678,0.0341582,120,0.24338,0.117252,13.4711,0.460147,14.0476
93,0.216022,0.0386,0.0358274,0.00834678,0.140602,120,0.24338,0.117252,3.2727,0.460147,14.0476
94,0.279951,0.0386,0.219257,0.00834678,0.860458,120,0.24338,0.117252,0.53477,0.460147,14.0476
95,0.205914,0.0386,0.158993,0.00834678,0.623956,120,0.24338,0.117252,0.737468,0.460147,14.0476
96,0.24107,0.0386,0.0321842,0.00834678,0.126304,120,0.24338,0.117252,3.64316,0.460147,14.0476
97,0.273572,0.0386,0.0230879,0.00834678,0.0906066,120,0.24338,0.117252,5.07852,0.460147,14.0476
98,0.0227801,0.0386,0.0902763,0.00834678,0.354282,120,0.24338,0.117252,1.29882,0.460147,14.0476
99,0.120535,0.0386,0.0228181,0.00834678,0.0895478,120,0.24338,0.117252,5.13857,0.460147,14.0476
100,0.182882,0.0386,0.036031,0.00834678,0.141401,120,0.24338,0.117252,3.2542,0.460147,14.0476
101,0.261363,0.0386,0.0326116,0.00834678,0.127981,120,0.24338,0.117252,3.59542,0.460147,14.0476
102,0.260577,0.0386,0.0255012,0.00834678,0.100078,120,0.24338,0.117252,4.59791,0.460147,14.0476
103,0.439655,0.0386,0.0399758,0.00834678,0.156882,120,0.24338,0.117252,2.93308,0.460147,14.0476
104,0.0521748,0.0386,0.0105408,0.00834678,0.0413666,120,0.24338,0.117252,11.1236,0.460147,14.0476
105,0.444608,0.0386,0.0353615,0.00834678,0.138773,120,0.24338,0.117252,3.31582,0.460147,14.0476
106,0.430968,0.0386,0.0779717,0.00834678,0.305994,120,0.24338,0.117252,1.50378,0.460147,14.0476
107,0.281516,0.0386,0.00735894,0.00834678,0.0288795,120,0.24338,0.117252,15.9333,0.460147,14.0476
108,0.180118,0.0386,0.198947,0.00834678,0.780751,120,0.24338,0.117252,0.589365,0.460147,14.0476
109,0.209435,0.0386,0.0467015,0.00834678,0.183276,120,0.24338,0.117252,2.51068,0.460147,14.0476
110,0.380262,0.0386,0.0564081,0.00834678,0.221369,120,0.24338,0.117252,2.07864,0.460147,14.0476
111,0.229981,0.0386,0.206154,0.00834678,0.809033,120,0.24338,0.117252,0.568762,0.460147,14.0476
112,0.205096,0.0386,0.217043,0.00834678,0.851766,120,0.24338,0.117252,0.540227,0.460147,14.0476
113,0.17304,0.0386,0.142604,0.00834678,0.559637,120,0.24338,0.117252,0.822224,0.460147,14.0476
114,0.300478,0.0386,0.0252638,0.00834678,0.0991458,120,0.24338,0.117252,4.64112,0.460147,14.0476
115,0.0471742,0.0386,0.254198,0.00834678,0.997578,120,0.24338,0.117252,0.461264,0.460147,14.0476
116,0.150562,0.0386,0.0312139,0.00834678,0.122496,120,0.24338,0.117252,3.75642,0.460147,14.0476
117,0.139522,0.0386,0.0237593,0.00834678,0.0932413,120,0.24338,0.117252,4.93502,0.460147,14.0476
118,0.311828,0.0386,0.0140737,0.00834678,0.0552312,120,0.24338,0.117252,8.3313,0.460147,14.0476
119,0.278313,0.0386,0.00624243,0.00834678,0.0244979,120,0.24338,0.117252,18.7831,0.460147,14.0476
120,0.432334,0.0386,0.28661,0.00834678,1.12478,120,0.24338,0.117252,0.4091,0.460147,14.0476
121,0.107263,0.0386,0.0394628,0.00834678,0.154869,120,0.24338,0.117252,2.97121,0.460147,14.0476
122,0.12739,0.0386,0.0407469,0.00834678,0.159908,120,0.24338,0.117252,2.87758,0.460147,14.0476
123,0.286221,0.0386,0.0536526,0.00834678,0.210555,120,0.24338,0.117252,2.1854,0.460147,14.0476
124,0.322231,0.0386,0.0110072,0.00834678,0.0431967,120,0.24338,0.117252,10.6524,0.460147,14.0476
125,0.209044,0.0386,0.0181407,0.00834678,0.0711918,120,0.24338,0.117252,6.46348,0.460147,14.0476
126,0.6149,0.0386,0.054001,0.00834678,0.211923,120,0.24338,0.117252,2.1713,0.460147,14.0476
127,0.18111,0.0386,0.095301,0.00834678,0.374001,120,0.24338,0.117252,1.23034,0.460147,14.0476
128,0.147587,0.0386,0.0151969,0.00834678,0.0596389,120,0.24338,0.117252,7.71555,0.460147,14.0476
129,0.279567,0.0386,0.0338312,0.00834678,0.132768,120,0.24338,0.117252,3.46581,0.460147,14.0476
130,0.380358,0.0386,0.110942,0.00834678,0.435381,120,0.24338,0.117252,1.05688,0.460147,14.0476
131,0.208873,0.0386,0.0785231,0.00834678,0.308157,120,0.24338,0.117252,1.49322,0.460147,14.0476
132,0.0561761,0.0386,0.0381055,0.00834678,0.149542,120,0.24338,0.117252,3.07704,0.460147,14.0476
133,0.157537,0.0386,0.0884878,0.00834678,0.347263,120,0.24338,0.117252,1.32507,0.460147,14.0476
134,0.455833,0.0386,0.0800607,0.00834678,0.314192,120,0.24338,0.117252,1.46454,0.460147,14.0476
135,0.49745,0.0386,0.0433234,0.00834678,0.170019,120,0.24338,0.117252,2.70644,0.460147,14.0476
136,0.560889,0.0386,0.0253212,0.00834678,0.0993712,120,0.24338,0.117252,4.63059,0.460147,14.0476
137,0.228468,0.0386,0.0713548,0.00834678,0.280026,120,0.24338,0.117252,1.64323,0.460147,14.0476
138,0.509662,0.0386,0.0332548,0.00834678,0.130506,120,0.24338,0.117252,3.52587,0.460147,14.0476
139,0.128666,0.0386,0.0527101,0.00834678,0.206857,120,0.24338,0.117252,2.22447,0.460147,14.0476
140,0.155451,0.0386,0.245388,0.00834678,0.963006,120,0.24338,0.117252,0.477824,0.460147,14.0476
141,0.122862,0.0386,0.111009,0.00834678,0.435645,120,0.24338,0.117252,1.05624,0.460147,14.0476
142,0.252366,0.0386,0.0109809,0.00834678,0.0430935,120,0.24338,0.117252,10.6779,0.460147,14.0476
143,0.209575,0.0386,0.0297985,0.00834678,0.116942,120,0.24338,0.117252,3.93484,0.460147,14.0476
144,0.186497,0.0386,0.194232,0.00834678,0.762246,120,0.24338,0.117252,0.603673,0.460147,14.0476
145,0.160916,0.0386,0.153903,0.00834678,0.603981,120,0.24338,0.117252,0.761858,0.460147,14.0476
146,0.152313,0.0386,0.0144646,0.00834678,0.0567652,120,0.24338,0.117252,8.10615,0.460147,14.0476
147,0.141416,0.0386,0.0156036,0.00834678,0.061235,120,0.24338,0.117252,7.51445,0.460147,14.0476
148,0.359828,0.0386,0.00435849,0.00834678,0.0171045,120,0.24338,0.117252,26.9021,0.460147,14.0476
149,0.122364,0.0386,0.0765545,0.00834678,0.300432,120,0.24338,0.117252,1.53162,0.460147,14.0476
150,0.394679,0.0386,0.0131706,0.00834678,0.0516868,120,0.24338,0.117252,8.9026,0.460147,14.0476
151,0.291004,0.0386,0.0303482,0.00834678,0.119099,120,0.24338,0.117252,3.86357,0.460147,14.0476
152,0.45667,0.0386,0.231715,0.00834678,0.909349,120,0.24338,0.117252,0.506019,0.460147,14.0476
153,0.483873,0.0386,0.0061548,0.00834678,0.024154,120,0.24338,0.117252,19.0506,0.460147,14.0476
154,0.481279,0.0386,0.00899743,0.00834678,0.0353097,120,0.24338,0.117252,13.0318,0.460147,14.0476
155,0.223825,0.0386,0.157291,0.00834678,0.617277,120,0.24338,0.117252,0.745447,0.460147,14.0476
156,0.353526,0.0386,0.129773,0.00834678,0.509284,120,0.24338,0.117252,0.903518,0.460147,14.0476
157,0.370712,0.0386,0.089665,0.00834678,0.351883,120,0.24338,0.117252,1.30767,0.460147,14.0476
158,0.42029,0.0386,0.0357163,0.00834678,0.140166,120,0.24338,0.117252,3.28288,0.460147,14.0476
159,0.317328,0.0386,0.106516,0.00834678,0.418014,120,0.24338,0.117252,1.10079,0.460147,14.0476
160,0.135782,0.0386,0.0375,0.00834678,0.147166,120,0.24338,0.117252,3.12673,0.460147,14.0476
161,0.441823,0.0386,0.0231179,0.00834678,0.0907244,120,0.24338,0.117252,5.07193,0.460147,14.0476
162,0.206728,0.0386,0.0490396,0.00834678,0.192452,120,0.24338,0.117252,2.39097,0.460147,14.0476
163,0.369843,0.0386,0.0119101,0.00834678,0.0467402,120,0.24338,0.117252,9.84479,0.460147,14.0476
164,0.629576,0.0386,0.025702,0.00834678,0.100865,120,0.24338,0.117252,4.56199,0.460147,14.0476
165,0.473366,0.0386,0.0174229,0.00834678,0.0683747,120,0.24338,0.117252,6.72978,0.460147,14.0476
166,0.101052,0.0386,0.168168,0.00834678,0.65996,120,0.24338,0.117252,0.697235,0.460147,14.0476
167,0.0955186,0.0386,0.0376337,0.00834678,0.14769,120,0.24338,0.117252,3.11562,0.460147,14.0476
168,0.121124,0.0386,0.0114129,0.00834678,0.044789,120,0.24338,0.117252,10.2737,0.460147,14.0476
169,0.261302,0.0386,0.0663362,0.00834678,0.260331,120,0.24338,0.117252,1.76755,0.460147,14.0476
170,0.35823,0.0386,0.0420048,0.00834678,0.164845,120,0.24338,0.117252,2.7914,0.460147,14.0476
171,0.0759106,0.0386,0.0571744,0.00834678,0.224376,120,0.24338,0.117252,2.05078,0.460147,14.0476
172,0.155789,0.0386,0.0179318,0.00834678,0.0703719,120,0.24338,0.117252,6.5388,0.460147,14.0476
173,0.614914,0.0386,0.00309437,0.00834678,0.0121436,120,0.24338,0.117252,37.8921,0.460147,14.0476
174,0.302544,0.0386,0.23273,0.00834678,0.91333,120,0.24338,0.117252,0.503813,0.460147,14.0476
175,0.156648,0.0386,0.0436348,0.00834678,0.171241,120,0.24338,0.117252,2.68713,0.460147,14.0476
176,0.527781,0.0386,0.081889,0.00834678,0.321367,120,0.24338,0.117252,1.43184,0.460147,14.0476
177,0.299276,0.0386,0.222781,0.00834678,0.874284,120,0.24338,0.117252,0.526313,0.460147,14.0476
178,0.693687,0.0386,0.00613919,0.00834678,0.0240927,120,0.24338,0.117252,19.099,0.460147,14.0476
179,0.0962488,0.0386,0.131243,0.00834678,0.515054,120,0.24338,0.117252,0.893396,0.460147,14.0476
180,0.160203,0.0386,0.13992,0.00834678,0.549104,120,0.24338,0.117252,0.837996,0.460147,14.0476
181,0.0860524,0.0386,0.0235215,0.00834678,0.0923082,120,0.24338,0.117252,4.9849,0.460147,14.0476
182,0.254529,0.0386,0.0240798,0.00834678,0.0944992,120,0.24338,0.117252,4.86932,0.460147,14.0476
183,0.335083,0.0386,0.00359448,0.00834678,0.0141062,120,0.24338,0.117252,32.6201,0.460147,14.0476
184,0.220558,0.0386,0.0327713,0.00834678,0.128608,120,0.24338,0.117252,3.57789,0.460147,14.0476
185,0.154619,0.0386,0.05757,0.00834678,0.225929,120,0.24338,0.117252,2.03669,0.460147,14.0476
186,0.339249,0.0386,0.0466778,0.00834678,0.183183,120,0.24338,0.117252,2.51195,0.460147,14.0476
187,0.37192,0.0386,0.0244311,0.00834678,0.0958779,120,0.24338,0.117252,4.7993,0.460147,14.0476
188,0.328303,0.0386,0.0405553,0.00834678,0.159156,120,0.24338,0.117252,2.89117,0.460147,14.0476
189,0.173226,0.0386,0.36151,0.00834678,1.41872,120,0.24338,0.117252,0.324341,0.460147,14.0476
190,0.977364,0.0386,0.0354954,0.00834678,0.139299,120,0.24338,0.117252,3.30331,0.460147,14.0476
191,0.178063,0.0386,0.10111,0.00834678,0.396796,120,0.24338,0.117252,1.15966,0.460147,14.0476
192,0.172235,0.0386,0.0679642,0.00834678,0.26672,120,0.24338,0.117252,1.72521,0.460147,14.0476
193,0.243155,0.0386,0.0363274,0.00834678,0.142564,120,0.24338,0.117252,3.22765,0.460147,14.0476
194,0.142574,0.0386,0.0101204,0.00834678,0.0397166,120,0.24338,0.117252,11.5858,0.460147,14.0476
195,0.350575,0.0386,0.515516,0.00834678,2.0231,120,0.24338,0.117252,0.227447,0.460147,14.0476
196,0.0823521,0.0386,0.037681,0.00834678,0.147876,120,0.24338,0.117252,3.11171,0.460147,14.0476
197,0.225741,0.0386,0.00694562,0.00834678,0.0272575,120,0.24338,0.117252,16.8815,0.460147,14.0476
198,0.103101,0.0386,0.0145584,0.00834678,0.0571333,120,0.24338,0.117252,8.05392,0.460147,14.0476
199,0.121058,0.0386,0.0298958,0.00834678,0.117324,120,0.24338,0.117252,3.92203,0.460147,14.0476
200,0.0655062,0.0386,0.02885,0.00834678,0.113219,120,0.24338,0.117252,4.06421,0.460147,14.0476
201,0.0336951,0.0386,0.393089,0.00834678,1.54264,120,0.24338,0.117252,0.298285,0.460147,14.0476
202,0.261966,0.0386,0.0712572,0.00834678,0.279643,120,0.24338,0.117252,1.64548,0.460147,14.0476
203,0.518771,0.0386,0.0464583,0.00834678,0.182322,120,0.24338,0.117252,2.52382,0.460147,14.0476
204,0.412407,0.0386,0.066631,0.00834678,0.261488,120,0.24338,0.117252,1.75973,0.460147,14.0476
205,0.566276,0.0386,0.0312684,0.00834678,0.12271,120,0.24338,0.117252,3.74987,0.460147,14.0476
206,0.136522,0.0386,0.029325,0.00834678,0.115084,120,0.24338,0.117252,3.99837,0.460147,14.0476
207,0.139704,0.0386,0.0689467,0.00834678,0.270576,120,0.24338,0.117252,1.70062,0.460147,14.0476
208,0.0771992,0.0386,0.0716681,0.00834678,0.281256,120,0.24338,0.117252,1.63605,0.460147,14.0476
209,0.203103,0.0386,0.06827,0.00834678,0.26792,120,0.24338,0.117252,1.71748,0.460147,14.0476
210,0.309827,0.0386,0.00962202,0.00834678,0.0377608,120,0.24338,0.117252,12.1858,0.460147,14.0476
211,0.482439,0.0386,0.0774621,0.00834678,0.303994,120,0.24338,0.117252,1.51367,0.460147,14.0476
212,0.516115,0.0386,0.0202231,0.00834678,0.0793639,120,0.24338,0.117252,5.79794,0.460147,14.0476
213,0.146336,0.0386,0.129205,0.00834678,0.507055,120,0.24338,0.117252,0.90749,0.460147,14.0476
214,0.181043,0.0386,0.154933,0.00834678,0.60802,120,0.24338,0.117252,0.756796,0.460147,14.0476
215,0.259145,0.0386,0.0397942,0.00834678,0.156169,120,0.24338,0.117252,2.94647,0.460147,14.0476
216,0.260249,0.0386,0.0949692,0.00834678,0.372699,120,0.24338,0.117252,1.23464,0.460147,14.0476
217,0.390365,0.0386,0.0548368,0.00834678,0.215202,120,0.24338,0.117252,2.13821,0.460147,14.0476
218,0.324799,0.0386,0.0152267,0.00834678,0.0597559,120,0.24338,0.117252,7.70045,0.460147,14.0476
219,0.755331,0.0386,0.0744285,0.00834678,0.292089,120,0.24338,0.117252,1.57537,0.460147,14.0476
220,0.188857,0.0386,0.0223668,0.00834678,0.0877766,120,0.24338,0.117252,5.24225,0.460147,14.0476
221,0.23705,0.0386,0.216243,0.00834678,0.848627,120,0.24338,0.117252,0.542226,0.460147,14.0476
222,0.401918,0.0386,0.00855773,0.00834678,0.0335841,120,0.24338,0.117252,13.7013,0.460147,14.0476
223,0.606771,0.0386,0.102608,0.00834678,0.402678,120,0.24338,0.117252,1.14272,0.460147,14.0476
224,0.082065,0.0386,0.0298739,0.00834678,0.117238,120,0.24338,0.117252,3.92491,0.460147,14.0476
225,0.230013,0.0386,0.0875918,0.00834678,0.343747,120,0.24338,0.117252,1.33862,0.460147,14.0476
226,0.110826,0.0386,0.0178568,0.00834678,0.0700776,120,0.24338,0.117252,6.56626,0.460147,14.0476
227,0.205837,0.0386,0.177922,0.00834678,0.698241,120,0.24338,0.117252,0.659009,0.460147,14.0476
228,0.213057,0.0386,0.622204,0.00834678,2.44179,120,0.24338,0.117252,0.188447,0.460147,14.0476
229,0.0977832,0.0386,0.023107,0.00834678,0.0906814,120,0.24338,0.117252,5.07433,0.460147,14.0476
230,0.324767,0.0386,0.574451,0.00834678,2.25439,120,0.24338,0.117252,0.204112,0.460147,14.0476
231,0.509472,0.0386,0.0160793,0.00834678,0.063102,120,0.24338,0.117252,7.29212,0.460147,14.0476
232,0.0400521,0.0386,0.0733071,0.00834678,0.287688,120,0.24338,0.117252,1.59947,0.460147,14.0476
233,0.315422,0.0386,0.0154842,0.00834678,0.0607663,120,0.24338,0.117252,7.5724,0.460147,14.0476
234,0.237873,0.0386,0.0110522,0.00834678,0.0433736,120,0.24338,0.117252,10.6089,0.460147,14.0476
235,0.242406,0.0386,0.135744,0.00834678,0.532718,120,0.24338,0.117252,0.863773,0.460147,14.0476
236,0.221742,0.0386,0.0326737,0.00834678,0.128225,120,0.24338,0.117252,3.58858,0.460147,14.0476
237,0.176867,0.0386,0.0850455,0.00834678,0.333754,120,0.24338,0.117252,1.3787,0.460147,14.0476
238,0.221331,0.0386,0.0230566,0.00834678,0.0904836,120,0.24338,0.117252,5.08542,0.460147,14.0476
239,0.0620487,0.0386,0.128858,0.00834678,0.505695,120,0.24338,0.117252,0.909931,0.460147,14.0476
240,0.140725,0.0386,0.081244,0.00834678,0.318835,120,0.24338,0.117252,1.44321,0.460147,14.0476
241,0.26238,0.0386,0.0309296,0.00834678,0.121381,120,0.24338,0.117252,3.79094,0.460147,14.0476
242,0.223906,0.0386,0.135228,0.00834678,0.530691,120,0.24338,0.117252,0.867072,0.460147,14.0476
243,0.194181,0.0386,0.0178737,0.00834678,0.0701439,120,0.24338,0.117252,6.56005,0.460147,14.0476
244,0.0726338,0.0386,0.0991363,0.00834678,0.389052,120,0.24338,0.117252,1.18274,0.460147,14.0476
245,0.136128,0.0386,0.036125,0.00834678,0.14177,120,0.24338,0.117252,3.24574,0.460147,14.0476
246,0.24325,0.0386,0.0311055,0.00834678,0.122071,120,0.24338,0.117252,3.76951,0.460147,14.0476
247,0.27726,0.0386,0.05742,0.00834678,0.22534,120,0.24338,0.117252,2.04201,0.460147,14.0476
248,0.427891,0.0386,0.019714,0.00834678,0.077366,120,0.24338,0.117252,5.94767,0.460147,14.0476
249,0.190277,0.0386,0.173563,0.00834678,0.681134,120,0.24338,0.117252,0.675561,0.460147,14.0476
250,0.463716,0.0386,0.0499932,0.00834678,0.196194,120,0.24338,0.117252,2.34537,0.460147,14.0476
251,0.202463,0.0386,0.186949,0.00834678,0.733665,120,0.24338,0.117252,0.62719,0.460147,14.0476
252,0.191979,0.0386,0.00886507,0.00834678,0.0347903,120,0.24338,0.117252,13.2263,0.460147,14.0476
253,0.47295,0.0386,0.116815,0.00834678,0.458432,120,0.24338,0.117252,1.00374,0.460147,14.0476
254,0.06088,0.0386,0.00468428,0.00834678,0.0183831,120,0.24338,0.117252,25.031,0.460147,14.0476
255,0.332423,0.0386,0.0162582,0.00834678,0.0638041,120,0.24338,0.117252,7.21188,0.460147,14.0476
256,0.0821929,0.0386,0.0551633,0.00834678,0.216484,120,0.24338,0.117252,2.12555,0.460147,14.0476
257,0.167501,0.0386,0.0142954,0.00834678,0.056101,120,0.24338,0.117252,8.20212,0.460147,14.0476
258,0.374433,0.0386,0.0243535,0.00834678,0.0955732,120,0.24338,0.117252,4.8146,0.460147,14.0476
259,0.486392,0.0386,0.0621282,0.00834678,0.243817,120,0.24338,0.117252,1.88726,0.460147,14.0476
260,0.308116,0.0386,0.0160674,0.00834678,0.0630551,120,0.24338,0.117252,7.29755,0.460147,14.0476
261,0.062267,0.0386,0.0684815,0.00834678,0.26875,120,0.24338,0.117252,1.71217,0.460147,14.0476
262,0.517031,0.0386,0.0368074,0.00834678,0.144448,120,0.24338,0.117252,3.18556,0.460147,14.0476
263,0.244491,0.0386,0.0700175,0.00834678,0.274778,120,0.24338,0.117252,1.67461,0.460147,14.0476
264,0.147806,0.0386,0.0097036,0.00834678,0.038081,120,0.24338,0.117252,12.0834,0.460147,14.0476
265,0.151078,0.0386,0.0264933,0.00834678,0.103971,120,0.24338,0.117252,4.42574,0.460147,14.0476
266,0.46862,0.0386,0.0447664,0.00834678,0.175682,120,0.24338,0.117252,2.61921,0.460147,14.0476
267,0.105527,0.0386,0.0116322,0.00834678,0.0456497,120,0.24338,0.117252,10.08,0.460147,14.0476
268,0.402661,0.0386,0.0164961,0.00834678,0.0647376,120,0.24338,0.117252,7.10788,0.460147,14.0476
269,0.293139,0.0386,0.047051,0.00834678,0.184648,120,0.24338,0.117252,2.49203,0.460147,14.0476
270,0.166716,0.0386,0.00313578,0.00834678,0.0123061,120,0.24338,0.117252,37.3918,0.460147,14.0476
271,0.139446,0.0386,0.0146152,0.00834678,0.057356,120,0.24338,0.117252,8.02265,0.460147,14.0476
272,0.0597729,0.0386,0.00758169,0.00834678,0.0297537,120,0.24338,0.117252,15.4652,0.460147,14.0476
273,0.578795,0.0386,0.0125317,0.00834678,0.0491798,120,0.24338,0.117252,9.35643,0.460147,14.0476
274,0.42881,0.0386,0.0359221,0.00834678,0.140973,120,0.24338,0.117252,3.26407,0.460147,14.0476
275,0.281211,0.0386,0.0399914,0.00834678,0.156943,120,0.24338,0.117252,2.93194,0.460147,14.0476
276,0.100024,0.0386,0.121092,0.00834678,0.475215,120,0.24338,0.117252,0.968293,0.460147,14.0476
277,0.0909202,0.0386,0.0128122,0.00834678,0.0502803,120,0.24338,0.117252,9.15165,0.460147,14.0476
278,0.264358,0.0386,0.161499,0.00834678,0.633789,120,0.24338,0.117252,0.726026,0.460147,14.0476
279,0.110405,0.0386,0.00628626,0.00834678,0.0246699,120,0.24338,0.117252,18.6522,0.460147,14.0476
280,0.149392,0.0386,0.00477146,0.00834678,0.0187252,120,0.24338,0.117252,24.5737,0.460147,14.0476
281,0.24739,0.0386,0.0178505,0.00834678,0.0700528,120,0.24338,0.117252,6.56858,0.460147,14.0476
282,0.297902,0.0386,0.25216,0.00834678,0.989582,120,0.24338,0.117252,0.464991,0.460147,14.0476
283,0.162081,0.0386,0.0205021,0.00834678,0.0804588,120,0.24338,0.117252,5.71904,0.460147,14.0476
284,0.307008,0.0386,0.0240443,0.00834678,0.0943598,120,0.24338,0.117252,4.87652,0.460147,14.0476
285,0.38683,0.0386,0.017381,0.00834678,0.0682103,120,0.24338,0.117252,6.746,0.460147,14.0476
286,0.106357,0.0386,0.137417,0.00834678,0.539281,120,0.24338,0.117252,0.85326,0.460147,14.0476
287,0.0745127,0.0386,0.100414,0.00834678,0.394065,120,0.24338,0.117252,1.16769,0.460147,14.0476
288,0.520561,0.0386,0.0200156,0.00834678,0.0785495,120,0.24338,0.117252,5.85806,0.460147,14.0476
289,0.149584,0.0386,0.00612147,0.00834678,0.0240232,120,0.24338,0.117252,19.1543,0.460147,14.0476
290,0.305596,0.0386,0.192265,0.00834678,0.754529,120,0.24338,0.117252,0.609847,0.460147,14.0476
291,0.715524,0.0386,0.0213139,0.00834678,0.0836448,120,0.24338,0.117252,5.5012,0.460147,14.0476
292,0.0647096,0.0386,0.0493165,0.00834678,0.193539,120,0.24338,0.117252,2.37755,0.460147,14.0476
293,0.26117,0.0386,0.0100127,0.00834678,0.0392939,120,0.24338,0.117252,11.7104,0.460147,14.0476
294,0.169538,0.0386,0.123897,0.00834678,0.486223,120,0.24338,0.117252,0.94637,0.460147,14.0476
295,0.160607,0.0386,0.137281,0.00834678,0.538747,120,0.24338,0.117252,0.854107,0.460147,14.0476
296,0.187784,0.0386,0.0195599,0.00834678,0.0767612,120,0.24338,0.117252,5.99453,0.460147,14.0476
297,0.200222,0.0386,0.0368207,0.00834678,0.1445,120,0.24338,0.117252,3.18441,0.460147,14.0476
298,0.105433,0.0386,0.0228437,0.00834678,0.0896482,120,0.24338,0.117252,5.13281,0.460147,14.0476
299,0.033058,0.0386,0.0600382,0.00834678,0.235615,120,0.24338,0.117252,1.95296,0.460147,14.0476
300,0.26236,0.0386,0.105538,0.00834678,0.414174,120,0.24338,0.117252,1.111,0.460147,14.0476
301,0.197472,0.0386,0.0285134,0.00834678,0.111899,120,0.24338,0.117252,4.11218,0.460147,14.0476
302,0.0843243,0.0386,0.0788961,0.00834678,0.309621,120,0.24338,0.117252,1.48616,0.460147,14.0476
303,0.110667,0.0386,0.0598355,0.00834678,0.23482,120,0.24338,0.117252,1.95958,0.460147,14.0476
304,0.337364,0.0386,0.00815496,0.00834678,0.0320035,120,0.24338,0.117252,14.378,0.460147,14.0476
305,0.146615,0.0386,0.02153,0.00834678,0.0844929,120,0.24338,0.117252,5.44599,0.460147,14.0476
306,0.260417,0.0386,0.0895739,0.00834678,0.351525,120,0.24338,0.117252,1.309,0.460147,14.0476
307,0.304613,0.0386,0.0190644,0.00834678,0.0748168,120,0.24338,0.117252,6.15032,0.460147,14.0476
308,0.590795,0.0386,0.0572551,0.00834678,0.224693,120,0.24338,0.117252,2.04789,0.460147,14.0476
309,0.189608,0.0386,0.202475,0.00834678,0.794596,120,0.24338,0.117252,0.579096,0.460147,14.0476
310,0.366336,0.0386,0.0322439,0.00834678,0.126539,120,0.24338,0.117252,3.63642,0.460147,14.0476
311,0.392846,0.0386,0.0618592,0.00834678,0.242761,120,0.24338,0.117252,1.89547,0.460147,14.0476
312,0.410845,0.0386,0.124901,0.00834678,0.490166,120,0.24338,0.117252,0.938759,0.460147,14.0476
313,0.0547703,0.0386,0.0962105,0.00834678,0.37757,120,0.24338,0.117252,1.21871,0.460147,14.0476
314,0.333013,0.0386,0.064445,0.00834678,0.252909,120,0.24338,0.117252,1.81942,0.460147,14.0476
315,0.279138,0.0386,0.0110897,0.00834678,0.0435207,120,0.24338,0.117252,10.5731,0.460147,14.0476
316,0.58286,0.0386,0.164697,0.00834678,0.646341,120,0.24338,0.117252,0.711926,0.460147,14.0476
317,0.424693,0.0386,0.0946859,0.00834678,0.371587,120,0.24338,0.117252,1.23833,0.460147,14.0476
318,0.243972,0.0386,0.0167456,0.00834678,0.0657169,120,0.24338,0.117252,7.00196,0.460147,14.0476
319,0.166796,0.0386,0.0674247,0.00834678,0.264603,120,0.24338,0.117252,1.73901,0.460147,14.0476
320,0.196736,0.0386,0.0281603,0.00834678,0.110513,120,0.24338,0.117252,4.16375,0.460147,14.0476
321,0.301049,0.0386,0.130903,0.00834678,0.513719,120,0.24338,0.117252,0.895718,0.460147,14.0476
322,0.265649,0.0386,0.0650294,0.00834678,0.255203,120,0.24338,0.117252,1.80307,0.460147,14.0476
323,0.158406,0.0386,0.293424,0.00834678,1.15152,120,0.24338,0.117252,0.3996,0.460147,14.0476
324,0.682098,0.0386,0.0363238,0.00834678,0.14255,120,0.24338,0.117252,3.22797,0.460147,14.0476
325,0.17618,0.0386,0.013288,0.00834678,0.0521475,120,0.24338,0.117252,8.82396,0.460147,14.0476
326,0.447333,0.0386,0.0908888,0.00834678,0.356686,120,0.24338,0.117252,1.29006,0.460147,14.0476
327,0.196737,0.0386,0.0422564,0.00834678,0.165832,120,0.24338,0.117252,2.77478,0.460147,14.0476
328,0.240616,0.0386,0.0196136,0.00834678,0.076972,120,0.24338,0.117252,5.97811,0.460147,14.0476
329,0.172984,0.0386,0.00519143,0.00834678,0.0203733,120,0.24338,0.117252,22.5858,0.460147,14.0476
330,0.10483,0.0386,0.00627721,0.00834678,0.0246344,120,0.24338,0.117252,18.6791,0.460147,14.0476
331,0.233444,0.0386,0.00455787,0.00834678,0.017887,120,0.24338,0.117252,25.7252,0.460147,14.0476
332,0.347353,0.0386,0.0252638,0.00834678,0.0991458,120,0.24338,0.117252,4.64112,0.460147,14.0476
333,0.0668029,0.0386,0.0326448,0.00834678,0.128112,120,0.24338,0.117252,3.59176,0.460147,14.0476
334,0.614421,0.0386,0.131107,0.00834678,0.51452,120,0.24338,0.117252,0.894323,0.460147,14.0476
335,0.223175,0.0386,0.190532,0.00834678,0.747729,120,0.24338,0.117252,0.615393,0.460147,14.0476
336,0.4403,0.0386,0.0257315,0.00834678,0.100981,120,0.24338,0.117252,4.55676,0.460147,14.0476
337,0.303325,0.0386,0.0308271,0.00834678,0.120978,120,0.24338,0.117252,3.80355,0.460147,14.0476
338,0.147964,0.0386,0.022542,0.00834678,0.0884643,120,0.24338,0.117252,5.2015,0.460147,14.0476
339,0.119162,0.0386,0.0468108,0.00834678,0.183705,120,0.24338,0.117252,2.50481,0.460147,14.0476
340,0.0781191,0.0386,0.0755737,0.00834678,0.296583,120,0.24338,0.117252,1.5515,0.460147,14.0476
341,0.191489,0.0386,0.0514197,0.00834678,0.201793,120,0.24338,0.117252,2.2803,0.460147,14.0476
342,0.146725,0.0386,0.0891324,0.00834678,0.349793,120,0.24338,0.117252,1.31549,0.460147,14.0476
343,0.124947,0.0386,0.172353,0.00834678,0.676387,120,0.24338,0.117252,0.680302,0.460147,14.0476
344,0.0979221,0.0386,0.049419,0.00834678,0.193941,120,0.24338,0.117252,2.37262,0.460147,14.0476
345,0.321899,0.0386,0.0899666,0.00834678,0.353067,120,0.24338,0.117252,1.30329,0.460147,14.0476
346,0.266121,0.0386,0.0184412,0.00834678,0.0723711,120,0.24338,0.117252,6.35816,0.460147,14.0476
347,0.277761,0.0386,0.0440028,0.00834678,0.172685,120,0.24338,0.117252,2.66466,0.460147,14.0476
348,0.115079,0.0386,0.0648451,0.00834678,0.254479,120,0.24338,0.117252,1.80819,0.460147,14.0476
349,0.286052,0.0386,0.0241295,0.00834678,0.0946944,120,0.24338,0.117252,4.85929,0.460147,14.0476
350,0.270269,0.0386,0.174253,0.00834678,0.683841,120,0.24338,0.117252,0.672886,0.460147,14.0476
351,0.159339,0.0386,0.0550144,0.00834678,0.2159,120,0.24338,0.117252,2.1313,0.460147,14.0476
352,0.0909836,0.0386,0.0233803,0.00834678,0.0917541,120,0.24338,0.117252,5.015,0.460147,14.0476
353,0.508793,0.0386,0.042532,0.00834678,0.166913,120,0.24338,0.117252,2.7568,0.460147,14.0476
354,0.304135,0.0386,0.143488,0.00834678,0.563108,120,0.24338,0.117252,0.817157,0.460147,14.0476
355,0.259868,0.0386,0.0214758,0.00834678,0.0842801,120,0.24338,0.117252,5.45973,0.460147,14.0476
356,0.0589505,0.0386,0.0431496,0.00834678,0.169337,120,0.24338,0.117252,2.71734,0.460147,14.0476
357,0.153348,0.0386,0.0240651,0.00834678,0.0944416,120,0.24338,0.117252,4.87229,0.460147,14.0476
358,0.157128,0.0386,0.00418379,0.00834678,0.0164189,120,0.24338,0.117252,28.0254,0.460147,14.0476
359,0.462984,0.0386,0.126515,0.00834678,0.4965,120,0.24338,0.117252,0.926783,0.460147,14.0476
360,0.509567,0.0386,0.0502586,0.00834678,0.197236,120,0.24338,0.117252,2.33298,0.460147,14.0476
361,0.771762,0.0386,0.0108718,0.00834678,0.0426654,120,0.24338,0.117252,10.785,0.460147,14.0476
362,0.331701,0.0386,0.00860851,0.00834678,0.0337834,120,0.24338,0.117252,13.6205,0.460147,14.0476
363,0.266372,0.0386,0.16612,0.00834678,0.651925,120,0.24338,0.117252,0.705828,0.460147,14.0476
364,0.573957,0.0386,0.0287706,0.00834678,0.112908,120,0.24338,0.117252,4.07542,0.460147,14.0476
365,0.174075,0.0386,0.17278,0.00834678,0.678063,120,0.24338,0.117252,0.67862,0.460147,14.0476
366,0.219362,0.0386,0.0704552,0.00834678,0.276496,120,0.24338,0.117252,1.66421,0.460147,14.0476
367,0.229324,0.0386,0.268892,0.00834678,1.05524,120,0.24338,0.117252,0.436058,0.460147,14.0476
368,0.210078,0.0386,0.0699312,0.00834678,0.274439,120,0.24338,0.117252,1.67668,0.460147,14.0476
369,0.68706,0.0386,0.0556939,0.00834678,0.218566,120,0.24338,0.117252,2.1053,0.460147,14.0476
370,0.281204,0.0386,0.03617,0.00834678,0.141946,120,0.24338,0.117252,3.2417,0.460147,14.0476
371,0.279501,0.0386,0.114287,0.00834678,0.44851,120,0.24338,0.117252,1.02595,0.460147,14.0476
372,0.255665,0.0386,0.00489138,0.00834678,0.0191958,120,0.24338,0.117252,23.9712,0.460147,14.0476
373,0.0657338,0.0386,0.0675474,0.00834678,0.265084,120,0.24338,0.117252,1.73585,0.460147,14.0476
374,0.274196,0.0386,0.0159616,0.00834678,0.0626399,120,0.24338,0.117252,7.34591,0.460147,14.0476
375,0.209436,0.0386,0.0132248,0.00834678,0.0518997,120,0.24338,0.117252,8.86608,0.460147,14.0476
376,0.174468,0.0386,0.0385469,0.00834678,0.151274,120,0.24338,0.117252,3.04181,0.460147,14.0476
377,0.168056,0.0386,0.0305606,0.00834678,0.119933,120,0.24338,0.117252,3.83672,0.460147,14.0476
378,0.331803,0.0386,0.131456,0.00834678,0.51589,120,0.24338,0.117252,0.891949,0.460147,14.0476
379,0.214758,0.0386,0.0292375,0.00834678,0.11474,120,0.24338,0.117252,4.01034,0.460147,14.0476
380,0.0909733,0.0386,0.0227731,0.00834678,0.0893711,120,0.24338,0.117252,5.14873,0.460147,14.0476
381,0.222045,0.0386,0.0180067,0.00834678,0.0706659,120,0.24338,0.117252,6.51158,0.460147,14.0476
382,0.486592,0.0386,0.0142843,0.00834678,0.0560575,120,0.24338,0.117252,8.20849,0.460147,14.0476
383,0.232919,0.0386,0.0344113,0.00834678,0.135044,120,0.24338,0.117252,3.40738,0.460147,14.0476
384,0.062213,0.0386,0.0626625,0.00834678,0.245914,120,0.24338,0.117252,1.87117,0.460147,14.0476
385,0.365962,0.0386,0.0322226,0.00834678,0.126455,120,0.24338,0.117252,3.63882,0.460147,14.0476
386,0.249812,0.0386,0.0176677,0.00834678,0.0693355,120,0.24338,0.117252,6.63653,0.460147,14.0476
387,0.229579,0.0386,0.0094518,0.00834678,0.0370928,120,0.24338,0.117252,12.4053,0.460147,14.0476
388,0.261372,0.0386,0.0214392,0.00834678,0.0841362,120,0.24338,0.117252,5.46907,0.460147,14.0476
389,0.372002,0.0386,0.0745741,0.00834678,0.29266,120,0.24338,0.117252,1.57229,0.460147,14.0476
390,0.121252,0.0386,0.00708813,0.00834678,0.0278168,120,0.24338,0.117252,16.5421,0.460147,14.0476
391,0.731559,0.0386,0.0209812,0.00834678,0.082339,120,0.24338,0.117252,5.58845,0.460147,14.0476
392,0.107292,0.0386,0.0510809,0.00834678,0.200463,120,0.24338,0.117252,2.29542,0.460147,14.0476
393,0.231575,0.0386,0.0847381,0.00834678,0.332548,120,0.24338,0.117252,1.3837,0.460147,14.0476
394,0.183399,0.0386,0.107612,0.00834678,0.422316,120,0.24338,0.117252,1.08958,0.460147,14.0476
395,0.211718,0.0386,0.0106331,0.00834678,0.0417289,120,0.24338,0.117252,11.0271,0.460147,14.0476
396,0.249034,0.0386,0.0722618,0.00834678,0.283586,120,0.24338,0.117252,1.6226,0.460147,14.0476
397,0.0216567,0.0386,0.0980743,0.00834678,0.384885,120,0.24338,0.117252,1.19555,0.460147,14.0476
398,0.306499,0.0386,0.161437,0.00834678,0.633545,120,0.24338,0.117252,0.726306,0.460147,14.0476
399,0.397035,0.0386,0.020399,0.00834678,0.0800543,120,0.24338,0.117252,5.74794,0.460147,14.0476
400,0.232557,0.0386,0.0914508,0.00834678,0.358891,120,0.24338,0.117252,1.28214,0.460147,14.0476
401,0.525643,0.0386,0.554225,0.00834678,2.17501,120,0.24338,0.117252,0.211561,0.460147,14.0476
402,0.426558,0.0386,0.0122872,0.00834678,0.0482201,120,0.24338,0.117252,9.54264,0.460147,14.0476
403,0.574067,0.0386,0.121977,0.00834678,0.478689,120,0.24338,0.117252,0.961265,0.460147,14.0476
404,0.308769,0.0386,0.0541689,0.00834678,0.212581,120,0.24338,0.117252,2.16457,0.460147,14.0476
405,0.0762288,0.0386,0.0188151,0.00834678,0.0738384,120,0.24338,0.117252,6.23181,0.460147,14.0476
406,0.181296,0.0386,0.021953,0.00834678,0.0861527,120,0.24338,0.117252,5.34107,0.460147,14.0476
407,0.205738,0.0386,0.0438364,0.00834678,0.172033,120,0.24338,0.117252,2.67477,0.460147,14.0476
408,0.155646,0.0386,0.0454768,0.00834678,0.17847,120,0.24338,0.117252,2.57829,0.460147,14.0476
409,0.151863,0.0386,0.0086504,0.00834678,0.0339478,120,0.24338,0.117252,13.5545,0.460147,14.0476
410,0.147477,0.0386,0.185361,0.00834678,0.727436,120,0.24338,0.117252,0.632561,0.460147,14.0476
411,0.215747,0.0386,0.229913,0.00834678,0.902275,120,0.24338,0.117252,0.509985,0.460147,14.0476
412,0.360003,0.0386,0.0215185,0.00834678,0.0844475,120,0.24338,0.117252,5.44891,0.460147,14.0476
413,0.19009,0.0386,0.0406096,0.00834678,0.159369,120,0.24338,0.117252,2.88731,0.460147,14.0476
414,0.226367,0.0386,0.0969955,0.00834678,0.380651,120,0.24338,0.117252,1.20884,0.460147,14.0476
415,0.069031,0.0386,0.0204532,0.00834678,0.0802671,120,0.24338,0.117252,5.7327,0.460147,14.0476
416,0.626524,0.0386,0.148834,0.00834678,0.584088,120,0.24338,0.117252,0.787805,0.460147,14.0476
417,0.288724,0.0386,0.0233957,0.00834678,0.0918144,120,0.24338,0.117252,5.01171,0.460147,14.0476
418,0.102187,0.0386,0.0344782,0.00834678,0.135307,120,0.24338,0.117252,3.40076,0.460147,14.0476
419,0.313993,0.0386,0.0138163,0.00834678,0.054221,120,0.24338,0.117252,8.48651,0.460147,14.0476
420,0.294069,0.0386,0.0640853,0.00834678,0.251498,120,0.24338,0.117252,1.82963,0.460147,14.0476
421,0.202637,0.0386,0.0263831,0.00834678,0.103538,120,0.24338,0.117252,4.44422,0.460147,14.0476
422,0.396951,0.0386,0.13463,0.00834678,0.528345,120,0.24338,0.117252,0.870923,0.460147,14.0476
423,0.297819,0.0386,0.499452,0.00834678,1.96006,120,0.24338,0.117252,0.234762,0.460147,14.0476
424,0.120221,0.0386,0.0443654,0.00834678,0.174108,120,0.24338,0.117252,2.64288,0.460147,14.0476
425,0.3761,0.0386,0.0746912,0.00834678,0.29312,120,0.24338,0.117252,1.56983,0.460147,14.0476
426,0.393837,0.0386,0.0615235,0.00834678,0.241444,120,0.24338,0.117252,1.90581,0.460147,14.0476
427,0.156318,0.0386,0.0305439,0.00834678,0.119867,120,0.24338,0.117252,3.83881,0.460147,14.0476
428,0.372577,0.0386,0.098426,0.00834678,0.386265,120,0.24338,0.117252,1.19127,0.460147,14.0476
429,0.238611,0.0386,0.0206816,0.00834678,0.0811632,120,0.24338,0.117252,5.66941,0.460147,14.0476
430,0.0767899,0.0386,0.0316146,0.00834678,0.124069,120,0.24338,0.117252,3.7088,0.460147,14.0476
431,0.164162,0.0386,0.0263709,0.00834678,0.10349,120,0.24338,0.117252,4.44628,0.460147,14.0476
432,0.174974,0.0386,0.0564905,0.00834678,0.221692,120,0.24338,0.117252,2.07561,0.460147,14.0476
433,0.179332,0.0386,0.116486,0.00834678,0.457141,120,0.24338,0.117252,1.00658,0.460147,14.0476
434,0.382677,0.0386,0.178518,0.00834678,0.70058,120,0.24338,0.117252,0.656809,0.460147,14.0476
435,0.380657,0.0386,0.16231,0.00834678,0.636971,120,0.24338,0.117252,0.722399,0.460147,14.0476
436,0.416835,0.0386,0.0155142,0.00834678,0.0608844,120,0.24338,0.117252,7.55772,0.460147,14.0476
437,0.027343,0.0386,0.163599,0.00834678,0.642032,120,0.24338,0.117252,0.716705,0.460147,14.0476
438,0.274913,0.0386,0.0892992,0.00834678,0.350447,120,0.24338,0.117252,1.31303,0.460147,14.0476
439,0.22978,0.0386,0.0593306,0.00834678,0.232838,120,0.24338,0.117252,1.97626,0.460147,14.0476
440,0.352609,0.0386,0.06682,0.00834678,0.26223,120,0.24338,0.117252,1.75475,0.460147,14.0476
441,0.335145,0.0386,0.0241877,0.00834678,0.0949226,120,0.24338,0.117252,4.84761,0.460147,14.0476
442,0.717359,0.0386,0.0801958,0.00834678,0.314722,120,0.24338,0.117252,1.46207,0.460147,14.0476
443,0.0722132,0.0386,0.0573843,0.00834678,0.2252,120,0.24338,0.117252,2.04328,0.460147,14.0476
444,0.365642,0.0386,0.0900655,0.00834678,0.353455,120,0.24338,0.117252,1.30186,0.460147,14.0476
445,0.331562,0.0386,0.110499,0.00834678,0.433646,120,0.24338,0.117252,1.06111,0.460147,14.0476
446,0.343661,0.0386,0.0515043,0.00834678,0.202125,120,0.24338,0.117252,2.27655,0.460147,14.0476
447,0.506076,0.0386,0.221763,0.00834678,0.870292,120,0.24338,0.117252,0.528727,0.460147,14.0476
448,0.354782,0.0386,0.0595553,0.00834678,0.23372,120,0.24338,0.117252,1.9688,0.460147,14.0476
449,0.0591737,0.0386,0.03395,0.00834678,0.133234,120,0.24338,0.117252,3.45367,0.460147,14.0476
450,0.119199,0.0386,0.0228051,0.00834678,0.0894967,120,0.24338,0.117252,5.1415,0.460147,14.0476
451,0.0732231,0.0386,0.0117616,0.00834678,0.0461573,120,0.24338,0.117252,9.9691,0.460147,14.0476
452,0.294639,0.0386,0.0128727,0.00834678,0.0505177,120,0.24338,0.117252,9.10863,0.460147,14.0476
453,0.479822,0.0386,0.0668159,0.00834678,0.262213,120,0.24338,0.117252,1.75486,0.460147,14.0476
454,0.259954,0.0386,0.0365972,0.00834678,0.143623,120,0.24338,0.117252,3.20386,0.460147,14.0476
455,0.125348,0.0386,0.0866868,0.00834678,0.340195,120,0.24338,0.117252,1.3526,0.460147,14.0476
456,0.149645,0.0386,0.0172327,0.00834678,0.0676284,120,0.24338,0.117252,6.80405,0.460147,14.0476
457,0.268767,0.0386,0.0713398,0.00834678,0.279967,120,0.24338,0.117252,1.64358,0.460147,14.0476
458,0.290406,0.0386,0.0374744,0.00834678,0.147065,120,0.24338,0.117252,3.12887,0.460147,14.0476
459,0.549112,0.0386,0.0332779,0.00834678,0.130596,120,0.24338,0.117252,3.52343,0.460147,14.0476
460,0.353221,0.0386,0.0319145,0.00834678,0.125246,120,0.24338,0.117252,3.67395,0.460147,14.0476
461,0.175447,0.0386,0.0126383,0.00834678,0.049598,120,0.24338,0.117252,9.27754,0.460147,14.0476
462,0.34044,0.0386,0.139601,0.00834678,0.547853,120,0.24338,0.117252,0.83991,0.460147,14.0476
463,0.542573,0.0386,0.019593,0.00834678,0.0768912,120,0.24338,0.117252,5.98439,0.460147,14.0476
464,0.227189,0.0386,0.0845105,0.00834678,0.331655,120,0.24338,0.117252,1.38743,0.460147,14.0476
465,0.507268,0.0386,0.0036446,0.00834678,0.014303,120,0.24338,0.117252,32.1715,0.460147,14.0476
466,0.189224,0.0386,0.0178037,0.00834678,0.0698691,120,0.24338,0.117252,6.58585,0.460147,14.0476
467,0.200888,0.0386,0.103629,0.00834678,0.406683,120,0.24338,0.117252,1.13146,0.460147,14.0476
468,0.124553,0.0386,0.143226,0.00834678,0.562077,120,0.24338,0.117252,0.818655,0.460147,14.0476
469,0.101687,0.0386,0.0593542,0.00834678,0.232931,120,0.24338,0.117252,1.97547,0.460147,14.0476
470,0.0930318,0.0386,0.0876497,0.00834678,0.343974,120,0.24338,0.117252,1.33774,0.460147,14.0476
471,0.336224,0.0386,0.0174147,0.00834678,0.0683424,120,0.24338,0.117252,6.73297,0.460147,14.0476
472,0.189657,0.0386,0.282787,0.00834678,1.10977,120,0.24338,0.117252,0.414632,0.460147,14.0476
473,0.258624,0.0386,0.0137911,0.00834678,0.0541219,120,0.24338,0.117252,8.50205,0.460147,14.0476
474,0.138399,0.0386,0.178535,0.00834678,0.700647,120,0.24338,0.117252,0.656746,0.460147,14.0476
475,0.145573,0.0386,0.221479,0.00834678,0.869176,120,0.24338,0.117252,0.529406,0.460147,14.0476
476,0.145028,0.0386,0.0223838,0.00834678,0.0878434,120,0.24338,0.117252,5.23827,0.460147,14.0476
477,0.512612,0.0386,0.137067,0.00834678,0.537907,120,0.24338,0.117252,0.85544,0.460147,14.0476
478,0.136412,0.0386,0.0488163,0.00834678,0.191576,120,0.24338,0.117252,2.40191,0.460147,14.0476
479,0.0211518,0.0386,0.0237688,0.00834678,0.0932787,120,0.24338,0.117252,4.93304,0.460147,14.0476
480,0.396759,0.0386,0.181506,0.00834678,0.712307,120,0.24338,0.117252,0.645996,0.460147,14.0476
481,0.25925,0.0386,0.0804195,0.00834678,0.3156,120,0.24338,0.117252,1.45801,0.460147,14.0476
482,0.0580943,0.0386,0.0357352,0.00834678,0.14024,120,0.24338,0.117252,3.28114,0.460147,14.0476
483,0.289904,0.0386,0.0975042,0.00834678,0.382647,120,0.24338,0.117252,1.20254,0.460147,14.0476
484,0.0518268,0.0386,0.0288443,0.00834678,0.113197,120,0.24338,0.117252,4.06501,0.460147,14.0476
485,0.0142846,0.0386,0.460723,0.00834678,1.80807,120,0.24338,0.117252,0.254496,0.460147,14.0476
486,0.436508,0.0386,0.0324972,0.00834678,0.127533,120,0.24338,0.117252,3.60807,0.460147,14.0476
487,0.280052,0.0386,0.00927397,0.00834678,0.036395,120,0.24338,0.117252,12.6432,0.460147,14.0476
488,0.0949851,0.0386,0.121456,0.00834678,0.476646,120,0.24338,0.117252,0.965386,0.460147,14.0476
489,0.207178,0.0386,0.0714895,0.00834678,0.280555,120,0.24338,0.117252,1.64013,0.460147,14.0476
490,0.360099,0.0386,0.00781238,0.00834678,0.0306591,120,0.24338,0.117252,15.0085,0.460147,14.0476
491,0.122319,0.0386,0.00948856,0.00834678,0.0372371,120,0.24338,0.117252,12.3572,0.460147,14.0476
492,0.276864,0.0386,0.10926,0.00834678,0.428783,120,0.24338,0.117252,1.07315,0.460147,14.0476
493,0.439699,0.0386,0.211858,0.00834678,0.831418,120,0.24338,0.117252,0.553449,0.460147,14.0476
494,0.182358,0.0386,0.346869,0.00834678,1.36126,120,0.24338,0.117252,0.338031,0.460147,14.0476
495,0.212111,0.0386,0.165624,0.00834678,0.64998,120,0.24338,0.117252,0.707941,0.460147,14.0476
496,0.458131,0.0386,0.0508819,0.00834678,0.199682,120,0.24338,0.117252,2.3044,0.460147,14.0476
497,0.44021,0.0386,0.0667258,0.00834678,0.26186,120,0.24338,0.117252,1.75723,0.460147,14.0476
498,0.149727,0.0386,0.0233847,0.00834678,0.0917714,120,0.24338,0.117252,5.01406,0.460147,14.0476
499,0.219268,0.0386,0.0155547,0.00834678,0.0610432,120,0.24338,0.117252,7.53805,0.460147,14.0476
