PID,i_lum_F1_indiv,i_lum_k12(KA),i_lum_k23(Q/V),i_lum_k32(Q/VP),i_lum_k20(CL/V),total_mg_dose_per_occassion,DS,Q,V,CL,VP
0,0.347921,0.0386,0.023474,0.00558183,0.0921217,480,0.286776,0.392057,16.7018,1.53859,70.2381
1,0.162152,0.0386,0.0519714,0.00558183,0.203958,480,0.286776,0.392057,7.5437,1.53859,70.2381
2,0.366784,0.0386,0.0579694,0.00558183,0.227496,480,0.286776,0.392057,6.76316,1.53859,70.2381
3,0.345414,0.0386,0.0287722,0.00558183,0.112914,480,0.286776,0.392057,13.6262,1.53859,70.2381
4,0.323762,0.0386,0.0178708,0.00558183,0.0701326,480,0.286776,0.392057,21.9384,1.53859,70.2381
5,0.56356,0.0386,0.0852535,0.00558183,0.33457,480,0.286776,0.392057,4.59872,1.53859,70.2381
6,0.305618,0.0386,0.00850619,0.00558183,0.0333819,480,0.286776,0.392057,46.0908,1.53859,70.2381
7,0.678975,0.0386,0.0759784,0.00558183,0.298171,480,0.286776,0.392057,5.16011,1.53859,70.2381
8,0.411229,0.0386,0.11053,0.00558183,0.433767,480,0.286776,0.392057,3.54706,1.53859,70.2381
9,0.742607,0.0386,0.464587,0.00558183,1.82323,480,0.286776,0.392057,0.843882,1.53859,70.2381
10,0.128866,0.0386,0.153854,0.00558183,0.603786,480,0.286776,0.392057,2.54825,1.53859,70.2381
11,0.0983273,0.0386,0.0130919,0.00558183,0.051378,480,0.286776,0.392057,29.9466,1.53859,70.2381
12,0.115306,0.0386,0.0221201,0.00558183,0.0868083,480,0.286776,0.392057,17.724,1.53859,70.2381
13,0.775246,0.0386,0.0275239,0.00558183,0.108015,480,0.286776,0.392057,14.2442,1.53859,70.2381
14,0.132544,0.0386,0.0563451,0.00558183,0.221122,480,0.286776,0.392057,6.95813,1.53859,70.2381
15,0.192574,0.0386,0.0236662,0.00558183,0.0928759,480,0.286776,0.392057,16.5661,1.53859,70.2381
16,0.412546,0.0386,0.041517,0.00558183,0.16293,480,0.286776,0.392057,9.44328,1.53859,70.2381
17,0.0477214,0.0386,0.0116429,0.00558183,0.0456918,480,0.286776,0.392057,33.6733,1.53859,70.2381
18,0.166756,0.0386,0.0354272,0.00558183,0.139031,480,0.286776,0.392057,11.0665,1.53859,70.2381
19,0.141127,0.0386,0.0708596,0.00558183,0.278083,480,0.286776,0.392057,5.53287,1.53859,70.2381
20,0.37901,0.0386,0.0952424,0.00558183,0.373771,480,0.286776,0.392057,4.11641,1.53859,70.2381
21,0.517203,0.0386,0.0201608,0.00558183,0.0791193,480,0.286776,0.392057,19.4465,1.53859,70.2381
22,0.407346,0.0386,0.0203199,0.00558183,0.0797439,480,0.286776,0.392057,19.2942,1.53859,70.2381
23,0.0679826,0.0386,0.014849,0.00558183,0.0582735,480,0.286776,0.392057,26.403,1.53859,70.2381
24,0.259917,0.0386,0.0264195,0.00558183,0.103681,480,0.286776,0.392057,14.8397,1.53859,70.2381
25,0.490526,0.0386,0.0273515,0.00558183,0.107339,480,0.286776,0.392057,14.334,1.53859,70.2381
26,0.443073,0.0386,0.0776036,0.00558183,0.304549,480,0.286776,0.392057,5.05204,1.53859,70.2381
27,0.726367,0.0386,0.0380812,0.00558183,0.149447,480,0.286776,0.392057,10.2953,1.53859,70.2381
28,0.360024,0.0386,0.00797535,0.00558183,0.0312986,480,0.286776,0.392057,49.1586,1.53859,70.2381
29,0.114818,0.0386,0.0147006,0.00558183,0.0576912,480,0.286776,0.392057,26.6695,1.53859,70.2381
30,0.454803,0.0386,0.0757798,0.00558183,0.297392,480,0.286776,0.392057,5.17363,1.53859,70.2381
31,0.587714,0.0386,0.0124259,0.00558183,0.0487643,480,0.286776,0.392057,31.5517,1.53859,70.2381
32,0.843807,0.0386,0.0100538,0.00558183,0.0394552,480,0.286776,0.392057,38.996,1.53859,70.2381
33,0.0666403,0.0386,0.0185948,0.00558183,0.0729739,480,0.286776,0.392057,21.0842,1.53859,70.2381
34,0.153478,0.0386,0.00475162,0.00558183,0.0186473,480,0.286776,0.392057,82.5101,1.53859,70.2381
35,0.425931,0.0386,0.0258261,0.00558183,0.101353,480,0.286776,0.392057,15.1806,1.53859,70.2381
36,0.517062,0.0386,0.0122595,0.00558183,0.0481114,480,0.286776,0.392057,31.9799,1.53859,70.2381
37,0.143545,0.0386,0.0466446,0.00558183,0.183053,480,0.286776,0.392057,8.40519,1.53859,70.2381
38,0.270262,0.0386,0.038526,0.00558183,0.151192,480,0.286776,0.392057,10.1764,1.53859,70.2381
39,0.286506,0.0386,0.0579448,0.00558183,0.2274,480,0.286776,0.392057,6.76604,1.53859,70.2381
40,0.261712,0.0386,0.0226067,0.00558183,0.088718,480,0.286776,0.392057,17.3425,1.53859,70.2381
41,0.138449,0.0386,0.00768393,0.00558183,0.030155,480,0.286776,0.392057,51.0229,1.53859,70.2381
42,0.261783,0.0386,0.0214231,0.00558183,0.0840731,480,0.286776,0.392057,18.3007,1.53859,70.2381
43,0.201651,0.0386,0.00808076,0.00558183,0.0317123,480,0.286776,0.392057,48.5173,1.53859,70.2381
44,0.462011,0.0386,0.0281234,0.00558183,0.110368,480,0.286776,0.392057,13.9406,1.53859,70.2381
45,0.139426,0.0386,0.00390957,0.00558183,0.0153428,480,0.286776,0.392057,100.281,1.53859,70.2381
46,0.449297,0.0386,0.096029,0.00558183,0.376858,480,0.286776,0.392057,4.08269,1.53859,70.2381
47,0.374067,0.0386,0.100821,0.00558183,0.395662,480,0.286776,0.392057,3.88866,1.53859,70.2381
48,0.240762,0.0386,0.0500293,0.00558183,0.196336,480,0.286776,0.392057,7.83654,1.53859,70.2381
49,0.348066,0.0386,0.158226,0.00558183,0.620946,480,0.286776,0.392057,2.47782,1.53859,70.2381
50,0.420298,0.0386,0.0569147,0.00558183,0.223357,480,0.286776,0.392057,6.8885,1.53859,70.2381
51,0.303571,0.0386,0.139489,0.00558183,0.547414,480,0.286776,0.392057,2.81066,1.53859,70.2381
52,0.491102,0.0386,0.080233,0.00558183,0.314868,480,0.286776,0.392057,4.88648,1.53859,70.2381
53,0.261276,0.0386,0.0274393,0.00558183,0.107683,480,0.286776,0.392057,14.2882,1.53859,70.2381
54,0.266596,0.0386,0.193072,0.00558183,0.757696,480,0.286776,0.392057,2.03062,1.53859,70.2381
55,0.361564,0.0386,0.0343199,0.00558183,0.134686,480,0.286776,0.392057,11.4236,1.53859,70.2381
56,0.844156,0.0386,0.0368554,0.00558183,0.144636,480,0.286776,0.392057,10.6377,1.53859,70.2381
57,0.229409,0.0386,0.0715244,0.00558183,0.280692,480,0.286776,0.392057,5.48144,1.53859,70.2381
58,0.358262,0.0386,0.0116416,0.00558183,0.0456863,480,0.286776,0.392057,33.6774,1.53859,70.2381
59,0.18099,0.0386,0.0443796,0.00558183,0.174164,480,0.286776,0.392057,8.83417,1.53859,70.2381
60,0.417396,0.0386,0.0204783,0.00558183,0.0803654,480,0.286776,0.392057,19.145,1.53859,70.2381
61,0.371677,0.0386,0.00808904,0.00558183,0.0317448,480,0.286776,0.392057,48.4677,1.53859,70.2381
62,0.0697302,0.0386,0.124595,0.00558183,0.488962,480,0.286776,0.392057,3.14665,1.53859,70.2381
63,0.22741,0.0386,0.014624,0.00558183,0.0573907,480,0.286776,0.392057,26.8091,1.53859,70.2381
64,0.126307,0.0386,0.0197225,0.00558183,0.0773994,480,0.286776,0.392057,19.8786,1.53859,70.2381
65,0.401426,0.0386,0.0313667,0.00558183,0.123096,480,0.286776,0.392057,12.4991,1.53859,70.2381
66,0.574322,0.0386,0.0214921,0.00558183,0.0843441,480,0.286776,0.392057,18.2419,1.53859,70.2381
67,0.39718,0.0386,0.0248434,0.00558183,0.0974959,480,0.286776,0.392057,15.7811,1.53859,70.2381
68,0.45911,0.0386,0.0095295,0.00558183,0.0373977,480,0.286776,0.392057,41.1414,1.53859,70.2381
69,0.264171,0.0386,0.0175873,0.00558183,0.0690199,480,0.286776,0.392057,22.2921,1.53859,70.2381
70,0.162736,0.0386,0.0548828,0.00558183,0.215383,480,0.286776,0.392057,7.14352,1.53859,70.2381
71,0.319895,0.0386,0.00425889,0.00558183,0.0167137,480,0.286776,0.392057,92.056,1.53859,70.2381
72,0.269684,0.0386,0.018411,0.00558183,0.0722525,480,0.286776,0.392057,21.2947,1.53859,70.2381
73,0.428755,0.0386,0.0544504,0.00558183,0.213686,480,0.286776,0.392057,7.20026,1.53859,70.2381
74,0.633167,0.0386,0.0434947,0.00558183,0.170691,480,0.286776,0.392057,9.0139,1.53859,70.2381
75,0.34523,0.0386,0.0345707,0.00558183,0.13567,480,0.286776,0.392057,11.3407,1.53859,70.2381
76,0.533852,0.0386,0.0398868,0.00558183,0.156532,480,0.286776,0.392057,9.82924,1.53859,70.2381
77,0.49494,0.0386,0.0390664,0.00558183,0.153313,480,0.286776,0.392057,10.0357,1.53859,70.2381
78,0.142398,0.0386,0.0307684,0.00558183,0.120748,480,0.286776,0.392057,12.7422,1.53859,70.2381
79,0.52091,0.0386,0.0284314,0.00558183,0.111577,480,0.286776,0.392057,13.7896,1.53859,70.2381
80,0.118987,0.0386,0.0900592,0.00558183,0.35343,480,0.286776,0.392057,4.35332,1.53859,70.2381
81,0.464889,0.0386,0.00816958,0.00558183,0.0320609,480,0.286776,0.392057,47.9898,1.53859,70.2381
82,0.0684726,0.0386,0.0143039,0.00558183,0.0561346,480,0.286776,0.392057,27.409,1.53859,70.2381
83,0.851094,0.0386,0.00429776,0.00558183,0.0168662,480,0.286776,0.392057,91.2235,1.53859,70.2381
84,0.343528,0.0386,0.0511471,0.00558183,0.200723,480,0.286776,0.392057,7.66528,1.53859,70.2381
85,0.376182,0.0386,0.118135,0.00558183,0.463611,480,0.286776,0.392057,3.31872,1.53859,70.2381
86,0.246484,0.0386,0.0198942,0.00558183,0.0780733,480,0.286776,0.392057,19.7071,1.53859,70.2381
87,0.223213,0.0386,0.0146582,0.00558183,0.0575248,480,0.286776,0.392057,26.7466,1.53859,70.2381
88,0.919599,0.0386,0.0280921,0.00558183,0.110245,480,0.286776,0.392057,13.9561,1.53859,70.2381
89,0.20323,0.0386,0.025084,0.00558183,0.09844,480,0.286776,0.392057,15.6298,1.53859,70.2381
90,0.478291,0.0386,0.0194593,0.00558183,0.0763665,480,0.286776,0.392057,20.1475,1.53859,70.2381
91,0.292315,0.0386,0.0134664,0.00558183,0.0528479,480,0.286776,0.392057,29.1137,1.53859,70.2381
92,0.561461,0.0386,0.00891575,0.00558183,0.0349891,480,0.286776,0.392057,43.9735,1.53859,70.2381
93,0.0836238,0.0386,0.0314401,0.00558183,0.123384,480,0.286776,0.392057,12.47,1.53859,70.2381
94,0.568665,0.0386,0.00300865,0.00558183,0.0118072,480,0.286776,0.392057,130.31,1.53859,70.2381
95,0.390202,0.0386,0.116716,0.00558183,0.458044,480,0.286776,0.392057,3.35906,1.53859,70.2381
96,0.220759,0.0386,0.0627463,0.00558183,0.246243,480,0.286776,0.392057,6.24828,1.53859,70.2381
97,0.221191,0.0386,0.0771765,0.00558183,0.302873,480,0.286776,0.392057,5.08,1.53859,70.2381
98,0.0999945,0.0386,0.071858,0.00558183,0.282001,480,0.286776,0.392057,5.456,1.53859,70.2381
99,0.487142,0.0386,0.0430831,0.00558183,0.169076,480,0.286776,0.392057,9.10001,1.53859,70.2381
100,0.475608,0.0386,0.0212882,0.00558183,0.083544,480,0.286776,0.392057,18.4166,1.53859,70.2381
101,0.19803,0.0386,0.0309037,0.00558183,0.121279,480,0.286776,0.392057,12.6864,1.53859,70.2381
102,0.923086,0.0386,0.00881113,0.00558183,0.0345786,480,0.286776,0.392057,44.4956,1.53859,70.2381
103,0.233856,0.0386,0.127934,0.00558183,0.502065,480,0.286776,0.392057,3.06453,1.53859,70.2381
104,0.0755509,0.0386,0.102244,0.00558183,0.401249,480,0.286776,0.392057,3.83451,1.53859,70.2381
105,0.189914,0.0386,0.0452971,0.00558183,0.177765,480,0.286776,0.392057,8.65523,1.53859,70.2381
106,0.543566,0.0386,0.154182,0.00558183,0.605075,480,0.286776,0.392057,2.54282,1.53859,70.2381
107,0.80406,0.0386,0.0122911,0.00558183,0.0482355,480,0.286776,0.392057,31.8975,1.53859,70.2381
108,0.539583,0.0386,0.0232213,0.00558183,0.0911302,480,0.286776,0.392057,16.8835,1.53859,70.2381
109,0.253762,0.0386,0.00641347,0.00558183,0.0251691,480,0.286776,0.392057,61.1303,1.53859,70.2381
110,0.751868,0.0386,0.0270295,0.00558183,0.106075,480,0.286776,0.392057,14.5048,1.53859,70.2381
111,0.611386,0.0386,0.015824,0.00558183,0.0621001,480,0.286776,0.392057,24.7761,1.53859,70.2381
112,0.199032,0.0386,0.141831,0.00558183,0.556602,480,0.286776,0.392057,2.76426,1.53859,70.2381
113,0.151146,0.0386,0.0285744,0.00558183,0.112138,480,0.286776,0.392057,13.7206,1.53859,70.2381
114,0.0885737,0.0386,0.0219625,0.00558183,0.0861902,480,0.286776,0.392057,17.8512,1.53859,70.2381
115,0.0852453,0.0386,0.0507828,0.00558183,0.199293,480,0.286776,0.392057,7.72027,1.53859,70.2381
116,0.287962,0.0386,0.033334,0.00558183,0.130817,480,0.286776,0.392057,11.7615,1.53859,70.2381
117,0.0418565,0.0386,0.261867,0.00558183,1.02767,480,0.286776,0.392057,1.49716,1.53859,70.2381
118,0.327592,0.0386,0.013634,0.00558183,0.0535054,480,0.286776,0.392057,28.7559,1.53859,70.2381
119,0.289301,0.0386,0.018746,0.00558183,0.073567,480,0.286776,0.392057,20.9142,1.53859,70.2381
120,0.0839309,0.0386,0.0130746,0.00558183,0.0513101,480,0.286776,0.392057,29.9862,1.53859,70.2381
121,0.919078,0.0386,0.0795262,0.00558183,0.312094,480,0.286776,0.392057,4.9299,1.53859,70.2381
122,0.179244,0.0386,0.0708406,0.00558183,0.278008,480,0.286776,0.392057,5.53435,1.53859,70.2381
123,0.115296,0.0386,0.0182426,0.00558183,0.0715916,480,0.286776,0.392057,21.4913,1.53859,70.2381
124,0.301323,0.0386,0.00372505,0.00558183,0.0146187,480,0.286776,0.392057,105.249,1.53859,70.2381
125,0.341397,0.0386,0.0251636,0.00558183,0.0987523,480,0.286776,0.392057,15.5803,1.53859,70.2381
126,0.119197,0.0386,0.0763209,0.00558183,0.299515,480,0.286776,0.392057,5.13695,1.53859,70.2381
127,0.206801,0.0386,0.0734059,0.00558183,0.288075,480,0.286776,0.392057,5.34095,1.53859,70.2381
128,0.308936,0.0386,0.0235355,0.00558183,0.0923631,480,0.286776,0.392057,16.6581,1.53859,70.2381
129,0.117047,0.0386,0.0136585,0.00558183,0.0536017,480,0.286776,0.392057,28.7042,1.53859,70.2381
130,0.251014,0.0386,0.143083,0.00558183,0.561518,480,0.286776,0.392057,2.74006,1.53859,70.2381
131,0.27574,0.0386,0.0953514,0.00558183,0.374199,480,0.286776,0.392057,4.1117,1.53859,70.2381
132,0.349009,0.0386,0.065481,0.00558183,0.256975,480,0.286776,0.392057,5.98734,1.53859,70.2381
133,0.418502,0.0386,0.0280731,0.00558183,0.11017,480,0.286776,0.392057,13.9656,1.53859,70.2381
134,0.115261,0.0386,0.0055523,0.00558183,0.0217895,480,0.286776,0.392057,70.6116,1.53859,70.2381
135,0.390262,0.0386,0.0165119,0.00558183,0.0647996,480,0.286776,0.392057,23.7439,1.53859,70.2381
136,0.10648,0.0386,0.0207614,0.00558183,0.0814764,480,0.286776,0.392057,18.8839,1.53859,70.2381
137,0.329788,0.0386,0.0946686,0.00558183,0.371519,480,0.286776,0.392057,4.14136,1.53859,70.2381
138,0.182853,0.0386,0.305753,0.00558183,1.1999,480,0.286776,0.392057,1.28227,1.53859,70.2381
139,0.251783,0.0386,0.0400761,0.00558183,0.157275,480,0.286776,0.392057,9.78282,1.53859,70.2381
140,0.113493,0.0386,0.110806,0.00558183,0.434849,480,0.286776,0.392057,3.53823,1.53859,70.2381
141,0.426201,0.0386,0.0114953,0.00558183,0.0451124,480,0.286776,0.392057,34.1058,1.53859,70.2381
142,0.376787,0.0386,0.0667628,0.00558183,0.262005,480,0.286776,0.392057,5.87238,1.53859,70.2381
143,0.176077,0.0386,0.165582,0.00558183,0.649812,480,0.286776,0.392057,2.36775,1.53859,70.2381
144,0.306322,0.0386,0.0285936,0.00558183,0.112213,480,0.286776,0.392057,13.7114,1.53859,70.2381
145,0.354392,0.0386,0.127824,0.00558183,0.501635,480,0.286776,0.392057,3.06716,1.53859,70.2381
146,0.0835121,0.0386,0.0181937,0.00558183,0.0713998,480,0.286776,0.392057,21.549,1.53859,70.2381
147,0.182812,0.0386,0.0231578,0.00558183,0.0908808,480,0.286776,0.392057,16.9298,1.53859,70.2381
148,0.523197,0.0386,0.0320807,0.00558183,0.125898,480,0.286776,0.392057,12.221,1.53859,70.2381
149,0.477938,0.0386,0.0500561,0.00558183,0.196441,480,0.286776,0.392057,7.83234,1.53859,70.2381
150,0.091953,0.0386,0.195171,0.00558183,0.765932,480,0.286776,0.392057,2.00879,1.53859,70.2381
151,0.577961,0.0386,0.0116429,0.00558183,0.0456918,480,0.286776,0.392057,33.6733,1.53859,70.2381
152,0.432426,0.0386,0.00508804,0.00558183,0.0199676,480,0.286776,0.392057,77.0546,1.53859,70.2381
153,0.221926,0.0386,0.0248651,0.00558183,0.0975809,480,0.286776,0.392057,15.7674,1.53859,70.2381
154,0.170405,0.0386,0.00790891,0.00558183,0.0310379,480,0.286776,0.392057,49.5715,1.53859,70.2381
155,0.36535,0.0386,0.0206516,0.00558183,0.0810454,480,0.286776,0.392057,18.9844,1.53859,70.2381
156,0.409231,0.0386,0.0240682,0.00558183,0.0944537,480,0.286776,0.392057,16.2894,1.53859,70.2381
157,0.203678,0.0386,0.035295,0.00558183,0.138512,480,0.286776,0.392057,11.108,1.53859,70.2381
158,0.277824,0.0386,0.0164033,0.00558183,0.0643736,480,0.286776,0.392057,23.901,1.53859,70.2381
159,0.725078,0.0386,0.0108589,0.00558183,0.0426149,480,0.286776,0.392057,36.1046,1.53859,70.2381
160,0.221363,0.0386,0.0126684,0.00558183,0.0497162,480,0.286776,0.392057,30.9475,1.53859,70.2381
161,0.110772,0.0386,0.046804,0.00558183,0.183678,480,0.286776,0.392057,8.37657,1.53859,70.2381
162,0.231626,0.0386,0.0114714,0.00558183,0.0450186,480,0.286776,0.392057,34.1769,1.53859,70.2381
163,0.637093,0.0386,0.00744809,0.00558183,0.0292294,480,0.286776,0.392057,52.6385,1.53859,70.2381
164,0.271034,0.0386,0.0584578,0.00558183,0.229413,480,0.286776,0.392057,6.70667,1.53859,70.2381
165,0.373071,0.0386,0.0197284,0.00558183,0.0774225,480,0.286776,0.392057,19.8727,1.53859,70.2381
166,0.552394,0.0386,0.0120107,0.00558183,0.047135,480,0.286776,0.392057,32.6423,1.53859,70.2381
167,0.111652,0.0386,0.00510354,0.00558183,0.0200284,480,0.286776,0.392057,76.8206,1.53859,70.2381
168,0.470421,0.0386,0.187304,0.00558183,0.735059,480,0.286776,0.392057,2.09316,1.53859,70.2381
169,0.356497,0.0386,0.0159651,0.00558183,0.0626536,480,0.286776,0.392057,24.5571,1.53859,70.2381
170,0.58978,0.0386,0.135903,0.00558183,0.53334,480,0.286776,0.392057,2.88483,1.53859,70.2381
171,0.263881,0.0386,0.0827354,0.00558183,0.324688,480,0.286776,0.392057,4.73868,1.53859,70.2381
172,0.102286,0.0386,0.024174,0.00558183,0.0948687,480,0.286776,0.392057,16.2181,1.53859,70.2381
173,0.606018,0.0386,0.00913882,0.00558183,0.0358645,480,0.286776,0.392057,42.9002,1.53859,70.2381
174,0.335714,0.0386,0.00931282,0.00558183,0.0365474,480,0.286776,0.392057,42.0986,1.53859,70.2381
175,0.145199,0.0386,0.0763876,0.00558183,0.299777,480,0.286776,0.392057,5.13246,1.53859,70.2381
176,0.120207,0.0386,0.0239368,0.00558183,0.0939381,480,0.286776,0.392057,16.3788,1.53859,70.2381
177,0.920799,0.0386,0.0102592,0.00558183,0.0402614,480,0.286776,0.392057,38.2151,1.53859,70.2381
178,0.420337,0.0386,0.0273487,0.00558183,0.107328,480,0.286776,0.392057,14.3355,1.53859,70.2381
179,0.281628,0.0386,0.119416,0.00558183,0.468639,480,0.286776,0.392057,3.28311,1.53859,70.2381
180,0.120544,0.0386,0.0230423,0.00558183,0.0904276,480,0.286776,0.392057,17.0147,1.53859,70.2381
181,0.698154,0.0386,0.047653,0.00558183,0.18701,480,0.286776,0.392057,8.22733,1.53859,70.2381
182,0.729936,0.0386,0.0301999,0.00558183,0.118517,480,0.286776,0.392057,12.982,1.53859,70.2381
183,0.23201,0.0386,0.0203136,0.00558183,0.079719,480,0.286776,0.392057,19.3002,1.53859,70.2381
184,0.125794,0.0386,0.0117915,0.00558183,0.0462748,480,0.286776,0.392057,33.2491,1.53859,70.2381
185,0.318832,0.0386,0.00229796,0.00558183,0.00901818,480,0.286776,0.392057,170.61,1.53859,70.2381
186,0.149446,0.0386,0.0194434,0.00558183,0.0763038,480,0.286776,0.392057,20.1641,1.53859,70.2381
187,0.323099,0.0386,0.061202,0.00558183,0.240182,480,0.286776,0.392057,6.40595,1.53859,70.2381
188,0.0596102,0.0386,0.0972954,0.00558183,0.381828,480,0.286776,0.392057,4.02955,1.53859,70.2381
189,0.316241,0.0386,0.0719788,0.00558183,0.282475,480,0.286776,0.392057,5.44683,1.53859,70.2381
190,0.391117,0.0386,0.0509671,0.00558183,0.200016,480,0.286776,0.392057,7.69236,1.53859,70.2381
191,0.108263,0.0386,0.0233719,0.00558183,0.0917211,480,0.286776,0.392057,16.7747,1.53859,70.2381
192,0.456044,0.0386,0.027502,0.00558183,0.10793,480,0.286776,0.392057,14.2556,1.53859,70.2381
193,0.174396,0.0386,0.0197673,0.00558183,0.0775753,480,0.286776,0.392057,19.8336,1.53859,70.2381
194,0.145319,0.0386,0.0124825,0.00558183,0.0489866,480,0.286776,0.392057,31.4085,1.53859,70.2381
195,0.216689,0.0386,0.0476179,0.00558183,0.186873,480,0.286776,0.392057,8.23339,1.53859,70.2381
196,0.404193,0.0386,0.00518365,0.00558183,0.0203428,480,0.286776,0.392057,75.6333,1.53859,70.2381
197,0.223825,0.0386,0.0502599,0.00558183,0.197241,480,0.286776,0.392057,7.80059,1.53859,70.2381
198,0.176795,0.0386,0.0256863,0.00558183,0.100804,480,0.286776,0.392057,15.2633,1.53859,70.2381
199,0.099242,0.0386,0.0437562,0.00558183,0.171718,480,0.286776,0.392057,8.96003,1.53859,70.2381
200,0.0555402,0.0386,0.0443785,0.00558183,0.17416,480,0.286776,0.392057,8.83438,1.53859,70.2381
201,0.880473,0.0386,0.0192997,0.00558183,0.0757399,480,0.286776,0.392057,20.3142,1.53859,70.2381
202,0.269427,0.0386,0.0114065,0.00558183,0.044764,480,0.286776,0.392057,34.3713,1.53859,70.2381
203,0.149468,0.0386,0.0390046,0.00558183,0.15307,480,0.286776,0.392057,10.0516,1.53859,70.2381
204,0.488866,0.0386,0.0633706,0.00558183,0.248693,480,0.286776,0.392057,6.18673,1.53859,70.2381
205,0.293075,0.0386,0.0211066,0.00558183,0.0828311,480,0.286776,0.392057,18.5751,1.53859,70.2381
206,1.19899,0.0386,0.0205234,0.00558183,0.0805425,480,0.286776,0.392057,19.1029,1.53859,70.2381
207,0.469524,0.0386,0.129003,0.00558183,0.506262,480,0.286776,0.392057,3.03913,1.53859,70.2381
208,0.168851,0.0386,0.026308,0.00558183,0.103244,480,0.286776,0.392057,14.9026,1.53859,70.2381
209,0.398045,0.0386,0.0398109,0.00558183,0.156235,480,0.286776,0.392057,9.84797,1.53859,70.2381
210,0.566626,0.0386,0.0124265,0.00558183,0.0487667,480,0.286776,0.392057,31.5501,1.53859,70.2381
211,0.252217,0.0386,0.133691,0.00558183,0.524658,480,0.286776,0.392057,2.93256,1.53859,70.2381
212,0.271893,0.0386,0.0196195,0.00558183,0.076995,480,0.286776,0.392057,19.9831,1.53859,70.2381
213,0.068039,0.0386,0.0477181,0.00558183,0.187266,480,0.286776,0.392057,8.21611,1.53859,70.2381
214,0.198476,0.0386,0.578487,0.00558183,2.27022,480,0.286776,0.392057,0.677728,1.53859,70.2381
215,0.386419,0.0386,0.0118673,0.00558183,0.0465724,480,0.286776,0.392057,33.0366,1.53859,70.2381
216,0.250431,0.0386,0.058242,0.00558183,0.228566,480,0.286776,0.392057,6.73152,1.53859,70.2381
217,0.287412,0.0386,0.0345593,0.00558183,0.135625,480,0.286776,0.392057,11.3445,1.53859,70.2381
218,0.412898,0.0386,0.0980369,0.00558183,0.384738,480,0.286776,0.392057,3.99907,1.53859,70.2381
219,0.384684,0.0386,0.0361705,0.00558183,0.141948,480,0.286776,0.392057,10.8391,1.53859,70.2381
220,0.169527,0.0386,0.0166364,0.00558183,0.0652881,480,0.286776,0.392057,23.5663,1.53859,70.2381
221,0.634745,0.0386,0.00886521,0.00558183,0.0347908,480,0.286776,0.392057,44.2242,1.53859,70.2381
222,0.335148,0.0386,0.0506805,0.00558183,0.198891,480,0.286776,0.392057,7.73586,1.53859,70.2381
223,0.292325,0.0386,0.0138294,0.00558183,0.0542722,480,0.286776,0.392057,28.3496,1.53859,70.2381
224,0.0940443,0.0386,0.0273322,0.00558183,0.107263,480,0.286776,0.392057,14.3441,1.53859,70.2381
225,0.158925,0.0386,0.0142162,0.00558183,0.0557903,480,0.286776,0.392057,27.5782,1.53859,70.2381
226,0.285393,0.0386,0.00900904,0.00558183,0.0353552,480,0.286776,0.392057,43.5182,1.53859,70.2381
227,0.364934,0.0386,0.0236857,0.00558183,0.0929524,480,0.286776,0.392057,16.5525,1.53859,70.2381
228,0.622687,0.0386,0.0178701,0.00558183,0.0701296,480,0.286776,0.392057,21.9393,1.53859,70.2381
229,0.340487,0.0386,0.0318561,0.00558183,0.125017,480,0.286776,0.392057,12.3071,1.53859,70.2381
230,0.226324,0.0386,0.0286423,0.00558183,0.112404,480,0.286776,0.392057,13.688,1.53859,70.2381
231,0.290166,0.0386,0.0378187,0.00558183,0.148416,480,0.286776,0.392057,10.3668,1.53859,70.2381
232,0.26656,0.0386,0.0566629,0.00558183,0.222369,480,0.286776,0.392057,6.91911,1.53859,70.2381
233,0.213492,0.0386,0.0337054,0.00558183,0.132274,480,0.286776,0.392057,11.6319,1.53859,70.2381
234,0.61419,0.0386,0.223903,0.00558183,0.878687,480,0.286776,0.392057,1.75102,1.53859,70.2381
235,1.04603,0.0386,0.028703,0.00558183,0.112643,480,0.286776,0.392057,13.6591,1.53859,70.2381
236,0.0848705,0.0386,0.0842023,0.00558183,0.330445,480,0.286776,0.392057,4.65613,1.53859,70.2381
237,0.496264,0.0386,0.0577957,0.00558183,0.226814,480,0.286776,0.392057,6.78349,1.53859,70.2381
238,0.22041,0.0386,0.0173393,0.00558183,0.0680466,480,0.286776,0.392057,22.6109,1.53859,70.2381
239,0.0686607,0.0386,0.0205581,0.00558183,0.0806784,480,0.286776,0.392057,19.0707,1.53859,70.2381
240,0.145383,0.0386,0.20473,0.00558183,0.803446,480,0.286776,0.392057,1.915,1.53859,70.2381
241,0.336905,0.0386,0.0431741,0.00558183,0.169433,480,0.286776,0.392057,9.08082,1.53859,70.2381
242,0.477163,0.0386,0.252388,0.00558183,0.990476,480,0.286776,0.392057,1.55339,1.53859,70.2381
243,0.493235,0.0386,0.00568182,0.00558183,0.0222978,480,0.286776,0.392057,69.002,1.53859,70.2381
244,0.043406,0.0386,0.00949201,0.00558183,0.0372506,480,0.286776,0.392057,41.3039,1.53859,70.2381
245,0.326031,0.0386,0.0186941,0.00558183,0.0733636,480,0.286776,0.392057,20.9722,1.53859,70.2381
246,0.244315,0.0386,0.0229837,0.00558183,0.0901977,480,0.286776,0.392057,17.058,1.53859,70.2381
247,0.687047,0.0386,0.0347563,0.00558183,0.136398,480,0.286776,0.392057,11.2802,1.53859,70.2381
248,0.06473,0.0386,0.0643631,0.00558183,0.252588,480,0.286776,0.392057,6.09133,1.53859,70.2381
249,0.518471,0.0386,0.0571789,0.00558183,0.224394,480,0.286776,0.392057,6.85667,1.53859,70.2381
250,0.431008,0.0386,0.105556,0.00558183,0.414246,480,0.286776,0.392057,3.7142,1.53859,70.2381
251,0.340827,0.0386,0.00236095,0.00558183,0.00926537,480,0.286776,0.392057,166.059,1.53859,70.2381
252,0.156763,0.0386,0.0173642,0.00558183,0.0681445,480,0.286776,0.392057,22.5784,1.53859,70.2381
253,0.0820273,0.0386,0.00669793,0.00558183,0.0262855,480,0.286776,0.392057,58.534,1.53859,70.2381
254,0.048358,0.0386,0.190311,0.00558183,0.746859,480,0.286776,0.392057,2.06009,1.53859,70.2381
255,0.714823,0.0386,0.0362023,0.00558183,0.142073,480,0.286776,0.392057,10.8296,1.53859,70.2381
256,0.52781,0.0386,0.04033,0.00558183,0.158272,480,0.286776,0.392057,9.72121,1.53859,70.2381
257,0.272879,0.0386,0.00371191,0.00558183,0.0145671,480,0.286776,0.392057,105.621,1.53859,70.2381
258,0.216153,0.0386,0.0294169,0.00558183,0.115444,480,0.286776,0.392057,13.3276,1.53859,70.2381
259,0.413514,0.0386,0.0119141,0.00558183,0.0467561,480,0.286776,0.392057,32.9069,1.53859,70.2381
260,0.0813659,0.0386,0.0782806,0.00558183,0.307206,480,0.286776,0.392057,5.00835,1.53859,70.2381
261,0.202105,0.0386,0.00681543,0.00558183,0.0267466,480,0.286776,0.392057,57.5249,1.53859,70.2381
262,0.451669,0.0386,0.0145498,0.00558183,0.0570997,480,0.286776,0.392057,26.9458,1.53859,70.2381
263,0.357208,0.0386,0.00291223,0.00558183,0.0114288,480,0.286776,0.392057,134.624,1.53859,70.2381
264,0.772014,0.0386,0.0165707,0.00558183,0.0650306,480,0.286776,0.392057,23.6596,1.53859,70.2381
265,0.245239,0.0386,0.0166524,0.00558183,0.0653509,480,0.286776,0.392057,23.5436,1.53859,70.2381
266,0.934299,0.0386,0.035509,0.00558183,0.139352,480,0.286776,0.392057,11.041,1.53859,70.2381
267,0.697785,0.0386,0.0116011,0.00558183,0.0455275,480,0.286776,0.392057,33.7949,1.53859,70.2381
268,0.30475,0.0386,0.0184614,0.00558183,0.0724501,480,0.286776,0.392057,21.2366,1.53859,70.2381
269,0.205523,0.0386,0.0484942,0.00558183,0.190312,480,0.286776,0.392057,8.08461,1.53859,70.2381
270,0.101874,0.0386,0.0187054,0.00558183,0.0734078,480,0.286776,0.392057,20.9595,1.53859,70.2381
271,0.540109,0.0386,0.0574334,0.00558183,0.225393,480,0.286776,0.392057,6.82628,1.53859,70.2381
272,0.468298,0.0386,0.0116871,0.00558183,0.0458649,480,0.286776,0.392057,33.5462,1.53859,70.2381
273,0.352008,0.0386,0.0321522,0.00558183,0.126179,480,0.286776,0.392057,12.1938,1.53859,70.2381
274,0.286394,0.0386,0.00230606,0.00558183,0.00904994,480,0.286776,0.392057,170.012,1.53859,70.2381
275,0.239313,0.0386,0.0924523,0.00558183,0.362821,480,0.286776,0.392057,4.24064,1.53859,70.2381
276,0.115209,0.0386,0.0546761,0.00558183,0.214572,480,0.286776,0.392057,7.17054,1.53859,70.2381
277,0.148388,0.0386,0.0345806,0.00558183,0.135709,480,0.286776,0.392057,11.3375,1.53859,70.2381
278,0.133796,0.0386,0.063162,0.00558183,0.247874,480,0.286776,0.392057,6.20716,1.53859,70.2381
279,0.303744,0.0386,0.0171719,0.00558183,0.0673898,480,0.286776,0.392057,22.8313,1.53859,70.2381
280,0.344165,0.0386,0.00885288,0.00558183,0.0347424,480,0.286776,0.392057,44.2858,1.53859,70.2381
281,0.20398,0.0386,0.0017094,0.00558183,0.0067084,480,0.286776,0.392057,229.353,1.53859,70.2381
282,0.983449,0.0386,0.07461,0.00558183,0.292801,480,0.286776,0.392057,5.25475,1.53859,70.2381
283,0.241826,0.0386,0.0182629,0.00558183,0.0716714,480,0.286776,0.392057,21.4673,1.53859,70.2381
284,0.530518,0.0386,0.00479002,0.00558183,0.018798,480,0.286776,0.392057,81.8487,1.53859,70.2381
285,0.66174,0.0386,0.0714211,0.00558183,0.280286,480,0.286776,0.392057,5.48937,1.53859,70.2381
286,0.322379,0.0386,0.0204226,0.00558183,0.0801469,480,0.286776,0.392057,19.1972,1.53859,70.2381
287,0.122375,0.0386,0.038624,0.00558183,0.151577,480,0.286776,0.392057,10.1506,1.53859,70.2381
288,0.134572,0.0386,0.0488948,0.00558183,0.191884,480,0.286776,0.392057,8.01838,1.53859,70.2381
289,0.0861436,0.0386,0.0273784,0.00558183,0.107444,480,0.286776,0.392057,14.3199,1.53859,70.2381
290,0.205101,0.0386,0.0350402,0.00558183,0.137513,480,0.286776,0.392057,11.1888,1.53859,70.2381
291,0.154568,0.0386,0.00493652,0.00558183,0.019373,480,0.286776,0.392057,79.4196,1.53859,70.2381
292,0.147484,0.0386,0.0699539,0.00558183,0.274528,480,0.286776,0.392057,5.6045,1.53859,70.2381
293,0.386069,0.0386,0.00125246,0.00558183,0.00491516,480,0.286776,0.392057,313.03,1.53859,70.2381
294,0.422262,0.0386,0.0205812,0.00558183,0.0807693,480,0.286776,0.392057,19.0493,1.53859,70.2381
295,0.0604302,0.0386,0.0275016,0.00558183,0.107928,480,0.286776,0.392057,14.2558,1.53859,70.2381
296,0.687687,0.0386,0.0359944,0.00558183,0.141257,480,0.286776,0.392057,10.8922,1.53859,70.2381
297,0.261621,0.0386,0.0723913,0.00558183,0.284094,480,0.286776,0.392057,5.4158,1.53859,70.2381
298,0.292748,0.0386,0.020725,0.00558183,0.0813336,480,0.286776,0.392057,18.9171,1.53859,70.2381
299,0.184825,0.0386,0.0581865,0.00558183,0.228348,480,0.286776,0.392057,6.73793,1.53859,70.2381
300,0.366427,0.0386,0.107201,0.00558183,0.420702,480,0.286776,0.392057,3.65721,1.53859,70.2381
301,0.0382565,0.0386,0.0270664,0.00558183,0.10622,480,0.286776,0.392057,14.485,1.53859,70.2381
302,0.0607013,0.0386,0.0196295,0.00558183,0.0770343,480,0.286776,0.392057,19.9728,1.53859,70.2381
303,0.474486,0.0386,0.109675,0.00558183,0.430411,480,0.286776,0.392057,3.57471,1.53859,70.2381
304,0.238808,0.0386,0.0934205,0.00558183,0.366621,480,0.286776,0.392057,4.19669,1.53859,70.2381
305,0.159523,0.0386,0.176816,0.00558183,0.693899,480,0.286776,0.392057,2.21732,1.53859,70.2381
306,0.125319,0.0386,0.0101209,0.00558183,0.0397187,480,0.286776,0.392057,38.7372,1.53859,70.2381
307,0.229706,0.0386,0.0649665,0.00558183,0.254956,480,0.286776,0.392057,6.03476,1.53859,70.2381
308,0.614681,0.0386,0.0147758,0.00558183,0.0579863,480,0.286776,0.392057,26.5338,1.53859,70.2381
309,0.124737,0.0386,0.0274276,0.00558183,0.107637,480,0.286776,0.392057,14.2943,1.53859,70.2381
310,0.11158,0.0386,0.0136918,0.00558183,0.0537323,480,0.286776,0.392057,28.6345,1.53859,70.2381
311,0.116384,0.0386,0.0555654,0.00558183,0.218062,480,0.286776,0.392057,7.05577,1.53859,70.2381
312,0.337736,0.0386,0.00458152,0.00558183,0.0179798,480,0.286776,0.392057,85.5735,1.53859,70.2381
313,0.206514,0.0386,0.0566244,0.00558183,0.222218,480,0.286776,0.392057,6.92381,1.53859,70.2381
314,0.371763,0.0386,0.00130425,0.00558183,0.00511843,480,0.286776,0.392057,300.599,1.53859,70.2381
315,0.231106,0.0386,0.0254284,0.00558183,0.0997918,480,0.286776,0.392057,15.418,1.53859,70.2381
316,0.0395289,0.0386,0.00850891,0.00558183,0.0333925,480,0.286776,0.392057,46.076,1.53859,70.2381
317,0.521408,0.0386,0.0122986,0.00558183,0.0482647,480,0.286776,0.392057,31.8783,1.53859,70.2381
318,0.108304,0.0386,0.0324849,0.00558183,0.127484,480,0.286776,0.392057,12.0689,1.53859,70.2381
319,0.196696,0.0386,0.034086,0.00558183,0.133768,480,0.286776,0.392057,11.502,1.53859,70.2381
320,0.522661,0.0386,0.0427657,0.00558183,0.16783,480,0.286776,0.392057,9.16755,1.53859,70.2381
321,0.179396,0.0386,0.0116148,0.00558183,0.0455812,480,0.286776,0.392057,33.755,1.53859,70.2381
322,0.236842,0.0386,0.0288416,0.00558183,0.113187,480,0.286776,0.392057,13.5934,1.53859,70.2381
323,0.191915,0.0386,0.0289855,0.00558183,0.113751,480,0.286776,0.392057,13.5259,1.53859,70.2381
324,0.143621,0.0386,0.0372602,0.00558183,0.146225,480,0.286776,0.392057,10.5221,1.53859,70.2381
325,0.650077,0.0386,0.0761786,0.00558183,0.298957,480,0.286776,0.392057,5.14655,1.53859,70.2381
326,0.250943,0.0386,0.0503878,0.00558183,0.197743,480,0.286776,0.392057,7.78079,1.53859,70.2381
327,0.629023,0.0386,0.0100083,0.00558183,0.0392767,480,0.286776,0.392057,39.1733,1.53859,70.2381
328,0.63345,0.0386,0.00261618,0.00558183,0.010267,480,0.286776,0.392057,149.859,1.53859,70.2381
329,0.228982,0.0386,0.0687704,0.00558183,0.269884,480,0.286776,0.392057,5.70095,1.53859,70.2381
330,0.141021,0.0386,0.0280904,0.00558183,0.110239,480,0.286776,0.392057,13.957,1.53859,70.2381
331,0.138572,0.0386,0.0290836,0.00558183,0.114136,480,0.286776,0.392057,13.4803,1.53859,70.2381
332,0.448131,0.0386,0.00737603,0.00558183,0.0289466,480,0.286776,0.392057,53.1528,1.53859,70.2381
333,0.91525,0.0386,0.0118411,0.00558183,0.0464695,480,0.286776,0.392057,33.1098,1.53859,70.2381
334,0.178612,0.0386,0.0202481,0.00558183,0.0794619,480,0.286776,0.392057,19.3627,1.53859,70.2381
335,0.162958,0.0386,0.0577122,0.00558183,0.226487,480,0.286776,0.392057,6.79331,1.53859,70.2381
336,0.308153,0.0386,0.0746053,0.00558183,0.292782,480,0.286776,0.392057,5.25508,1.53859,70.2381
337,0.131126,0.0386,0.0479518,0.00558183,0.188183,480,0.286776,0.392057,8.17606,1.53859,70.2381
338,0.0829439,0.0386,0.0166636,0.00558183,0.0653951,480,0.286776,0.392057,23.5277,1.53859,70.2381
339,0.463161,0.0386,0.094453,0.00558183,0.370673,480,0.286776,0.392057,4.15082,1.53859,70.2381
340,0.221002,0.0386,0.202004,0.00558183,0.792747,480,0.286776,0.392057,1.94084,1.53859,70.2381
341,0.618265,0.0386,0.0143503,0.00558183,0.0563168,480,0.286776,0.392057,27.3204,1.53859,70.2381
342,0.142297,0.0386,0.0214712,0.00558183,0.0842621,480,0.286776,0.392057,18.2596,1.53859,70.2381
343,0.608504,0.0386,0.0286894,0.00558183,0.112589,480,0.286776,0.392057,13.6656,1.53859,70.2381
344,0.652538,0.0386,0.0123131,0.00558183,0.0483218,480,0.286776,0.392057,31.8406,1.53859,70.2381
345,0.148455,0.0386,0.0768741,0.00558183,0.301686,480,0.286776,0.392057,5.09998,1.53859,70.2381
346,0.221449,0.0386,0.0762658,0.00558183,0.299299,480,0.286776,0.392057,5.14066,1.53859,70.2381
347,0.169302,0.0386,0.017616,0.00558183,0.0691325,480,0.286776,0.392057,22.2558,1.53859,70.2381
348,0.232736,0.0386,0.0105361,0.00558183,0.0413482,480,0.286776,0.392057,37.2107,1.53859,70.2381
349,0.156694,0.0386,0.0376634,0.00558183,0.147807,480,0.286776,0.392057,10.4095,1.53859,70.2381
350,0.226349,0.0386,0.00775718,0.00558183,0.0304424,480,0.286776,0.392057,50.5411,1.53859,70.2381
351,0.136446,0.0386,0.0257264,0.00558183,0.100961,480,0.286776,0.392057,15.2395,1.53859,70.2381
352,0.0977149,0.0386,0.0412769,0.00558183,0.161988,480,0.286776,0.392057,9.4982,1.53859,70.2381
353,0.211878,0.0386,0.0170731,0.00558183,0.0670018,480,0.286776,0.392057,22.9635,1.53859,70.2381
354,0.612836,0.0386,0.0204953,0.00558183,0.080432,480,0.286776,0.392057,19.1291,1.53859,70.2381
355,0.127763,0.0386,0.0343002,0.00558183,0.134608,480,0.286776,0.392057,11.4302,1.53859,70.2381
356,0.394763,0.0386,0.0349179,0.00558183,0.137032,480,0.286776,0.392057,11.228,1.53859,70.2381
357,0.110155,0.0386,0.0118177,0.00558183,0.0463776,480,0.286776,0.392057,33.1754,1.53859,70.2381
358,0.191915,0.0386,0.00408767,0.00558183,0.0160417,480,0.286776,0.392057,95.9121,1.53859,70.2381
359,0.388857,0.0386,0.0255662,0.00558183,0.100332,480,0.286776,0.392057,15.335,1.53859,70.2381
360,0.443286,0.0386,0.146614,0.00558183,0.575377,480,0.286776,0.392057,2.67407,1.53859,70.2381
361,0.284475,0.0386,0.0418563,0.00558183,0.164262,480,0.286776,0.392057,9.36673,1.53859,70.2381
362,0.102502,0.0386,0.0315034,0.00558183,0.123633,480,0.286776,0.392057,12.4449,1.53859,70.2381
363,0.342708,0.0386,0.0251122,0.00558183,0.0985507,480,0.286776,0.392057,15.6122,1.53859,70.2381
364,0.122517,0.0386,0.00920597,0.00558183,0.0361281,480,0.286776,0.392057,42.5872,1.53859,70.2381
365,0.291647,0.0386,0.0535754,0.00558183,0.210252,480,0.286776,0.392057,7.31786,1.53859,70.2381
366,0.117995,0.0386,0.0508647,0.00558183,0.199614,480,0.286776,0.392057,7.70784,1.53859,70.2381
367,0.179363,0.0386,0.0109955,0.00558183,0.0431508,480,0.286776,0.392057,35.6562,1.53859,70.2381
368,0.171443,0.0386,0.0498018,0.00558183,0.195443,480,0.286776,0.392057,7.87234,1.53859,70.2381
369,0.753887,0.0386,0.045493,0.00558183,0.178534,480,0.286776,0.392057,8.61795,1.53859,70.2381
370,0.578346,0.0386,0.00736781,0.00558183,0.0289144,480,0.286776,0.392057,53.2121,1.53859,70.2381
371,0.122908,0.0386,0.00943095,0.00558183,0.037011,480,0.286776,0.392057,41.5713,1.53859,70.2381
372,0.266794,0.0386,0.0156059,0.00558183,0.0612442,480,0.286776,0.392057,25.1223,1.53859,70.2381
373,0.711456,0.0386,0.0191582,0.00558183,0.0751849,480,0.286776,0.392057,20.4641,1.53859,70.2381
374,0.32428,0.0386,0.0309722,0.00558183,0.121548,480,0.286776,0.392057,12.6583,1.53859,70.2381
375,0.270684,0.0386,0.194475,0.00558183,0.7632,480,0.286776,0.392057,2.01598,1.53859,70.2381
376,0.373332,0.0386,0.0228111,0.00558183,0.0895204,480,0.286776,0.392057,17.1871,1.53859,70.2381
377,0.370766,0.0386,0.0621123,0.00558183,0.243755,480,0.286776,0.392057,6.31206,1.53859,70.2381
378,0.79426,0.0386,0.0617353,0.00558183,0.242275,480,0.286776,0.392057,6.35061,1.53859,70.2381
379,0.366529,0.0386,0.00658073,0.00558183,0.0258255,480,0.286776,0.392057,59.5765,1.53859,70.2381
380,0.165172,0.0386,0.0136293,0.00558183,0.0534869,480,0.286776,0.392057,28.7658,1.53859,70.2381
381,0.161879,0.0386,0.0230872,0.00558183,0.0906037,480,0.286776,0.392057,16.9816,1.53859,70.2381
382,0.237006,0.0386,0.0456497,0.00558183,0.179149,480,0.286776,0.392057,8.58837,1.53859,70.2381
383,0.673261,0.0386,0.135787,0.00558183,0.532884,480,0.286776,0.392057,2.8873,1.53859,70.2381
384,0.272397,0.0386,0.00541795,0.00558183,0.0212623,480,0.286776,0.392057,72.3625,1.53859,70.2381
385,0.308756,0.0386,0.0800356,0.00558183,0.314093,480,0.286776,0.392057,4.89853,1.53859,70.2381
386,0.230638,0.0386,0.0774892,0.00558183,0.3041,480,0.286776,0.392057,5.0595,1.53859,70.2381
387,0.20324,0.0386,0.0336833,0.00558183,0.132187,480,0.286776,0.392057,11.6395,1.53859,70.2381
388,0.292302,0.0386,0.0055918,0.00558183,0.0219446,480,0.286776,0.392057,70.1128,1.53859,70.2381
389,0.262825,0.0386,0.00444532,0.00558183,0.0174453,480,0.286776,0.392057,88.1954,1.53859,70.2381
390,0.19316,0.0386,0.0953583,0.00558183,0.374226,480,0.286776,0.392057,4.11141,1.53859,70.2381
391,0.312901,0.0386,0.0290379,0.00558183,0.113957,480,0.286776,0.392057,13.5015,1.53859,70.2381
392,0.245321,0.0386,0.0318152,0.00558183,0.124856,480,0.286776,0.392057,12.3229,1.53859,70.2381
393,0.295929,0.0386,0.00844435,0.00558183,0.0331392,480,0.286776,0.392057,46.4283,1.53859,70.2381
394,0.205509,0.0386,0.0218085,0.00558183,0.0855856,480,0.286776,0.392057,17.9773,1.53859,70.2381
395,0.365474,0.0386,0.0143725,0.00558183,0.0564036,480,0.286776,0.392057,27.2783,1.53859,70.2381
396,0.445663,0.0386,0.0456244,0.00558183,0.179049,480,0.286776,0.392057,8.59314,1.53859,70.2381
397,0.221092,0.0386,0.0372249,0.00558183,0.146086,480,0.286776,0.392057,10.5321,1.53859,70.2381
398,0.140801,0.0386,0.00194468,0.00558183,0.00763173,480,0.286776,0.392057,201.605,1.53859,70.2381
399,0.275255,0.0386,0.00845565,0.00558183,0.0331835,480,0.286776,0.392057,46.3663,1.53859,70.2381
400,0.290639,0.0386,0.00607655,0.00558183,0.0238469,480,0.286776,0.392057,64.5196,1.53859,70.2381
401,0.390883,0.0386,0.0834657,0.00558183,0.327555,480,0.286776,0.392057,4.69722,1.53859,70.2381
402,0.206484,0.0386,0.0327284,0.00558183,0.12844,480,0.286776,0.392057,11.9791,1.53859,70.2381
403,0.410916,0.0386,0.0256504,0.00558183,0.100663,480,0.286776,0.392057,15.2846,1.53859,70.2381
404,0.286624,0.0386,0.018681,0.00558183,0.073312,480,0.286776,0.392057,20.987,1.53859,70.2381
405,0.16472,0.0386,0.0192939,0.00558183,0.0757172,480,0.286776,0.392057,20.3203,1.53859,70.2381
406,0.342387,0.0386,0.0194324,0.00558183,0.0762609,480,0.286776,0.392057,20.1754,1.53859,70.2381
407,0.570781,0.0386,0.0119902,0.00558183,0.0470544,480,0.286776,0.392057,32.6982,1.53859,70.2381
408,0.496713,0.0386,1.03322,0.00558183,4.05478,480,0.286776,0.392057,0.379452,1.53859,70.2381
409,0.106598,0.0386,0.021145,0.00558183,0.0829819,480,0.286776,0.392057,18.5413,1.53859,70.2381
410,0.462116,0.0386,0.00919466,0.00558183,0.0360837,480,0.286776,0.392057,42.6396,1.53859,70.2381
411,0.0415954,0.0386,0.0152251,0.00558183,0.0597497,480,0.286776,0.392057,25.7507,1.53859,70.2381
412,0.177771,0.0386,0.0564508,0.00558183,0.221537,480,0.286776,0.392057,6.94511,1.53859,70.2381
413,0.200196,0.0386,0.0275895,0.00558183,0.108273,480,0.286776,0.392057,14.2104,1.53859,70.2381
414,0.305383,0.0386,0.012701,0.00558183,0.0498439,480,0.286776,0.392057,30.8683,1.53859,70.2381
415,0.109703,0.0386,0.102872,0.00558183,0.403714,480,0.286776,0.392057,3.8111,1.53859,70.2381
416,0.0361962,0.0386,0.00703653,0.00558183,0.0276143,480,0.286776,0.392057,55.7173,1.53859,70.2381
417,0.145621,0.0386,0.348272,0.00558183,1.36677,480,0.286776,0.392057,1.12572,1.53859,70.2381
418,0.237873,0.0386,0.100966,0.00558183,0.396234,480,0.286776,0.392057,3.88304,1.53859,70.2381
419,0.168664,0.0386,0.0102572,0.00558183,0.0402537,480,0.286776,0.392057,38.2225,1.53859,70.2381
420,0.132932,0.0386,0.026344,0.00558183,0.103385,480,0.286776,0.392057,14.8822,1.53859,70.2381
421,0.135155,0.0386,0.0156715,0.00558183,0.0615015,480,0.286776,0.392057,25.0172,1.53859,70.2381
422,0.270123,0.0386,0.031403,0.00558183,0.123239,480,0.286776,0.392057,12.4847,1.53859,70.2381
423,1.00523,0.0386,0.0383791,0.00558183,0.150616,480,0.286776,0.392057,10.2154,1.53859,70.2381
424,0.292077,0.0386,0.00219808,0.00558183,0.0086262,480,0.286776,0.392057,178.363,1.53859,70.2381
425,0.138233,0.0386,0.0596727,0.00558183,0.234181,480,0.286776,0.392057,6.57012,1.53859,70.2381
426,0.3493,0.0386,0.0187941,0.00558183,0.0737561,480,0.286776,0.392057,20.8606,1.53859,70.2381
427,0.701807,0.0386,0.0464647,0.00558183,0.182347,480,0.286776,0.392057,8.43774,1.53859,70.2381
428,0.254944,0.0386,0.0339589,0.00558183,0.133269,480,0.286776,0.392057,11.545,1.53859,70.2381
429,0.500812,0.0386,0.0127431,0.00558183,0.0500091,480,0.286776,0.392057,30.7663,1.53859,70.2381
430,0.668878,0.0386,0.00520899,0.00558183,0.0204422,480,0.286776,0.392057,75.2654,1.53859,70.2381
431,0.499017,0.0386,0.114208,0.00558183,0.4482,480,0.286776,0.392057,3.43283,1.53859,70.2381
432,0.687881,0.0386,0.102295,0.00558183,0.401447,480,0.286776,0.392057,3.83262,1.53859,70.2381
433,0.310854,0.0386,0.0411595,0.00558183,0.161527,480,0.286776,0.392057,9.52531,1.53859,70.2381
434,0.232793,0.0386,0.00410938,0.00558183,0.0161269,480,0.286776,0.392057,95.4054,1.53859,70.2381
435,0.103407,0.0386,0.00517195,0.00558183,0.0202969,480,0.286776,0.392057,75.8044,1.53859,70.2381
436,0.0859494,0.0386,0.0245728,0.00558183,0.0964341,480,0.286776,0.392057,15.9549,1.53859,70.2381
437,0.647036,0.0386,0.838638,0.00558183,3.29117,480,0.286776,0.392057,0.467492,1.53859,70.2381
438,0.46129,0.0386,0.193336,0.00558183,0.758731,480,0.286776,0.392057,2.02785,1.53859,70.2381
439,0.285466,0.0386,0.0489736,0.00558183,0.192193,480,0.286776,0.392057,8.00547,1.53859,70.2381
440,0.14522,0.0386,0.00159384,0.00558183,0.00625488,480,0.286776,0.392057,245.983,1.53859,70.2381
441,0.173339,0.0386,0.211611,0.00558183,0.83045,480,0.286776,0.392057,1.85273,1.53859,70.2381
442,0.352005,0.0386,0.0432401,0.00558183,0.169692,480,0.286776,0.392057,9.06698,1.53859,70.2381
443,0.173771,0.0386,0.0144387,0.00558183,0.0566634,480,0.286776,0.392057,27.1532,1.53859,70.2381
444,0.499949,0.0386,0.00888315,0.00558183,0.0348612,480,0.286776,0.392057,44.1349,1.53859,70.2381
445,0.131847,0.0386,0.195832,0.00558183,0.768526,480,0.286776,0.392057,2.00201,1.53859,70.2381
446,0.379969,0.0386,0.0080107,0.00558183,0.0314373,480,0.286776,0.392057,48.9416,1.53859,70.2381
447,0.338233,0.0386,0.0552778,0.00558183,0.216933,480,0.286776,0.392057,7.09248,1.53859,70.2381
448,0.162187,0.0386,0.0390215,0.00558183,0.153137,480,0.286776,0.392057,10.0472,1.53859,70.2381
449,0.523554,0.0386,0.0963356,0.00558183,0.378061,480,0.286776,0.392057,4.0697,1.53859,70.2381
450,0.326185,0.0386,0.0165979,0.00558183,0.0651373,480,0.286776,0.392057,23.6208,1.53859,70.2381
451,0.304013,0.0386,0.00401866,0.00558183,0.0157709,480,0.286776,0.392057,97.5591,1.53859,70.2381
452,0.327592,0.0386,0.0435916,0.00558183,0.171072,480,0.286776,0.392057,8.99386,1.53859,70.2381
453,0.124437,0.0386,0.0440975,0.00558183,0.173057,480,0.286776,0.392057,8.89069,1.53859,70.2381
454,0.141487,0.0386,0.0119766,0.00558183,0.0470012,480,0.286776,0.392057,32.7352,1.53859,70.2381
455,0.261001,0.0386,0.00151727,0.00558183,0.00595441,480,0.286776,0.392057,258.396,1.53859,70.2381
456,0.109656,0.0386,0.0530301,0.00558183,0.208112,480,0.286776,0.392057,7.39311,1.53859,70.2381
457,0.43859,0.0386,0.0384951,0.00558183,0.151071,480,0.286776,0.392057,10.1846,1.53859,70.2381
458,0.0737901,0.0386,0.0532167,0.00558183,0.208845,480,0.286776,0.392057,7.36718,1.53859,70.2381
459,0.297833,0.0386,0.0113618,0.00558183,0.0445884,480,0.286776,0.392057,34.5066,1.53859,70.2381
460,0.0266804,0.0386,0.201185,0.00558183,0.789532,480,0.286776,0.392057,1.94874,1.53859,70.2381
461,0.367785,0.0386,0.0277492,0.00558183,0.1089,480,0.286776,0.392057,14.1286,1.53859,70.2381
462,0.137464,0.0386,0.0484485,0.00558183,0.190132,480,0.286776,0.392057,8.09223,1.53859,70.2381
463,0.473587,0.0386,0.0801636,0.00558183,0.314595,480,0.286776,0.392057,4.89071,1.53859,70.2381
464,0.583652,0.0386,0.00701308,0.00558183,0.0275223,480,0.286776,0.392057,55.9036,1.53859,70.2381
465,0.329251,0.0386,0.0531456,0.00558183,0.208566,480,0.286776,0.392057,7.37703,1.53859,70.2381
466,0.175307,0.0386,0.0359248,0.00558183,0.140984,480,0.286776,0.392057,10.9133,1.53859,70.2381
467,0.186228,0.0386,0.0544345,0.00558183,0.213624,480,0.286776,0.392057,7.20235,1.53859,70.2381
468,0.821681,0.0386,0.128338,0.00558183,0.503651,480,0.286776,0.392057,3.05488,1.53859,70.2381
469,0.630917,0.0386,0.034205,0.00558183,0.134235,480,0.286776,0.392057,11.462,1.53859,70.2381
470,0.192217,0.0386,0.214266,0.00558183,0.840868,480,0.286776,0.392057,1.82977,1.53859,70.2381
471,0.358685,0.0386,0.0503566,0.00558183,0.19762,480,0.286776,0.392057,7.78562,1.53859,70.2381
472,0.229402,0.0386,0.145346,0.00558183,0.570397,480,0.286776,0.392057,2.69741,1.53859,70.2381
473,0.248102,0.0386,0.0107745,0.00558183,0.0422836,480,0.286776,0.392057,36.3875,1.53859,70.2381
474,0.288173,0.0386,0.14246,0.00558183,0.559072,480,0.286776,0.392057,2.75205,1.53859,70.2381
475,0.152977,0.0386,0.0162577,0.00558183,0.0638022,480,0.286776,0.392057,24.1151,1.53859,70.2381
476,0.0713269,0.0386,0.00680711,0.00558183,0.0267139,480,0.286776,0.392057,57.5952,1.53859,70.2381
477,0.679353,0.0386,0.0134848,0.00558183,0.0529198,480,0.286776,0.392057,29.0741,1.53859,70.2381
478,0.130167,0.0386,0.0338448,0.00558183,0.132821,480,0.286776,0.392057,11.584,1.53859,70.2381
479,0.318374,0.0386,0.170033,0.00558183,0.667282,480,0.286776,0.392057,2.30577,1.53859,70.2381
480,0.547918,0.0386,0.0299155,0.00558183,0.117401,480,0.286776,0.392057,13.1055,1.53859,70.2381
481,0.310099,0.0386,0.0416843,0.00558183,0.163587,480,0.286776,0.392057,9.40538,1.53859,70.2381
482,0.565202,0.0386,0.0455361,0.00558183,0.178703,480,0.286776,0.392057,8.60979,1.53859,70.2381
483,0.27771,0.0386,0.0264055,0.00558183,0.103626,480,0.286776,0.392057,14.8475,1.53859,70.2381
484,0.442154,0.0386,0.0132441,0.00558183,0.0519753,480,0.286776,0.392057,29.6024,1.53859,70.2381
485,0.307183,0.0386,0.00488516,0.00558183,0.0191714,480,0.286776,0.392057,80.2547,1.53859,70.2381
486,0.523455,0.0386,0.0636547,0.00558183,0.249808,480,0.286776,0.392057,6.15912,1.53859,70.2381
487,0.152071,0.0386,0.0222228,0.00558183,0.0872117,480,0.286776,0.392057,17.6421,1.53859,70.2381
488,0.0985969,0.0386,0.00652291,0.00558183,0.0255986,480,0.286776,0.392057,60.1046,1.53859,70.2381
489,0.188915,0.0386,0.00701721,0.00558183,0.0275385,480,0.286776,0.392057,55.8707,1.53859,70.2381
490,0.447302,0.0386,0.123107,0.00558183,0.483123,480,0.286776,0.392057,3.18469,1.53859,70.2381
491,0.752805,0.0386,0.00791553,0.00558183,0.0310639,480,0.286776,0.392057,49.5301,1.53859,70.2381
492,0.164576,0.0386,0.0808554,0.00558183,0.317311,480,0.286776,0.392057,4.84886,1.53859,70.2381
493,0.157168,0.0386,0.0251765,0.00558183,0.0988032,480,0.286776,0.392057,15.5723,1.53859,70.2381
494,0.355097,0.0386,0.0713815,0.00558183,0.280131,480,0.286776,0.392057,5.49242,1.53859,70.2381
495,0.285258,0.0386,0.0111354,0.00558183,0.0437001,480,0.286776,0.392057,35.2081,1.53859,70.2381
496,0.17364,0.0386,0.011551,0.00558183,0.0453311,480,0.286776,0.392057,33.9413,1.53859,70.2381
497,0.253116,0.0386,0.0446026,0.00558183,0.175039,480,0.286776,0.392057,8.78999,1.53859,70.2381
498,0.205744,0.0386,0.0535072,0.00558183,0.209985,480,0.286776,0.392057,7.32718,1.53859,70.2381
499,0.0608409,0.0386,0.0421286,0.00558183,0.16533,480,0.286776,0.392057,9.30619,1.53859,70.2381
