PID,i_lum_F1_indiv,i_lum_k12(KA),i_lum_k23(Q/V),i_lum_k32(Q/VP),i_lum_k20(CL/V),total_mg_dose_per_occassion,DS,Q,V,CL,VP
0,0.104581,0.0386,0.114966,0.00590206,0.451175,480,0.24338,0.33164,2.88467,1.30149,56.1905
1,0.426031,0.0386,0.0123132,0.00590206,0.048322,480,0.24338,0.33164,26.9337,1.30149,56.1905
2,0.113009,0.0386,0.046229,0.00590206,0.181422,480,0.24338,0.33164,7.17385,1.30149,56.1905
3,0.71001,0.0386,0.020795,0.00590206,0.0816083,480,0.24338,0.33164,15.948,1.30149,56.1905
4,0.278394,0.0386,0.0274174,0.00590206,0.107597,480,0.24338,0.33164,12.096,1.30149,56.1905
5,0.154152,0.0386,0.183448,0.00590206,0.719927,480,0.24338,0.33164,1.80781,1.30149,56.1905
6,0.218578,0.0386,0.0929851,0.00590206,0.364913,480,0.24338,0.33164,3.56659,1.30149,56.1905
7,0.48309,0.0386,0.0873668,0.00590206,0.342864,480,0.24338,0.33164,3.79595,1.30149,56.1905
8,0.521249,0.0386,0.00232074,0.00590206,0.00910754,480,0.24338,0.33164,142.903,1.30149,56.1905
9,0.383001,0.0386,0.0417216,0.00590206,0.163733,480,0.24338,0.33164,7.94888,1.30149,56.1905
10,0.0861326,0.0386,0.0255916,0.00590206,0.100432,480,0.24338,0.33164,12.9589,1.30149,56.1905
11,0.288369,0.0386,0.0275525,0.00590206,0.108128,480,0.24338,0.33164,12.0366,1.30149,56.1905
12,0.275584,0.0386,0.210264,0.00590206,0.825165,480,0.24338,0.33164,1.57725,1.30149,56.1905
13,0.222198,0.0386,0.0121107,0.00590206,0.0475275,480,0.24338,0.33164,27.384,1.30149,56.1905
14,0.182651,0.0386,0.0159781,0.00590206,0.0627048,480,0.24338,0.33164,20.7559,1.30149,56.1905
15,0.309002,0.0386,0.0791959,0.00590206,0.310798,480,0.24338,0.33164,4.18758,1.30149,56.1905
16,0.242966,0.0386,0.0604646,0.00590206,0.237288,480,0.24338,0.33164,5.48486,1.30149,56.1905
17,0.632669,0.0386,0.011848,0.00590206,0.0464965,480,0.24338,0.33164,27.9912,1.30149,56.1905
18,0.16097,0.0386,0.0148943,0.00590206,0.0584513,480,0.24338,0.33164,22.2663,1.30149,56.1905
19,0.1214,0.0386,0.177838,0.00590206,0.697909,480,0.24338,0.33164,1.86485,1.30149,56.1905
20,0.172407,0.0386,0.0145461,0.00590206,0.0570849,480,0.24338,0.33164,22.7992,1.30149,56.1905
21,0.285513,0.0386,0.0709992,0.00590206,0.278631,480,0.24338,0.33164,4.67103,1.30149,56.1905
22,0.056129,0.0386,0.0216334,0.00590206,0.0848983,480,0.24338,0.33164,15.33,1.30149,56.1905
23,0.255015,0.0386,0.0486446,0.00590206,0.190902,480,0.24338,0.33164,6.8176,1.30149,56.1905
24,0.244515,0.0386,0.0996146,0.00590206,0.390929,480,0.24338,0.33164,3.32923,1.30149,56.1905
25,0.400469,0.0386,0.0432922,0.00590206,0.169897,480,0.24338,0.33164,7.6605,1.30149,56.1905
26,0.16232,0.0386,0.0512536,0.00590206,0.20114,480,0.24338,0.33164,6.47057,1.30149,56.1905
27,0.237562,0.0386,0.0072056,0.00590206,0.0282778,480,0.24338,0.33164,46.0253,1.30149,56.1905
28,0.364652,0.0386,0.00189763,0.00590206,0.0074471,480,0.24338,0.33164,174.765,1.30149,56.1905
29,0.118847,0.0386,0.0371361,0.00590206,0.145738,480,0.24338,0.33164,8.93039,1.30149,56.1905
30,0.205915,0.0386,0.0579584,0.00590206,0.227453,480,0.24338,0.33164,5.72203,1.30149,56.1905
31,0.0991911,0.0386,0.0635253,0.00590206,0.2493,480,0.24338,0.33164,5.22059,1.30149,56.1905
32,0.182856,0.0386,0.0153664,0.00590206,0.0603042,480,0.24338,0.33164,21.5821,1.30149,56.1905
33,0.343443,0.0386,0.0112626,0.00590206,0.044199,480,0.24338,0.33164,29.4462,1.30149,56.1905
34,0.260279,0.0386,0.0368346,0.00590206,0.144554,480,0.24338,0.33164,9.00348,1.30149,56.1905
35,0.0320367,0.0386,0.0894164,0.00590206,0.350908,480,0.24338,0.33164,3.70893,1.30149,56.1905
36,0.0652514,0.0386,0.0834962,0.00590206,0.327674,480,0.24338,0.33164,3.97191,1.30149,56.1905
37,0.295054,0.0386,0.0338575,0.00590206,0.132871,480,0.24338,0.33164,9.79517,1.30149,56.1905
38,0.414495,0.0386,0.130404,0.00590206,0.511761,480,0.24338,0.33164,2.54317,1.30149,56.1905
39,0.197566,0.0386,0.0371309,0.00590206,0.145717,480,0.24338,0.33164,8.93164,1.30149,56.1905
40,0.184838,0.0386,0.0686431,0.00590206,0.269384,480,0.24338,0.33164,4.83136,1.30149,56.1905
41,0.252815,0.0386,0.00314039,0.00590206,0.0123242,480,0.24338,0.33164,105.605,1.30149,56.1905
42,0.403771,0.0386,0.0279633,0.00590206,0.10974,480,0.24338,0.33164,11.8598,1.30149,56.1905
43,0.456392,0.0386,0.0124328,0.00590206,0.0487916,480,0.24338,0.33164,26.6745,1.30149,56.1905
44,0.328204,0.0386,0.0757098,0.00590206,0.297117,480,0.24338,0.33164,4.38041,1.30149,56.1905
45,0.160945,0.0386,0.0339493,0.00590206,0.133231,480,0.24338,0.33164,9.76868,1.30149,56.1905
46,0.263781,0.0386,0.00737372,0.00590206,0.0289375,480,0.24338,0.33164,44.9759,1.30149,56.1905
47,0.285048,0.0386,0.00885062,0.00590206,0.0347335,480,0.24338,0.33164,37.4708,1.30149,56.1905
48,0.415473,0.0386,0.0988978,0.00590206,0.388117,480,0.24338,0.33164,3.35336,1.30149,56.1905
49,0.19921,0.0386,0.0115368,0.00590206,0.045275,480,0.24338,0.33164,28.7464,1.30149,56.1905
50,0.389959,0.0386,0.0319402,0.00590206,0.125347,480,0.24338,0.33164,10.3831,1.30149,56.1905
51,0.331295,0.0386,0.0109291,0.00590206,0.0428903,480,0.24338,0.33164,30.3447,1.30149,56.1905
52,0.203307,0.0386,0.0644318,0.00590206,0.252857,480,0.24338,0.33164,5.14714,1.30149,56.1905
53,0.198533,0.0386,0.0331641,0.00590206,0.13015,480,0.24338,0.33164,9.99997,1.30149,56.1905
54,0.365876,0.0386,0.0201885,0.00590206,0.0792282,480,0.24338,0.33164,16.4271,1.30149,56.1905
55,0.263792,0.0386,0.0318542,0.00590206,0.125009,480,0.24338,0.33164,10.4112,1.30149,56.1905
56,0.127008,0.0386,0.0165518,0.00590206,0.0649561,480,0.24338,0.33164,20.0365,1.30149,56.1905
57,0.142413,0.0386,0.249092,0.00590206,0.977539,480,0.24338,0.33164,1.3314,1.30149,56.1905
58,0.0628611,0.0386,0.0605749,0.00590206,0.237721,480,0.24338,0.33164,5.47487,1.30149,56.1905
59,0.336016,0.0386,0.00800723,0.00590206,0.0314237,480,0.24338,0.33164,41.4175,1.30149,56.1905
60,0.258296,0.0386,0.195135,0.00590206,0.765792,480,0.24338,0.33164,1.69954,1.30149,56.1905
61,0.218971,0.0386,0.0340334,0.00590206,0.133561,480,0.24338,0.33164,9.74453,1.30149,56.1905
62,0.581008,0.0386,0.0155697,0.00590206,0.0611022,480,0.24338,0.33164,21.3003,1.30149,56.1905
63,0.615005,0.0386,0.0141569,0.00590206,0.0555575,480,0.24338,0.33164,23.4261,1.30149,56.1905
64,0.06543,0.0386,0.0108305,0.00590206,0.0425033,480,0.24338,0.33164,30.621,1.30149,56.1905
65,0.0977236,0.0386,0.0581503,0.00590206,0.228206,480,0.24338,0.33164,5.70315,1.30149,56.1905
66,0.385572,0.0386,0.0154591,0.00590206,0.0606681,480,0.24338,0.33164,21.4527,1.30149,56.1905
67,0.472094,0.0386,0.0526569,0.00590206,0.206648,480,0.24338,0.33164,6.29813,1.30149,56.1905
68,0.178175,0.0386,0.00783539,0.00590206,0.0307494,480,0.24338,0.33164,42.3258,1.30149,56.1905
69,0.0757115,0.0386,0.00501294,0.00590206,0.0196729,480,0.24338,0.33164,66.1567,1.30149,56.1905
70,0.333644,0.0386,0.017254,0.00590206,0.0677118,480,0.24338,0.33164,19.2211,1.30149,56.1905
71,0.135727,0.0386,0.0721471,0.00590206,0.283135,480,0.24338,0.33164,4.59671,1.30149,56.1905
72,0.125609,0.0386,0.00905823,0.00590206,0.0355483,480,0.24338,0.33164,36.612,1.30149,56.1905
73,0.155964,0.0386,0.0311588,0.00590206,0.12228,480,0.24338,0.33164,10.6435,1.30149,56.1905
74,0.175299,0.0386,0.0373025,0.00590206,0.146391,480,0.24338,0.33164,8.89055,1.30149,56.1905
75,0.277566,0.0386,0.0264078,0.00590206,0.103635,480,0.24338,0.33164,12.5584,1.30149,56.1905
76,0.434823,0.0386,0.275112,0.00590206,1.07966,480,0.24338,0.33164,1.20547,1.30149,56.1905
77,0.249032,0.0386,0.00687018,0.00590206,0.0269614,480,0.24338,0.33164,48.2724,1.30149,56.1905
78,0.387148,0.0386,0.0147603,0.00590206,0.0579258,480,0.24338,0.33164,22.4683,1.30149,56.1905
79,0.309612,0.0386,0.0486965,0.00590206,0.191105,480,0.24338,0.33164,6.81034,1.30149,56.1905
80,0.199668,0.0386,0.00857039,0.00590206,0.0336338,480,0.24338,0.33164,38.696,1.30149,56.1905
81,0.113118,0.0386,0.0069997,0.00590206,0.0274697,480,0.24338,0.33164,47.3791,1.30149,56.1905
82,0.564803,0.0386,0.0137112,0.00590206,0.0538083,480,0.24338,0.33164,24.1876,1.30149,56.1905
83,0.273122,0.0386,0.0209635,0.00590206,0.0822696,480,0.24338,0.33164,15.8199,1.30149,56.1905
84,0.10522,0.0386,0.0334791,0.00590206,0.131386,480,0.24338,0.33164,9.90586,1.30149,56.1905
85,0.444924,0.0386,0.0233312,0.00590206,0.0915614,480,0.24338,0.33164,14.2144,1.30149,56.1905
86,0.264632,0.0386,0.0148566,0.00590206,0.0583034,480,0.24338,0.33164,22.3228,1.30149,56.1905
87,0.3149,0.0386,0.141193,0.00590206,0.554099,480,0.24338,0.33164,2.34885,1.30149,56.1905
88,0.341976,0.0386,0.0182756,0.00590206,0.071721,480,0.24338,0.33164,18.1466,1.30149,56.1905
89,0.243185,0.0386,0.023428,0.00590206,0.0919413,480,0.24338,0.33164,14.1557,1.30149,56.1905
90,0.224186,0.0386,0.00693991,0.00590206,0.0272351,480,0.24338,0.33164,47.7873,1.30149,56.1905
91,0.104685,0.0386,0.147994,0.00590206,0.580788,480,0.24338,0.33164,2.24091,1.30149,56.1905
92,0.172658,0.0386,0.01765,0.00590206,0.0692658,480,0.24338,0.33164,18.7898,1.30149,56.1905
93,0.0895649,0.0386,0.0651944,0.00590206,0.25585,480,0.24338,0.33164,5.08693,1.30149,56.1905
94,0.289962,0.0386,0.0232755,0.00590206,0.0913427,480,0.24338,0.33164,14.2485,1.30149,56.1905
95,0.125022,0.0386,0.0534792,0.00590206,0.209875,480,0.24338,0.33164,6.20128,1.30149,56.1905
96,0.187799,0.0386,0.0775787,0.00590206,0.304451,480,0.24338,0.33164,4.27488,1.30149,56.1905
97,0.378513,0.0386,0.0135952,0.00590206,0.0533532,480,0.24338,0.33164,24.3939,1.30149,56.1905
98,0.311493,0.0386,0.166684,0.00590206,0.654137,480,0.24338,0.33164,1.98963,1.30149,56.1905
99,0.17209,0.0386,0.0150904,0.00590206,0.059221,480,0.24338,0.33164,21.9769,1.30149,56.1905
100,0.172775,0.0386,0.0353818,0.00590206,0.138853,480,0.24338,0.33164,9.37317,1.30149,56.1905
101,0.312363,0.0386,0.00400731,0.00590206,0.0157264,480,0.24338,0.33164,82.7587,1.30149,56.1905
102,0.211893,0.0386,0.105726,0.00590206,0.414913,480,0.24338,0.33164,3.13678,1.30149,56.1905
103,0.361921,0.0386,0.024989,0.00590206,0.0980673,480,0.24338,0.33164,13.2714,1.30149,56.1905
104,0.121718,0.0386,0.0163186,0.00590206,0.0640411,480,0.24338,0.33164,20.3228,1.30149,56.1905
105,0.503849,0.0386,0.072057,0.00590206,0.282782,480,0.24338,0.33164,4.60246,1.30149,56.1905
106,0.46718,0.0386,0.126815,0.00590206,0.497676,480,0.24338,0.33164,2.61514,1.30149,56.1905
107,0.36667,0.0386,0.160889,0.00590206,0.631397,480,0.24338,0.33164,2.06129,1.30149,56.1905
108,0.191152,0.0386,0.0339406,0.00590206,0.133197,480,0.24338,0.33164,9.77118,1.30149,56.1905
109,0.632549,0.0386,0.00513857,0.00590206,0.0201659,480,0.24338,0.33164,64.5394,1.30149,56.1905
110,0.180988,0.0386,0.0122647,0.00590206,0.0481317,480,0.24338,0.33164,27.0403,1.30149,56.1905
111,0.197869,0.0386,0.00516429,0.00590206,0.0202668,480,0.24338,0.33164,64.2179,1.30149,56.1905
112,0.488126,0.0386,0.107027,0.00590206,0.420018,480,0.24338,0.33164,3.09866,1.30149,56.1905
113,0.174516,0.0386,0.00207546,0.00590206,0.00814497,480,0.24338,0.33164,159.791,1.30149,56.1905
114,0.263081,0.0386,0.0655078,0.00590206,0.25708,480,0.24338,0.33164,5.0626,1.30149,56.1905
115,0.440426,0.0386,0.561615,0.00590206,2.20401,480,0.24338,0.33164,0.59051,1.30149,56.1905
116,0.286612,0.0386,0.063382,0.00590206,0.248737,480,0.24338,0.33164,5.2324,1.30149,56.1905
117,0.450032,0.0386,0.0134243,0.00590206,0.0526828,480,0.24338,0.33164,24.7043,1.30149,56.1905
118,0.206805,0.0386,0.00452172,0.00590206,0.0177451,480,0.24338,0.33164,73.3437,1.30149,56.1905
119,0.337617,0.0386,0.0158973,0.00590206,0.0623875,480,0.24338,0.33164,20.8614,1.30149,56.1905
120,0.22289,0.0386,0.0580806,0.00590206,0.227933,480,0.24338,0.33164,5.70999,1.30149,56.1905
121,0.267604,0.0386,0.0070081,0.00590206,0.0275027,480,0.24338,0.33164,47.3223,1.30149,56.1905
122,0.270907,0.0386,0.0334073,0.00590206,0.131104,480,0.24338,0.33164,9.92716,1.30149,56.1905
123,0.114081,0.0386,0.0286195,0.00590206,0.112315,480,0.24338,0.33164,11.5879,1.30149,56.1905
124,0.159003,0.0386,0.00937813,0.00590206,0.0368037,480,0.24338,0.33164,35.3631,1.30149,56.1905
125,0.631703,0.0386,0.0391966,0.00590206,0.153824,480,0.24338,0.33164,8.46093,1.30149,56.1905
126,0.0573824,0.0386,0.0254173,0.00590206,0.099748,480,0.24338,0.33164,13.0478,1.30149,56.1905
127,0.126085,0.0386,0.0232227,0.00590206,0.0911355,480,0.24338,0.33164,14.2809,1.30149,56.1905
128,0.298031,0.0386,0.0104256,0.00590206,0.0409145,480,0.24338,0.33164,31.81,1.30149,56.1905
129,0.3485,0.0386,0.0282733,0.00590206,0.110956,480,0.24338,0.33164,11.7298,1.30149,56.1905
130,0.306327,0.0386,0.022879,0.00590206,0.0897866,480,0.24338,0.33164,14.4954,1.30149,56.1905
131,0.130971,0.0386,0.00877087,0.00590206,0.0344206,480,0.24338,0.33164,37.8115,1.30149,56.1905
132,0.0591997,0.0386,0.00891845,0.00590206,0.0349997,480,0.24338,0.33164,37.1858,1.30149,56.1905
133,0.403349,0.0386,0.206691,0.00590206,0.811141,480,0.24338,0.33164,1.60452,1.30149,56.1905
134,0.440604,0.0386,0.0276055,0.00590206,0.108336,480,0.24338,0.33164,12.0135,1.30149,56.1905
135,0.181247,0.0386,0.136613,0.00590206,0.536125,480,0.24338,0.33164,2.42759,1.30149,56.1905
136,0.342969,0.0386,0.0142544,0.00590206,0.0559402,480,0.24338,0.33164,23.2658,1.30149,56.1905
137,0.167714,0.0386,0.0345578,0.00590206,0.135619,480,0.24338,0.33164,9.59666,1.30149,56.1905
138,0.412363,0.0386,0.0456924,0.00590206,0.179316,480,0.24338,0.33164,7.2581,1.30149,56.1905
139,0.609109,0.0386,0.0157773,0.00590206,0.0619169,480,0.24338,0.33164,21.02,1.30149,56.1905
140,0.168219,0.0386,0.034042,0.00590206,0.133595,480,0.24338,0.33164,9.74208,1.30149,56.1905
141,0.132554,0.0386,0.0820304,0.00590206,0.321921,480,0.24338,0.33164,4.04289,1.30149,56.1905
142,0.485676,0.0386,0.064582,0.00590206,0.253447,480,0.24338,0.33164,5.13517,1.30149,56.1905
143,0.0711301,0.0386,0.163233,0.00590206,0.640593,480,0.24338,0.33164,2.0317,1.30149,56.1905
144,0.255336,0.0386,0.0176948,0.00590206,0.0694417,480,0.24338,0.33164,18.7422,1.30149,56.1905
145,0.278779,0.0386,0.0213934,0.00590206,0.0839568,480,0.24338,0.33164,15.5019,1.30149,56.1905
146,0.10494,0.0386,0.0363031,0.00590206,0.142469,480,0.24338,0.33164,9.13529,1.30149,56.1905
147,0.150973,0.0386,0.0202175,0.00590206,0.0793418,480,0.24338,0.33164,16.4036,1.30149,56.1905
148,0.335205,0.0386,0.0203617,0.00590206,0.0799079,480,0.24338,0.33164,16.2874,1.30149,56.1905
149,0.371929,0.0386,0.00572081,0.00590206,0.0224509,480,0.24338,0.33164,57.9707,1.30149,56.1905
150,0.283934,0.0386,0.0213658,0.00590206,0.0838485,480,0.24338,0.33164,15.522,1.30149,56.1905
151,0.106165,0.0386,0.00781065,0.00590206,0.0306523,480,0.24338,0.33164,42.4599,1.30149,56.1905
152,0.0822736,0.0386,0.0209383,0.00590206,0.0821705,480,0.24338,0.33164,15.8389,1.30149,56.1905
153,0.0869689,0.0386,0.0114363,0.00590206,0.044881,480,0.24338,0.33164,28.9988,1.30149,56.1905
154,0.392707,0.0386,0.0356853,0.00590206,0.140044,480,0.24338,0.33164,9.29345,1.30149,56.1905
155,0.15486,0.0386,0.0179012,0.00590206,0.070252,480,0.24338,0.33164,18.5261,1.30149,56.1905
156,0.0651623,0.0386,0.0435186,0.00590206,0.170785,480,0.24338,0.33164,7.62064,1.30149,56.1905
157,0.115091,0.0386,0.0926518,0.00590206,0.363604,480,0.24338,0.33164,3.57942,1.30149,56.1905
158,0.304561,0.0386,0.0328403,0.00590206,0.128879,480,0.24338,0.33164,10.0986,1.30149,56.1905
159,0.514292,0.0386,0.0485034,0.00590206,0.190348,480,0.24338,0.33164,6.83745,1.30149,56.1905
160,0.0607992,0.0386,0.0363106,0.00590206,0.142498,480,0.24338,0.33164,9.13341,1.30149,56.1905
161,0.312442,0.0386,0.0473723,0.00590206,0.185909,480,0.24338,0.33164,7.00071,1.30149,56.1905
162,0.142441,0.0386,0.0482417,0.00590206,0.189321,480,0.24338,0.33164,6.87455,1.30149,56.1905
163,0.313602,0.0386,0.0211229,0.00590206,0.0828952,480,0.24338,0.33164,15.7005,1.30149,56.1905
164,0.0685467,0.0386,0.217965,0.00590206,0.855386,480,0.24338,0.33164,1.52153,1.30149,56.1905
165,0.214618,0.0386,0.0770818,0.00590206,0.302501,480,0.24338,0.33164,4.30244,1.30149,56.1905
166,0.224758,0.0386,0.0419447,0.00590206,0.164609,480,0.24338,0.33164,7.90659,1.30149,56.1905
167,0.222271,0.0386,0.00326944,0.00590206,0.0128307,480,0.24338,0.33164,101.436,1.30149,56.1905
168,0.482327,0.0386,0.00586334,0.00590206,0.0230102,480,0.24338,0.33164,56.5616,1.30149,56.1905
169,0.143261,0.0386,0.0161584,0.00590206,0.0634123,480,0.24338,0.33164,20.5243,1.30149,56.1905
170,0.541713,0.0386,0.267577,0.00590206,1.05008,480,0.24338,0.33164,1.23942,1.30149,56.1905
171,0.463328,0.0386,0.684685,0.00590206,2.68699,480,0.24338,0.33164,0.484369,1.30149,56.1905
172,0.292643,0.0386,0.021239,0.00590206,0.0833508,480,0.24338,0.33164,15.6146,1.30149,56.1905
173,0.112975,0.0386,0.0107371,0.00590206,0.042137,480,0.24338,0.33164,30.8872,1.30149,56.1905
174,0.147803,0.0386,0.0308336,0.00590206,0.121004,480,0.24338,0.33164,10.7558,1.30149,56.1905
175,0.15212,0.0386,0.0135107,0.00590206,0.0530217,480,0.24338,0.33164,24.5464,1.30149,56.1905
176,0.44349,0.0386,0.00863463,0.00590206,0.0338859,480,0.24338,0.33164,38.4081,1.30149,56.1905
177,0.424781,0.0386,0.0464731,0.00590206,0.18238,480,0.24338,0.33164,7.13616,1.30149,56.1905
178,0.217886,0.0386,0.071416,0.00590206,0.280266,480,0.24338,0.33164,4.64377,1.30149,56.1905
179,0.458974,0.0386,0.0348381,0.00590206,0.136719,480,0.24338,0.33164,9.51944,1.30149,56.1905
180,0.270279,0.0386,0.0711114,0.00590206,0.279071,480,0.24338,0.33164,4.66366,1.30149,56.1905
181,0.283402,0.0386,0.00758387,0.00590206,0.0297623,480,0.24338,0.33164,43.7296,1.30149,56.1905
182,0.550575,0.0386,0.019285,0.00590206,0.0756822,480,0.24338,0.33164,17.1968,1.30149,56.1905
183,0.261588,0.0386,0.0473463,0.00590206,0.185807,480,0.24338,0.33164,7.00456,1.30149,56.1905
184,0.287363,0.0386,0.144462,0.00590206,0.566928,480,0.24338,0.33164,2.29569,1.30149,56.1905
185,0.0739768,0.0386,0.499978,0.00590206,1.96212,480,0.24338,0.33164,0.663308,1.30149,56.1905
186,0.292084,0.0386,0.0905549,0.00590206,0.355375,480,0.24338,0.33164,3.66231,1.30149,56.1905
187,0.232257,0.0386,0.076603,0.00590206,0.300622,480,0.24338,0.33164,4.32933,1.30149,56.1905
188,0.148794,0.0386,0.019052,0.00590206,0.074768,480,0.24338,0.33164,17.4071,1.30149,56.1905
189,0.158321,0.0386,0.00908897,0.00590206,0.0356689,480,0.24338,0.33164,36.4882,1.30149,56.1905
190,0.122415,0.0386,0.0197651,0.00590206,0.0775664,480,0.24338,0.33164,16.7791,1.30149,56.1905
191,0.195724,0.0386,0.139375,0.00590206,0.546967,480,0.24338,0.33164,2.37947,1.30149,56.1905
192,0.0452127,0.0386,0.0305058,0.00590206,0.119717,480,0.24338,0.33164,10.8714,1.30149,56.1905
193,0.517803,0.0386,0.0784748,0.00590206,0.307968,480,0.24338,0.33164,4.22607,1.30149,56.1905
194,0.0143753,0.0386,0.0283496,0.00590206,0.111256,480,0.24338,0.33164,11.6982,1.30149,56.1905
195,0.331677,0.0386,0.053633,0.00590206,0.210478,480,0.24338,0.33164,6.1835,1.30149,56.1905
196,0.170201,0.0386,0.228531,0.00590206,0.896852,480,0.24338,0.33164,1.45118,1.30149,56.1905
197,0.299765,0.0386,0.171589,0.00590206,0.673389,480,0.24338,0.33164,1.93275,1.30149,56.1905
198,0.261021,0.0386,0.0267963,0.00590206,0.10516,480,0.24338,0.33164,12.3763,1.30149,56.1905
199,0.34078,0.0386,0.0201939,0.00590206,0.0792492,480,0.24338,0.33164,16.4228,1.30149,56.1905
200,0.597193,0.0386,0.0586725,0.00590206,0.230255,480,0.24338,0.33164,5.65239,1.30149,56.1905
201,0.449279,0.0386,0.0546296,0.00590206,0.21439,480,0.24338,0.33164,6.07069,1.30149,56.1905
202,0.1842,0.0386,0.0372573,0.00590206,0.146213,480,0.24338,0.33164,8.90134,1.30149,56.1905
203,0.268034,0.0386,0.00131202,0.00590206,0.0051489,480,0.24338,0.33164,252.771,1.30149,56.1905
204,0.239943,0.0386,0.0381615,0.00590206,0.149762,480,0.24338,0.33164,8.69044,1.30149,56.1905
205,0.461913,0.0386,0.0305603,0.00590206,0.119932,480,0.24338,0.33164,10.852,1.30149,56.1905
206,0.292173,0.0386,0.0335719,0.00590206,0.13175,480,0.24338,0.33164,9.87849,1.30149,56.1905
207,0.25653,0.0386,0.0167365,0.00590206,0.0656812,480,0.24338,0.33164,19.8153,1.30149,56.1905
208,0.40599,0.0386,0.00354014,0.00590206,0.013893,480,0.24338,0.33164,93.6798,1.30149,56.1905
209,0.321387,0.0386,0.0127125,0.00590206,0.0498893,480,0.24338,0.33164,26.0876,1.30149,56.1905
210,0.243193,0.0386,0.00839783,0.00590206,0.0329566,480,0.24338,0.33164,39.4911,1.30149,56.1905
211,0.139684,0.0386,0.0187562,0.00590206,0.0736073,480,0.24338,0.33164,17.6816,1.30149,56.1905
212,0.511329,0.0386,0.00812955,0.00590206,0.0319037,480,0.24338,0.33164,40.7944,1.30149,56.1905
213,0.151603,0.0386,0.0196053,0.00590206,0.0769392,480,0.24338,0.33164,16.9159,1.30149,56.1905
214,0.560557,0.0386,0.0446868,0.00590206,0.17537,480,0.24338,0.33164,7.42142,1.30149,56.1905
215,0.409579,0.0386,0.0333864,0.00590206,0.131022,480,0.24338,0.33164,9.93338,1.30149,56.1905
216,0.289272,0.0386,0.041653,0.00590206,0.163464,480,0.24338,0.33164,7.96196,1.30149,56.1905
217,0.0397114,0.0386,0.0143387,0.00590206,0.0562712,480,0.24338,0.33164,23.1289,1.30149,56.1905
218,0.133948,0.0386,0.025159,0.00590206,0.0987344,480,0.24338,0.33164,13.1818,1.30149,56.1905
219,0.0582129,0.0386,0.0521028,0.00590206,0.204473,480,0.24338,0.33164,6.3651,1.30149,56.1905
220,0.140188,0.0386,0.0353691,0.00590206,0.138803,480,0.24338,0.33164,9.37654,1.30149,56.1905
221,0.326551,0.0386,0.0218688,0.00590206,0.0858225,480,0.24338,0.33164,15.1649,1.30149,56.1905
222,0.319305,0.0386,0.00776846,0.00590206,0.0304867,480,0.24338,0.33164,42.6906,1.30149,56.1905
223,0.620258,0.0386,0.0384743,0.00590206,0.150989,480,0.24338,0.33164,8.61976,1.30149,56.1905
224,0.11576,0.0386,0.0484623,0.00590206,0.190186,480,0.24338,0.33164,6.84325,1.30149,56.1905
225,0.423179,0.0386,0.105034,0.00590206,0.412198,480,0.24338,0.33164,3.15745,1.30149,56.1905
226,0.280578,0.0386,0.100788,0.00590206,0.395534,480,0.24338,0.33164,3.29047,1.30149,56.1905
227,0.0604681,0.0386,0.0652521,0.00590206,0.256077,480,0.24338,0.33164,5.08244,1.30149,56.1905
228,0.121032,0.0386,0.0177852,0.00590206,0.0697968,480,0.24338,0.33164,18.6469,1.30149,56.1905
229,0.468392,0.0386,0.0240785,0.00590206,0.0944939,480,0.24338,0.33164,13.7733,1.30149,56.1905
230,0.197118,0.0386,0.0719816,0.00590206,0.282486,480,0.24338,0.33164,4.60728,1.30149,56.1905
231,0.329096,0.0386,0.0204217,0.00590206,0.0801432,480,0.24338,0.33164,16.2396,1.30149,56.1905
232,0.166275,0.0386,0.0569802,0.00590206,0.223614,480,0.24338,0.33164,5.82026,1.30149,56.1905
233,0.247817,0.0386,0.0321892,0.00590206,0.126324,480,0.24338,0.33164,10.3028,1.30149,56.1905
234,0.147233,0.0386,0.0915822,0.00590206,0.359407,480,0.24338,0.33164,3.62122,1.30149,56.1905
235,0.286128,0.0386,0.0154951,0.00590206,0.0608091,480,0.24338,0.33164,21.4029,1.30149,56.1905
236,0.0839015,0.0386,0.221738,0.00590206,0.870191,480,0.24338,0.33164,1.49564,1.30149,56.1905
237,0.259896,0.0386,0.0889599,0.00590206,0.349116,480,0.24338,0.33164,3.72797,1.30149,56.1905
238,0.411721,0.0386,0.033066,0.00590206,0.129765,480,0.24338,0.33164,10.0296,1.30149,56.1905
239,0.302766,0.0386,0.0103516,0.00590206,0.0406239,480,0.24338,0.33164,32.0376,1.30149,56.1905
240,0.371834,0.0386,0.00924065,0.00590206,0.0362642,480,0.24338,0.33164,35.8892,1.30149,56.1905
241,0.150388,0.0386,0.0340884,0.00590206,0.133777,480,0.24338,0.33164,9.72881,1.30149,56.1905
242,0.132008,0.0386,0.0187796,0.00590206,0.0736989,480,0.24338,0.33164,17.6596,1.30149,56.1905
243,0.482318,0.0386,0.00816036,0.00590206,0.0320247,480,0.24338,0.33164,40.6403,1.30149,56.1905
244,0.142179,0.0386,0.184468,0.00590206,0.723928,480,0.24338,0.33164,1.79782,1.30149,56.1905
245,0.196995,0.0386,0.0749886,0.00590206,0.294287,480,0.24338,0.33164,4.42253,1.30149,56.1905
246,0.329135,0.0386,0.0470336,0.00590206,0.184579,480,0.24338,0.33164,7.05113,1.30149,56.1905
247,0.0466368,0.0386,0.480349,0.00590206,1.88509,480,0.24338,0.33164,0.690414,1.30149,56.1905
248,0.209711,0.0386,0.0168818,0.00590206,0.0662512,480,0.24338,0.33164,19.6448,1.30149,56.1905
249,0.497442,0.0386,0.0386758,0.00590206,0.15178,480,0.24338,0.33164,8.57486,1.30149,56.1905
250,0.666871,0.0386,0.456199,0.00590206,1.79032,480,0.24338,0.33164,0.726962,1.30149,56.1905
251,0.220327,0.0386,0.00619607,0.00590206,0.024316,480,0.24338,0.33164,53.5242,1.30149,56.1905
252,0.285825,0.0386,0.0783729,0.00590206,0.307568,480,0.24338,0.33164,4.23156,1.30149,56.1905
253,0.22387,0.0386,0.160498,0.00590206,0.629863,480,0.24338,0.33164,2.06631,1.30149,56.1905
254,0.386528,0.0386,0.0208498,0.00590206,0.0818232,480,0.24338,0.33164,15.9062,1.30149,56.1905
255,0.257767,0.0386,0.034624,0.00590206,0.135879,480,0.24338,0.33164,9.57831,1.30149,56.1905
256,0.339889,0.0386,0.0900799,0.00590206,0.353511,480,0.24338,0.33164,3.68161,1.30149,56.1905
257,0.297022,0.0386,0.0285336,0.00590206,0.111978,480,0.24338,0.33164,11.6228,1.30149,56.1905
258,0.237025,0.0386,0.0479922,0.00590206,0.188341,480,0.24338,0.33164,6.91028,1.30149,56.1905
259,0.51424,0.0386,0.0234839,0.00590206,0.0921606,480,0.24338,0.33164,14.122,1.30149,56.1905
260,0.304756,0.0386,0.0155798,0.00590206,0.0611415,480,0.24338,0.33164,21.2866,1.30149,56.1905
261,0.330385,0.0386,0.0415544,0.00590206,0.163077,480,0.24338,0.33164,7.98086,1.30149,56.1905
262,0.222209,0.0386,0.0307429,0.00590206,0.120648,480,0.24338,0.33164,10.7875,1.30149,56.1905
263,0.289847,0.0386,0.0465325,0.00590206,0.182613,480,0.24338,0.33164,7.12705,1.30149,56.1905
264,0.176268,0.0386,0.0806558,0.00590206,0.316527,480,0.24338,0.33164,4.11179,1.30149,56.1905
265,0.333105,0.0386,0.0238829,0.00590206,0.0937264,480,0.24338,0.33164,13.8861,1.30149,56.1905
266,0.198684,0.0386,0.00946225,0.00590206,0.0371338,480,0.24338,0.33164,35.0487,1.30149,56.1905
267,0.15357,0.0386,0.00272297,0.00590206,0.0106861,480,0.24338,0.33164,121.793,1.30149,56.1905
268,0.819956,0.0386,0.0963001,0.00590206,0.377922,480,0.24338,0.33164,3.44381,1.30149,56.1905
269,0.214161,0.0386,0.00365429,0.00590206,0.014341,480,0.24338,0.33164,90.7535,1.30149,56.1905
270,0.136059,0.0386,0.00380699,0.00590206,0.0149402,480,0.24338,0.33164,87.1133,1.30149,56.1905
271,0.254917,0.0386,0.0276255,0.00590206,0.108414,480,0.24338,0.33164,12.0048,1.30149,56.1905
272,0.378751,0.0386,0.0506587,0.00590206,0.198806,480,0.24338,0.33164,6.54655,1.30149,56.1905
273,0.232063,0.0386,0.715791,0.00590206,2.80906,480,0.24338,0.33164,0.463319,1.30149,56.1905
274,0.239611,0.0386,0.0391181,0.00590206,0.153516,480,0.24338,0.33164,8.4779,1.30149,56.1905
275,0.108207,0.0386,0.00376555,0.00590206,0.0147776,480,0.24338,0.33164,88.0721,1.30149,56.1905
276,0.0909975,0.0386,0.16877,0.00590206,0.662323,480,0.24338,0.33164,1.96504,1.30149,56.1905
277,0.0246226,0.0386,0.0220258,0.00590206,0.0864386,480,0.24338,0.33164,15.0569,1.30149,56.1905
278,0.474814,0.0386,0.0571391,0.00590206,0.224238,480,0.24338,0.33164,5.80408,1.30149,56.1905
279,0.719835,0.0386,0.0104829,0.00590206,0.0411393,480,0.24338,0.33164,31.6363,1.30149,56.1905
280,0.227349,0.0386,0.173092,0.00590206,0.679284,480,0.24338,0.33164,1.91598,1.30149,56.1905
281,0.219727,0.0386,0.0215626,0.00590206,0.0846206,480,0.24338,0.33164,15.3803,1.30149,56.1905
282,0.403923,0.0386,0.00148703,0.00590206,0.00583574,480,0.24338,0.33164,223.021,1.30149,56.1905
283,0.0724692,0.0386,0.0533979,0.00590206,0.209556,480,0.24338,0.33164,6.21072,1.30149,56.1905
284,0.368028,0.0386,0.015692,0.00590206,0.061582,480,0.24338,0.33164,21.1343,1.30149,56.1905
285,0.0814127,0.0386,0.011921,0.00590206,0.0467829,480,0.24338,0.33164,27.8198,1.30149,56.1905
286,0.0340345,0.0386,0.0696747,0.00590206,0.273433,480,0.24338,0.33164,4.75983,1.30149,56.1905
287,0.120594,0.0386,0.0420989,0.00590206,0.165214,480,0.24338,0.33164,7.87763,1.30149,56.1905
288,0.622229,0.0386,0.00967509,0.00590206,0.0379691,480,0.24338,0.33164,34.2777,1.30149,56.1905
289,0.287423,0.0386,0.035327,0.00590206,0.138638,480,0.24338,0.33164,9.3877,1.30149,56.1905
290,0.367952,0.0386,0.0109038,0.00590206,0.0427911,480,0.24338,0.33164,30.415,1.30149,56.1905
291,0.213306,0.0386,0.0341284,0.00590206,0.133934,480,0.24338,0.33164,9.71741,1.30149,56.1905
292,0.136847,0.0386,0.00478473,0.00590206,0.0187773,480,0.24338,0.33164,69.3121,1.30149,56.1905
293,0.188645,0.0386,0.00911653,0.00590206,0.0357771,480,0.24338,0.33164,36.3778,1.30149,56.1905
294,0.154139,0.0386,0.0341712,0.00590206,0.134102,480,0.24338,0.33164,9.70523,1.30149,56.1905
295,0.237974,0.0386,0.0663915,0.00590206,0.260548,480,0.24338,0.33164,4.99522,1.30149,56.1905
296,0.314488,0.0386,0.019386,0.00590206,0.0760787,480,0.24338,0.33164,17.1072,1.30149,56.1905
297,0.49713,0.0386,0.0668092,0.00590206,0.262187,480,0.24338,0.33164,4.96399,1.30149,56.1905
298,0.245971,0.0386,0.103623,0.00590206,0.406661,480,0.24338,0.33164,3.20044,1.30149,56.1905
299,0.21032,0.0386,0.0672999,0.00590206,0.264113,480,0.24338,0.33164,4.92779,1.30149,56.1905
300,0.277619,0.0386,0.0848091,0.00590206,0.332827,480,0.24338,0.33164,3.91042,1.30149,56.1905
301,0.388676,0.0386,0.0264636,0.00590206,0.103854,480,0.24338,0.33164,12.5319,1.30149,56.1905
302,0.316783,0.0386,0.0395927,0.00590206,0.155378,480,0.24338,0.33164,8.37629,1.30149,56.1905
303,0.0322913,0.0386,0.00198112,0.00590206,0.00777476,480,0.24338,0.33164,167.4,1.30149,56.1905
304,0.196046,0.0386,0.00697288,0.00590206,0.0273645,480,0.24338,0.33164,47.5614,1.30149,56.1905
305,0.224595,0.0386,0.0681844,0.00590206,0.267584,480,0.24338,0.33164,4.86386,1.30149,56.1905
306,0.164657,0.0386,0.0115791,0.00590206,0.0454413,480,0.24338,0.33164,28.6412,1.30149,56.1905
307,0.330744,0.0386,0.00913044,0.00590206,0.0358317,480,0.24338,0.33164,36.3224,1.30149,56.1905
308,0.399473,0.0386,0.0453474,0.00590206,0.177962,480,0.24338,0.33164,7.31331,1.30149,56.1905
309,0.275579,0.0386,0.153994,0.00590206,0.604338,480,0.24338,0.33164,2.15358,1.30149,56.1905
310,0.30204,0.0386,0.0119383,0.00590206,0.0468509,480,0.24338,0.33164,27.7795,1.30149,56.1905
311,0.175501,0.0386,0.00704174,0.00590206,0.0276347,480,0.24338,0.33164,47.0963,1.30149,56.1905
312,0.413555,0.0386,0.0158698,0.00590206,0.0622797,480,0.24338,0.33164,20.8975,1.30149,56.1905
313,0.425104,0.0386,0.0217866,0.00590206,0.0854997,480,0.24338,0.33164,15.2222,1.30149,56.1905
314,0.210876,0.0386,0.0172435,0.00590206,0.0676709,480,0.24338,0.33164,19.2327,1.30149,56.1905
315,0.448834,0.0386,0.241733,0.00590206,0.948663,480,0.24338,0.33164,1.37192,1.30149,56.1905
316,0.4661,0.0386,0.113957,0.00590206,0.447214,480,0.24338,0.33164,2.91022,1.30149,56.1905
317,0.650646,0.0386,0.00400456,0.00590206,0.0157156,480,0.24338,0.33164,82.8154,1.30149,56.1905
318,0.163174,0.0386,0.032774,0.00590206,0.128619,480,0.24338,0.33164,10.119,1.30149,56.1905
319,0.350049,0.0386,0.00691755,0.00590206,0.0271474,480,0.24338,0.33164,47.9418,1.30149,56.1905
320,0.366249,0.0386,0.0119105,0.00590206,0.0467416,480,0.24338,0.33164,27.8444,1.30149,56.1905
321,0.629634,0.0386,0.0375104,0.00590206,0.147207,480,0.24338,0.33164,8.84127,1.30149,56.1905
322,0.208441,0.0386,0.0421864,0.00590206,0.165557,480,0.24338,0.33164,7.86129,1.30149,56.1905
323,0.188112,0.0386,0.0478245,0.00590206,0.187683,480,0.24338,0.33164,6.93451,1.30149,56.1905
324,0.290913,0.0386,0.0531383,0.00590206,0.208537,480,0.24338,0.33164,6.24106,1.30149,56.1905
325,0.0978589,0.0386,0.00302336,0.00590206,0.0118649,480,0.24338,0.33164,109.692,1.30149,56.1905
326,0.171909,0.0386,0.0207517,0.00590206,0.0814384,480,0.24338,0.33164,15.9813,1.30149,56.1905
327,0.0739084,0.0386,0.00988552,0.00590206,0.0387949,480,0.24338,0.33164,33.548,1.30149,56.1905
328,0.408168,0.0386,0.0415163,0.00590206,0.162928,480,0.24338,0.33164,7.98817,1.30149,56.1905
329,0.199652,0.0386,0.0358748,0.00590206,0.140788,480,0.24338,0.33164,9.24436,1.30149,56.1905
330,0.0851498,0.0386,0.0075222,0.00590206,0.0295203,480,0.24338,0.33164,44.0881,1.30149,56.1905
331,0.481914,0.0386,0.0435685,0.00590206,0.170981,480,0.24338,0.33164,7.61192,1.30149,56.1905
332,0.151166,0.0386,0.114922,0.00590206,0.451004,480,0.24338,0.33164,2.88577,1.30149,56.1905
333,0.197178,0.0386,0.0104638,0.00590206,0.0410642,480,0.24338,0.33164,31.6941,1.30149,56.1905
334,0.279799,0.0386,0.0213525,0.00590206,0.0837961,480,0.24338,0.33164,15.5317,1.30149,56.1905
335,0.699034,0.0386,0.0685174,0.00590206,0.268891,480,0.24338,0.33164,4.84022,1.30149,56.1905
336,0.131195,0.0386,0.018122,0.00590206,0.0711183,480,0.24338,0.33164,18.3004,1.30149,56.1905
337,0.203534,0.0386,0.0116947,0.00590206,0.0458951,480,0.24338,0.33164,28.358,1.30149,56.1905
338,0.31059,0.0386,0.0563505,0.00590206,0.221143,480,0.24338,0.33164,5.8853,1.30149,56.1905
339,0.190096,0.0386,0.0197948,0.00590206,0.077683,480,0.24338,0.33164,16.7539,1.30149,56.1905
340,0.500183,0.0386,0.0234321,0.00590206,0.0919573,480,0.24338,0.33164,14.1532,1.30149,56.1905
341,0.220113,0.0386,0.112616,0.00590206,0.441954,480,0.24338,0.33164,2.94486,1.30149,56.1905
342,0.287582,0.0386,0.0683328,0.00590206,0.268166,480,0.24338,0.33164,4.8533,1.30149,56.1905
343,0.601181,0.0386,0.0526532,0.00590206,0.206633,480,0.24338,0.33164,6.29857,1.30149,56.1905
344,0.32984,0.0386,0.0356259,0.00590206,0.139811,480,0.24338,0.33164,9.30894,1.30149,56.1905
345,0.257116,0.0386,0.00740209,0.00590206,0.0290489,480,0.24338,0.33164,44.8035,1.30149,56.1905
346,0.0608433,0.0386,0.00964334,0.00590206,0.0378445,480,0.24338,0.33164,34.3905,1.30149,56.1905
347,0.189258,0.0386,0.111014,0.00590206,0.435664,480,0.24338,0.33164,2.98738,1.30149,56.1905
348,0.346632,0.0386,0.0467001,0.00590206,0.183271,480,0.24338,0.33164,7.10147,1.30149,56.1905
349,0.357875,0.0386,0.00092065,0.00590206,0.00361302,480,0.24338,0.33164,360.223,1.30149,56.1905
350,0.109178,0.0386,0.080468,0.00590206,0.31579,480,0.24338,0.33164,4.12139,1.30149,56.1905
351,0.251642,0.0386,0.0607896,0.00590206,0.238564,480,0.24338,0.33164,5.45553,1.30149,56.1905
352,0.0522652,0.0386,0.00713964,0.00590206,0.0280189,480,0.24338,0.33164,46.4505,1.30149,56.1905
353,0.12318,0.0386,0.0384309,0.00590206,0.150819,480,0.24338,0.33164,8.6295,1.30149,56.1905
354,0.375415,0.0386,0.0363941,0.00590206,0.142826,480,0.24338,0.33164,9.11245,1.30149,56.1905
355,0.452251,0.0386,0.101185,0.00590206,0.397094,480,0.24338,0.33164,3.27754,1.30149,56.1905
356,0.0854611,0.0386,0.0182182,0.00590206,0.0714959,480,0.24338,0.33164,18.2037,1.30149,56.1905
357,0.302349,0.0386,0.0407362,0.00590206,0.159866,480,0.24338,0.33164,8.14116,1.30149,56.1905
358,0.242617,0.0386,0.00843042,0.00590206,0.0330845,480,0.24338,0.33164,39.3385,1.30149,56.1905
359,0.196416,0.0386,0.00819025,0.00590206,0.032142,480,0.24338,0.33164,40.492,1.30149,56.1905
360,0.207317,0.0386,0.0156247,0.00590206,0.0613178,480,0.24338,0.33164,21.2254,1.30149,56.1905
361,0.301873,0.0386,0.0331477,0.00590206,0.130086,480,0.24338,0.33164,10.0049,1.30149,56.1905
362,0.379451,0.0386,0.023268,0.00590206,0.0913132,480,0.24338,0.33164,14.2531,1.30149,56.1905
363,0.11673,0.0386,0.0241247,0.00590206,0.0946753,480,0.24338,0.33164,13.7469,1.30149,56.1905
364,0.319953,0.0386,0.0544279,0.00590206,0.213598,480,0.24338,0.33164,6.0932,1.30149,56.1905
365,0.276835,0.0386,0.010344,0.00590206,0.0405941,480,0.24338,0.33164,32.0611,1.30149,56.1905
366,0.149644,0.0386,0.16413,0.00590206,0.644115,480,0.24338,0.33164,2.02059,1.30149,56.1905
367,0.329197,0.0386,0.0132921,0.00590206,0.0521636,480,0.24338,0.33164,24.9502,1.30149,56.1905
368,0.0977595,0.0386,0.0480457,0.00590206,0.188551,480,0.24338,0.33164,6.90259,1.30149,56.1905
369,0.332109,0.0386,0.0090513,0.00590206,0.0355211,480,0.24338,0.33164,36.64,1.30149,56.1905
370,0.16912,0.0386,0.663904,0.00590206,2.60544,480,0.24338,0.33164,0.49953,1.30149,56.1905
371,0.48224,0.0386,0.104645,0.00590206,0.41067,480,0.24338,0.33164,3.1692,1.30149,56.1905
372,0.231682,0.0386,0.177503,0.00590206,0.696594,480,0.24338,0.33164,1.86837,1.30149,56.1905
373,0.479985,0.0386,0.0155198,0.00590206,0.0609061,480,0.24338,0.33164,21.3689,1.30149,56.1905
374,0.287919,0.0386,0.0528861,0.00590206,0.207547,480,0.24338,0.33164,6.27083,1.30149,56.1905
375,0.312948,0.0386,0.403248,0.00590206,1.58252,480,0.24338,0.33164,0.82242,1.30149,56.1905
376,0.184023,0.0386,0.00806224,0.00590206,0.0316396,480,0.24338,0.33164,41.1349,1.30149,56.1905
377,0.0580557,0.0386,0.082989,0.00590206,0.325684,480,0.24338,0.33164,3.99619,1.30149,56.1905
378,0.177245,0.0386,0.090981,0.00590206,0.357048,480,0.24338,0.33164,3.64515,1.30149,56.1905
379,0.338457,0.0386,0.0419937,0.00590206,0.164801,480,0.24338,0.33164,7.89736,1.30149,56.1905
380,0.162231,0.0386,0.0253146,0.00590206,0.0993452,480,0.24338,0.33164,13.1007,1.30149,56.1905
381,0.323732,0.0386,0.0214489,0.00590206,0.0841745,480,0.24338,0.33164,15.4618,1.30149,56.1905
382,0.172208,0.0386,0.117931,0.00590206,0.462811,480,0.24338,0.33164,2.81215,1.30149,56.1905
383,0.163189,0.0386,0.087175,0.00590206,0.342111,480,0.24338,0.33164,3.8043,1.30149,56.1905
384,0.185107,0.0386,0.0571176,0.00590206,0.224153,480,0.24338,0.33164,5.80626,1.30149,56.1905
385,0.207411,0.0386,0.0828486,0.00590206,0.325132,480,0.24338,0.33164,4.00296,1.30149,56.1905
386,0.132759,0.0386,0.0239479,0.00590206,0.0939814,480,0.24338,0.33164,13.8484,1.30149,56.1905
387,0.330247,0.0386,0.00603355,0.00590206,0.0236782,480,0.24338,0.33164,54.966,1.30149,56.1905
388,0.196309,0.0386,0.0147967,0.00590206,0.0580683,480,0.24338,0.33164,22.4131,1.30149,56.1905
389,0.296423,0.0386,0.0276433,0.00590206,0.108484,480,0.24338,0.33164,11.9971,1.30149,56.1905
390,0.344524,0.0386,0.0546101,0.00590206,0.214313,480,0.24338,0.33164,6.07286,1.30149,56.1905
391,0.0969564,0.0386,0.0278208,0.00590206,0.10918,480,0.24338,0.33164,11.9206,1.30149,56.1905
392,0.101823,0.0386,0.00983177,0.00590206,0.038584,480,0.24338,0.33164,33.7314,1.30149,56.1905
393,0.28729,0.0386,0.015455,0.00590206,0.0606521,480,0.24338,0.33164,21.4583,1.30149,56.1905
394,0.309775,0.0386,0.0140378,0.00590206,0.0550902,480,0.24338,0.33164,23.6248,1.30149,56.1905
395,0.302622,0.0386,0.0129021,0.00590206,0.0506334,480,0.24338,0.33164,25.7042,1.30149,56.1905
396,0.197056,0.0386,0.014954,0.00590206,0.0586856,480,0.24338,0.33164,22.1774,1.30149,56.1905
397,0.335676,0.0386,0.00298749,0.00590206,0.0117242,480,0.24338,0.33164,111.009,1.30149,56.1905
398,0.173986,0.0386,0.0306839,0.00590206,0.120416,480,0.24338,0.33164,10.8083,1.30149,56.1905
399,0.174438,0.0386,0.0123273,0.00590206,0.0483776,480,0.24338,0.33164,26.9028,1.30149,56.1905
400,0.237757,0.0386,0.0206653,0.00590206,0.0810991,480,0.24338,0.33164,16.0482,1.30149,56.1905
401,0.456281,0.0386,0.0943066,0.00590206,0.370099,480,0.24338,0.33164,3.51661,1.30149,56.1905
402,0.107477,0.0386,0.0332119,0.00590206,0.130337,480,0.24338,0.33164,9.98558,1.30149,56.1905
403,0.493492,0.0386,0.00892255,0.00590206,0.0350158,480,0.24338,0.33164,37.1687,1.30149,56.1905
404,0.125681,0.0386,0.0611959,0.00590206,0.240158,480,0.24338,0.33164,5.41931,1.30149,56.1905
405,0.109177,0.0386,0.0606462,0.00590206,0.238001,480,0.24338,0.33164,5.46843,1.30149,56.1905
406,0.222776,0.0386,0.0762972,0.00590206,0.299422,480,0.24338,0.33164,4.34668,1.30149,56.1905
407,0.312122,0.0386,0.0252164,0.00590206,0.0989596,480,0.24338,0.33164,13.1518,1.30149,56.1905
408,0.382299,0.0386,0.0727081,0.00590206,0.285337,480,0.24338,0.33164,4.56125,1.30149,56.1905
409,0.040981,0.0386,0.0537858,0.00590206,0.211078,480,0.24338,0.33164,6.16594,1.30149,56.1905
410,0.146019,0.0386,0.00760508,0.00590206,0.0298455,480,0.24338,0.33164,43.6077,1.30149,56.1905
411,0.190576,0.0386,0.00537278,0.00590206,0.021085,480,0.24338,0.33164,61.7259,1.30149,56.1905
412,0.275294,0.0386,0.0157181,0.00590206,0.0616845,480,0.24338,0.33164,21.0992,1.30149,56.1905
413,0.334862,0.0386,0.00908465,0.00590206,0.035652,480,0.24338,0.33164,36.5055,1.30149,56.1905
414,0.287943,0.0386,0.00671694,0.00590206,0.0263601,480,0.24338,0.33164,49.3736,1.30149,56.1905
415,0.261532,0.0386,0.0275809,0.00590206,0.108239,480,0.24338,0.33164,12.0243,1.30149,56.1905
416,0.399704,0.0386,0.011813,0.00590206,0.0463594,480,0.24338,0.33164,28.074,1.30149,56.1905
417,0.126275,0.0386,0.0588323,0.00590206,0.230883,480,0.24338,0.33164,5.63704,1.30149,56.1905
418,0.216678,0.0386,0.0268324,0.00590206,0.105302,480,0.24338,0.33164,12.3597,1.30149,56.1905
419,0.2766,0.0386,0.021223,0.00590206,0.0832879,480,0.24338,0.33164,15.6264,1.30149,56.1905
420,0.480018,0.0386,0.0139789,0.00590206,0.0548589,480,0.24338,0.33164,23.7244,1.30149,56.1905
421,0.153525,0.0386,0.0136998,0.00590206,0.0537639,480,0.24338,0.33164,24.2076,1.30149,56.1905
422,0.383449,0.0386,0.0148398,0.00590206,0.0582374,480,0.24338,0.33164,22.3481,1.30149,56.1905
423,0.110569,0.0386,0.040842,0.00590206,0.160281,480,0.24338,0.33164,8.12007,1.30149,56.1905
424,0.246254,0.0386,0.00946425,0.00590206,0.0371417,480,0.24338,0.33164,35.0413,1.30149,56.1905
425,0.42375,0.0386,0.0758938,0.00590206,0.297839,480,0.24338,0.33164,4.36979,1.30149,56.1905
426,0.156648,0.0386,0.0163077,0.00590206,0.0639984,480,0.24338,0.33164,20.3363,1.30149,56.1905
427,0.255895,0.0386,0.016532,0.00590206,0.0648786,480,0.24338,0.33164,20.0604,1.30149,56.1905
428,0.262441,0.0386,0.0613177,0.00590206,0.240636,480,0.24338,0.33164,5.40855,1.30149,56.1905
429,0.209213,0.0386,0.0192469,0.00590206,0.0755329,480,0.24338,0.33164,17.2308,1.30149,56.1905
430,0.1553,0.0386,0.0544678,0.00590206,0.213755,480,0.24338,0.33164,6.08872,1.30149,56.1905
431,0.503389,0.0386,0.0509766,0.00590206,0.200053,480,0.24338,0.33164,6.50573,1.30149,56.1905
432,0.144883,0.0386,0.0509182,0.00590206,0.199824,480,0.24338,0.33164,6.51319,1.30149,56.1905
433,0.102563,0.0386,0.0406747,0.00590206,0.159624,480,0.24338,0.33164,8.15347,1.30149,56.1905
434,0.382637,0.0386,0.0180074,0.00590206,0.0706686,480,0.24338,0.33164,18.4168,1.30149,56.1905
435,0.048399,0.0386,0.0544973,0.00590206,0.21387,480,0.24338,0.33164,6.08544,1.30149,56.1905
436,0.132648,0.0386,0.00585624,0.00590206,0.0229823,480,0.24338,0.33164,56.6301,1.30149,56.1905
437,0.106663,0.0386,0.0232527,0.00590206,0.0912533,480,0.24338,0.33164,14.2624,1.30149,56.1905
438,0.0502365,0.0386,0.0100491,0.00590206,0.0394367,480,0.24338,0.33164,33.0021,1.30149,56.1905
439,0.433896,0.0386,0.00951303,0.00590206,0.0373331,480,0.24338,0.33164,34.8616,1.30149,56.1905
440,0.145677,0.0386,0.0275115,0.00590206,0.107967,480,0.24338,0.33164,12.0546,1.30149,56.1905
441,0.388692,0.0386,0.110568,0.00590206,0.433916,480,0.24338,0.33164,2.99941,1.30149,56.1905
442,0.307697,0.0386,0.0114994,0.00590206,0.0451286,480,0.24338,0.33164,28.8396,1.30149,56.1905
443,0.477998,0.0386,0.0146766,0.00590206,0.057597,480,0.24338,0.33164,22.5965,1.30149,56.1905
444,0.48122,0.0386,0.00556827,0.00590206,0.0218522,480,0.24338,0.33164,59.5588,1.30149,56.1905
445,0.565678,0.0386,0.0496764,0.00590206,0.194951,480,0.24338,0.33164,6.676,1.30149,56.1905
446,0.543594,0.0386,0.0100516,0.00590206,0.0394465,480,0.24338,0.33164,32.9939,1.30149,56.1905
447,0.209173,0.0386,0.0468629,0.00590206,0.18391,480,0.24338,0.33164,7.07681,1.30149,56.1905
448,0.139519,0.0386,0.0642523,0.00590206,0.252153,480,0.24338,0.33164,5.16152,1.30149,56.1905
449,0.380556,0.0386,0.0175443,0.00590206,0.0688513,480,0.24338,0.33164,18.9029,1.30149,56.1905
450,0.33226,0.0386,0.0310407,0.00590206,0.121817,480,0.24338,0.33164,10.684,1.30149,56.1905
451,0.107018,0.0386,0.0280569,0.00590206,0.110107,480,0.24338,0.33164,11.8203,1.30149,56.1905
452,0.274713,0.0386,0.0128012,0.00590206,0.0502372,480,0.24338,0.33164,25.9069,1.30149,56.1905
453,0.525697,0.0386,0.0148856,0.00590206,0.0584173,480,0.24338,0.33164,22.2793,1.30149,56.1905
454,0.217769,0.0386,0.00589089,0.00590206,0.0231183,480,0.24338,0.33164,56.297,1.30149,56.1905
455,0.473097,0.0386,0.00764168,0.00590206,0.0299891,480,0.24338,0.33164,43.3988,1.30149,56.1905
456,0.404843,0.0386,0.35762,0.00590206,1.40345,480,0.24338,0.33164,0.927352,1.30149,56.1905
457,0.132377,0.0386,0.0331036,0.00590206,0.129912,480,0.24338,0.33164,10.0182,1.30149,56.1905
458,0.0370011,0.0386,0.0166672,0.00590206,0.0654089,480,0.24338,0.33164,19.8978,1.30149,56.1905
459,0.507378,0.0386,0.0688135,0.00590206,0.270053,480,0.24338,0.33164,4.8194,1.30149,56.1905
460,0.439944,0.0386,0.0155909,0.00590206,0.0611853,480,0.24338,0.33164,21.2713,1.30149,56.1905
461,0.457906,0.0386,0.054159,0.00590206,0.212542,480,0.24338,0.33164,6.12345,1.30149,56.1905
462,0.144112,0.0386,0.109004,0.00590206,0.427779,480,0.24338,0.33164,3.04244,1.30149,56.1905
463,0.0893168,0.0386,0.112986,0.00590206,0.443403,480,0.24338,0.33164,2.93524,1.30149,56.1905
464,0.410469,0.0386,0.137047,0.00590206,0.537829,480,0.24338,0.33164,2.4199,1.30149,56.1905
465,0.169748,0.0386,0.0166557,0.00590206,0.0653639,480,0.24338,0.33164,19.9115,1.30149,56.1905
466,0.138555,0.0386,0.0979872,0.00590206,0.384543,480,0.24338,0.33164,3.38452,1.30149,56.1905
467,0.179276,0.0386,0.0330465,0.00590206,0.129688,480,0.24338,0.33164,10.0355,1.30149,56.1905
468,0.250237,0.0386,0.0488266,0.00590206,0.191616,480,0.24338,0.33164,6.7922,1.30149,56.1905
469,0.129387,0.0386,0.0194093,0.00590206,0.0761703,480,0.24338,0.33164,17.0866,1.30149,56.1905
470,0.37388,0.0386,0.0397998,0.00590206,0.156191,480,0.24338,0.33164,8.3327,1.30149,56.1905
471,0.3642,0.0386,0.0148105,0.00590206,0.0581226,480,0.24338,0.33164,22.3922,1.30149,56.1905
472,0.368296,0.0386,0.0271634,0.00590206,0.106601,480,0.24338,0.33164,12.2091,1.30149,56.1905
473,0.251601,0.0386,0.0683678,0.00590206,0.268304,480,0.24338,0.33164,4.85082,1.30149,56.1905
474,0.251299,0.0386,0.162222,0.00590206,0.636629,480,0.24338,0.33164,2.04435,1.30149,56.1905
475,0.0893674,0.0386,0.0257456,0.00590206,0.101036,480,0.24338,0.33164,12.8814,1.30149,56.1905
476,0.24774,0.0386,0.0406475,0.00590206,0.159518,480,0.24338,0.33164,8.15891,1.30149,56.1905
477,0.231385,0.0386,0.0310574,0.00590206,0.121882,480,0.24338,0.33164,10.6783,1.30149,56.1905
478,0.567424,0.0386,0.0151217,0.00590206,0.0593437,480,0.24338,0.33164,21.9314,1.30149,56.1905
479,0.156485,0.0386,0.0714272,0.00590206,0.28031,480,0.24338,0.33164,4.64304,1.30149,56.1905
480,0.25569,0.0386,0.160068,0.00590206,0.628172,480,0.24338,0.33164,2.07187,1.30149,56.1905
481,0.663379,0.0386,0.0116689,0.00590206,0.0457935,480,0.24338,0.33164,28.4209,1.30149,56.1905
482,0.287893,0.0386,0.0190618,0.00590206,0.0748066,480,0.24338,0.33164,17.3981,1.30149,56.1905
483,0.277143,0.0386,0.0829769,0.00590206,0.325636,480,0.24338,0.33164,3.99677,1.30149,56.1905
484,0.304652,0.0386,0.0204899,0.00590206,0.0804108,480,0.24338,0.33164,16.1856,1.30149,56.1905
485,0.131027,0.0386,0.0436383,0.00590206,0.171255,480,0.24338,0.33164,7.59975,1.30149,56.1905
486,0.436502,0.0386,0.0145484,0.00590206,0.0570941,480,0.24338,0.33164,22.7956,1.30149,56.1905
487,0.276789,0.0386,0.024847,0.00590206,0.09751,480,0.24338,0.33164,13.3473,1.30149,56.1905
488,0.46821,0.0386,0.082053,0.00590206,0.32201,480,0.24338,0.33164,4.04177,1.30149,56.1905
489,0.12937,0.0386,0.0146594,0.00590206,0.0575298,480,0.24338,0.33164,22.6229,1.30149,56.1905
490,0.374635,0.0386,0.00295398,0.00590206,0.0115927,480,0.24338,0.33164,112.269,1.30149,56.1905
491,0.298222,0.0386,0.0845235,0.00590206,0.331706,480,0.24338,0.33164,3.92364,1.30149,56.1905
492,0.0782887,0.0386,0.0360225,0.00590206,0.141367,480,0.24338,0.33164,9.20647,1.30149,56.1905
493,0.235152,0.0386,0.0268582,0.00590206,0.105403,480,0.24338,0.33164,12.3478,1.30149,56.1905
494,0.437442,0.0386,0.0608636,0.00590206,0.238854,480,0.24338,0.33164,5.4489,1.30149,56.1905
495,0.597809,0.0386,0.0258156,0.00590206,0.101311,480,0.24338,0.33164,12.8465,1.30149,56.1905
496,0.254365,0.0386,0.0215113,0.00590206,0.0844193,480,0.24338,0.33164,15.417,1.30149,56.1905
497,0.0428601,0.0386,0.0153444,0.00590206,0.0602179,480,0.24338,0.33164,21.6131,1.30149,56.1905
498,0.282936,0.0386,0.0272934,0.00590206,0.107111,480,0.24338,0.33164,12.1509,1.30149,56.1905
499,0.486526,0.0386,0.0169373,0.00590206,0.0664691,480,0.24338,0.33164,19.5804,1.30149,56.1905
