PID,i_lum_F1_indiv,i_lum_k12(KA),i_lum_k23(Q/V),i_lum_k32(Q/VP),i_lum_k20(CL/V),total_mg_dose_per_occassion,DS,Q,V,CL,VP
0,0.171931,0.0386,0.0249195,0.00634218,0.0977945,360,0.24338,0.267278,10.7256,1.04891,42.1429
1,0.261712,0.0386,0.00591522,0.00634218,0.0232138,360,0.24338,0.267278,45.1847,1.04891,42.1429
2,0.319685,0.0386,0.0472793,0.00634218,0.185544,360,0.24338,0.267278,5.65316,1.04891,42.1429
3,0.070866,0.0386,0.0484521,0.00634218,0.190146,360,0.24338,0.267278,5.51632,1.04891,42.1429
4,0.137049,0.0386,0.029373,0.00634218,0.115272,360,0.24338,0.267278,9.09944,1.04891,42.1429
5,0.146352,0.0386,0.00518264,0.00634218,0.0203388,360,0.24338,0.267278,51.5717,1.04891,42.1429
6,0.360516,0.0386,0.0255135,0.00634218,0.100126,360,0.24338,0.267278,10.4759,1.04891,42.1429
7,0.135325,0.0386,0.173601,0.00634218,0.681284,360,0.24338,0.267278,1.5396,1.04891,42.1429
8,0.213061,0.0386,0.294681,0.00634218,1.15645,360,0.24338,0.267278,0.907006,1.04891,42.1429
9,0.206316,0.0386,0.0160265,0.00634218,0.0628948,360,0.24338,0.267278,16.6772,1.04891,42.1429
10,0.266992,0.0386,0.0293522,0.00634218,0.11519,360,0.24338,0.267278,9.10589,1.04891,42.1429
11,0.294571,0.0386,0.0341258,0.00634218,0.133924,360,0.24338,0.267278,7.83212,1.04891,42.1429
12,0.179665,0.0386,0.109304,0.00634218,0.428955,360,0.24338,0.267278,2.44526,1.04891,42.1429
13,0.0901873,0.0386,0.178684,0.00634218,0.701232,360,0.24338,0.267278,1.49581,1.04891,42.1429
14,0.224177,0.0386,0.0196718,0.00634218,0.0772004,360,0.24338,0.267278,13.5868,1.04891,42.1429
15,0.182953,0.0386,0.0168855,0.00634218,0.0662658,360,0.24338,0.267278,15.8288,1.04891,42.1429
16,0.197805,0.0386,0.0166549,0.00634218,0.0653609,360,0.24338,0.267278,16.048,1.04891,42.1429
17,0.335264,0.0386,0.0144296,0.00634218,0.0566277,360,0.24338,0.267278,18.5229,1.04891,42.1429
18,0.0823144,0.0386,0.0174582,0.00634218,0.0685131,360,0.24338,0.267278,15.3096,1.04891,42.1429
19,0.622649,0.0386,0.0223841,0.00634218,0.0878447,360,0.24338,0.267278,11.9405,1.04891,42.1429
20,0.244317,0.0386,0.0158051,0.00634218,0.0620259,360,0.24338,0.267278,16.9108,1.04891,42.1429
21,0.466386,0.0386,0.0302243,0.00634218,0.118613,360,0.24338,0.267278,8.84314,1.04891,42.1429
22,0.0840037,0.0386,0.0288658,0.00634218,0.113281,360,0.24338,0.267278,9.25932,1.04891,42.1429
23,0.07963,0.0386,0.022266,0.00634218,0.0873811,360,0.24338,0.267278,12.0038,1.04891,42.1429
24,0.489131,0.0386,0.0122456,0.00634218,0.0480567,360,0.24338,0.267278,21.8265,1.04891,42.1429
25,0.111692,0.0386,0.137726,0.00634218,0.540493,360,0.24338,0.267278,1.94065,1.04891,42.1429
26,0.313279,0.0386,0.0328606,0.00634218,0.128959,360,0.24338,0.267278,8.13367,1.04891,42.1429
27,0.192419,0.0386,0.482283,0.00634218,1.89268,360,0.24338,0.267278,0.554192,1.04891,42.1429
28,0.325835,0.0386,0.232921,0.00634218,0.914079,360,0.24338,0.267278,1.1475,1.04891,42.1429
29,0.176864,0.0386,0.221608,0.00634218,0.869682,360,0.24338,0.267278,1.20608,1.04891,42.1429
30,0.292305,0.0386,0.104775,0.00634218,0.41118,360,0.24338,0.267278,2.55097,1.04891,42.1429
31,0.064709,0.0386,0.0193304,0.00634218,0.0758605,360,0.24338,0.267278,13.8268,1.04891,42.1429
32,0.532939,0.0386,0.0162136,0.00634218,0.0636289,360,0.24338,0.267278,16.4848,1.04891,42.1429
33,0.181057,0.0386,0.0367516,0.00634218,0.144229,360,0.24338,0.267278,7.27254,1.04891,42.1429
34,0.271396,0.0386,0.0448847,0.00634218,0.176147,360,0.24338,0.267278,5.95475,1.04891,42.1429
35,0.138815,0.0386,0.0103964,0.00634218,0.0408,360,0.24338,0.267278,25.7085,1.04891,42.1429
36,0.0786091,0.0386,0.224144,0.00634218,0.879633,360,0.24338,0.267278,1.19244,1.04891,42.1429
37,0.0929461,0.0386,0.0383439,0.00634218,0.150478,360,0.24338,0.267278,6.97053,1.04891,42.1429
38,0.236196,0.0386,0.0246915,0.00634218,0.0968997,360,0.24338,0.267278,10.8247,1.04891,42.1429
39,0.209584,0.0386,0.0320349,0.00634218,0.125719,360,0.24338,0.267278,8.34331,1.04891,42.1429
40,0.270738,0.0386,0.0447257,0.00634218,0.175522,360,0.24338,0.267278,5.97592,1.04891,42.1429
41,0.182687,0.0386,0.00363385,0.00634218,0.0142607,360,0.24338,0.267278,73.5522,1.04891,42.1429
42,0.789153,0.0386,0.00371142,0.00634218,0.0145652,360,0.24338,0.267278,72.0149,1.04891,42.1429
43,0.174752,0.0386,0.00921305,0.00634218,0.0361559,360,0.24338,0.267278,29.0108,1.04891,42.1429
44,0.401946,0.0386,0.0777111,0.00634218,0.304971,360,0.24338,0.267278,3.43937,1.04891,42.1429
45,0.337613,0.0386,0.0525069,0.00634218,0.206059,360,0.24338,0.267278,5.09033,1.04891,42.1429
46,0.266378,0.0386,0.110616,0.00634218,0.434103,360,0.24338,0.267278,2.41627,1.04891,42.1429
47,0.238156,0.0386,0.0114869,0.00634218,0.0450795,360,0.24338,0.267278,23.268,1.04891,42.1429
48,0.134773,0.0386,0.0119514,0.00634218,0.0469023,360,0.24338,0.267278,22.3637,1.04891,42.1429
49,0.171748,0.0386,0.052163,0.00634218,0.204709,360,0.24338,0.267278,5.12389,1.04891,42.1429
50,0.226754,0.0386,0.0266424,0.00634218,0.104556,360,0.24338,0.267278,10.032,1.04891,42.1429
51,0.276449,0.0386,0.041697,0.00634218,0.163636,360,0.24338,0.267278,6.41,1.04891,42.1429
52,0.328843,0.0386,0.0577442,0.00634218,0.226612,360,0.24338,0.267278,4.62865,1.04891,42.1429
53,0.497447,0.0386,0.0607289,0.00634218,0.238326,360,0.24338,0.267278,4.40116,1.04891,42.1429
54,0.280961,0.0386,0.00183661,0.00634218,0.00720762,360,0.24338,0.267278,145.528,1.04891,42.1429
55,0.0716314,0.0386,0.0181677,0.00634218,0.0712978,360,0.24338,0.267278,14.7117,1.04891,42.1429
56,0.224064,0.0386,0.0934923,0.00634218,0.366903,360,0.24338,0.267278,2.85882,1.04891,42.1429
57,0.389398,0.0386,0.00809932,0.00634218,0.0317851,360,0.24338,0.267278,33,1.04891,42.1429
58,0.197302,0.0386,0.00478612,0.00634218,0.0187827,360,0.24338,0.267278,55.8443,1.04891,42.1429
59,0.458781,0.0386,0.0667292,0.00634218,0.261873,360,0.24338,0.267278,4.00541,1.04891,42.1429
60,0.288578,0.0386,0.00681168,0.00634218,0.0267319,360,0.24338,0.267278,39.2381,1.04891,42.1429
61,1.0953,0.0386,0.0323428,0.00634218,0.126927,360,0.24338,0.267278,8.2639,1.04891,42.1429
62,0.354753,0.0386,0.0196113,0.00634218,0.0769631,360,0.24338,0.267278,13.6287,1.04891,42.1429
63,0.0449201,0.0386,0.11542,0.00634218,0.452956,360,0.24338,0.267278,2.3157,1.04891,42.1429
64,0.166244,0.0386,0.00705394,0.00634218,0.0276826,360,0.24338,0.267278,37.8905,1.04891,42.1429
65,0.236189,0.0386,0.0411317,0.00634218,0.161418,360,0.24338,0.267278,6.4981,1.04891,42.1429
66,0.19225,0.0386,0.0997274,0.00634218,0.391372,360,0.24338,0.267278,2.68008,1.04891,42.1429
67,0.103904,0.0386,0.00754671,0.00634218,0.0296164,360,0.24338,0.267278,35.4164,1.04891,42.1429
68,0.584027,0.0386,0.0427148,0.00634218,0.167631,360,0.24338,0.267278,6.25725,1.04891,42.1429
69,0.0342732,0.0386,0.0269556,0.00634218,0.105785,360,0.24338,0.267278,9.91546,1.04891,42.1429
70,0.22763,0.0386,0.0293982,0.00634218,0.115371,360,0.24338,0.267278,9.09163,1.04891,42.1429
71,0.312937,0.0386,0.0557367,0.00634218,0.218734,360,0.24338,0.267278,4.79536,1.04891,42.1429
72,0.139775,0.0386,0.0728269,0.00634218,0.285803,360,0.24338,0.267278,3.67004,1.04891,42.1429
73,0.241489,0.0386,0.0249459,0.00634218,0.0978983,360,0.24338,0.267278,10.7143,1.04891,42.1429
74,0.387936,0.0386,0.0177682,0.00634218,0.0697297,360,0.24338,0.267278,15.0425,1.04891,42.1429
75,0.0627963,0.0386,0.0340409,0.00634218,0.133591,360,0.24338,0.267278,7.85165,1.04891,42.1429
76,0.176974,0.0386,0.275897,0.00634218,1.08274,360,0.24338,0.267278,0.968758,1.04891,42.1429
77,0.106507,0.0386,0.137015,0.00634218,0.537705,360,0.24338,0.267278,1.95071,1.04891,42.1429
78,0.464786,0.0386,0.0287229,0.00634218,0.112721,360,0.24338,0.267278,9.30537,1.04891,42.1429
79,0.198554,0.0386,0.0286848,0.00634218,0.112571,360,0.24338,0.267278,9.31773,1.04891,42.1429
80,0.144185,0.0386,0.00964006,0.00634218,0.0378316,360,0.24338,0.267278,27.7257,1.04891,42.1429
81,0.341139,0.0386,0.147678,0.00634218,0.57955,360,0.24338,0.267278,1.80987,1.04891,42.1429
82,0.379841,0.0386,0.0257963,0.00634218,0.101236,360,0.24338,0.267278,10.3611,1.04891,42.1429
83,0.385988,0.0386,0.017788,0.00634218,0.0698077,360,0.24338,0.267278,15.0257,1.04891,42.1429
84,0.291804,0.0386,0.020863,0.00634218,0.0818751,360,0.24338,0.267278,12.8111,1.04891,42.1429
85,0.217812,0.0386,0.00822729,0.00634218,0.0322873,360,0.24338,0.267278,32.4867,1.04891,42.1429
86,0.249879,0.0386,0.0119897,0.00634218,0.0470525,360,0.24338,0.267278,22.2923,1.04891,42.1429
87,0.214157,0.0386,0.0440541,0.00634218,0.172887,360,0.24338,0.267278,6.06703,1.04891,42.1429
88,0.155836,0.0386,0.0243864,0.00634218,0.0957023,360,0.24338,0.267278,10.9601,1.04891,42.1429
89,0.277363,0.0386,0.0244853,0.00634218,0.0960905,360,0.24338,0.267278,10.9158,1.04891,42.1429
90,0.250689,0.0386,0.0673347,0.00634218,0.26425,360,0.24338,0.267278,3.96939,1.04891,42.1429
91,0.128754,0.0386,0.0324854,0.00634218,0.127486,360,0.24338,0.267278,8.22761,1.04891,42.1429
92,0.219707,0.0386,0.0115479,0.00634218,0.0453188,360,0.24338,0.267278,23.1451,1.04891,42.1429
93,0.284568,0.0386,0.0429338,0.00634218,0.16849,360,0.24338,0.267278,6.22534,1.04891,42.1429
94,0.12148,0.0386,0.0422376,0.00634218,0.165758,360,0.24338,0.267278,6.32796,1.04891,42.1429
95,0.422,0.0386,0.0259449,0.00634218,0.101819,360,0.24338,0.267278,10.3017,1.04891,42.1429
96,0.164807,0.0386,0.00841698,0.00634218,0.0330317,360,0.24338,0.267278,31.7546,1.04891,42.1429
97,0.332764,0.0386,0.0284782,0.00634218,0.11176,360,0.24338,0.267278,9.38533,1.04891,42.1429
98,0.110772,0.0386,0.0191324,0.00634218,0.0750835,360,0.24338,0.267278,13.9699,1.04891,42.1429
99,0.494731,0.0386,0.00725847,0.00634218,0.0284853,360,0.24338,0.267278,36.8228,1.04891,42.1429
100,0.392123,0.0386,0.0657321,0.00634218,0.25796,360,0.24338,0.267278,4.06616,1.04891,42.1429
101,0.450619,0.0386,0.0648418,0.00634218,0.254466,360,0.24338,0.267278,4.12199,1.04891,42.1429
102,0.492331,0.0386,0.19776,0.00634218,0.776092,360,0.24338,0.267278,1.35153,1.04891,42.1429
103,0.359213,0.0386,0.124581,0.00634218,0.488907,360,0.24338,0.267278,2.14542,1.04891,42.1429
104,0.532306,0.0386,0.025734,0.00634218,0.100991,360,0.24338,0.267278,10.3862,1.04891,42.1429
105,0.275482,0.0386,0.00420577,0.00634218,0.0165052,360,0.24338,0.267278,63.5502,1.04891,42.1429
106,0.17773,0.0386,0.0664577,0.00634218,0.260808,360,0.24338,0.267278,4.02177,1.04891,42.1429
107,0.245744,0.0386,0.189187,0.00634218,0.742449,360,0.24338,0.267278,1.41277,1.04891,42.1429
108,0.614991,0.0386,0.0128375,0.00634218,0.0503797,360,0.24338,0.267278,20.8201,1.04891,42.1429
109,0.358869,0.0386,0.0569299,0.00634218,0.223417,360,0.24338,0.267278,4.69485,1.04891,42.1429
110,0.329771,0.0386,0.0217759,0.00634218,0.0854579,360,0.24338,0.267278,12.274,1.04891,42.1429
111,0.219849,0.0386,0.00213935,0.00634218,0.00839571,360,0.24338,0.267278,124.934,1.04891,42.1429
112,0.405935,0.0386,0.0186479,0.00634218,0.0731822,360,0.24338,0.267278,14.3328,1.04891,42.1429
113,0.0814156,0.0386,0.0513349,0.00634218,0.20146,360,0.24338,0.267278,5.20655,1.04891,42.1429
114,0.0658182,0.0386,0.032123,0.00634218,0.126064,360,0.24338,0.267278,8.32045,1.04891,42.1429
115,0.102601,0.0386,0.0518733,0.00634218,0.203573,360,0.24338,0.267278,5.1525,1.04891,42.1429
116,0.230076,0.0386,0.0476978,0.00634218,0.187186,360,0.24338,0.267278,5.60356,1.04891,42.1429
117,0.194288,0.0386,0.0599269,0.00634218,0.235178,360,0.24338,0.267278,4.46006,1.04891,42.1429
118,0.131615,0.0386,0.149801,0.00634218,0.587881,360,0.24338,0.267278,1.78422,1.04891,42.1429
119,0.0631201,0.0386,0.00912864,0.00634218,0.0358246,360,0.24338,0.267278,29.279,1.04891,42.1429
120,0.0862609,0.0386,0.0114005,0.00634218,0.0447405,360,0.24338,0.267278,23.4443,1.04891,42.1429
121,0.314509,0.0386,0.165844,0.00634218,0.650841,360,0.24338,0.267278,1.61162,1.04891,42.1429
122,0.122631,0.0386,0.059171,0.00634218,0.232212,360,0.24338,0.267278,4.51704,1.04891,42.1429
123,0.147377,0.0386,0.0471139,0.00634218,0.184895,360,0.24338,0.267278,5.67301,1.04891,42.1429
124,0.213771,0.0386,0.0576004,0.00634218,0.226048,360,0.24338,0.267278,4.6402,1.04891,42.1429
125,0.0471896,0.0386,0.031685,0.00634218,0.124345,360,0.24338,0.267278,8.43546,1.04891,42.1429
126,0.267875,0.0386,0.0171777,0.00634218,0.0674125,360,0.24338,0.267278,15.5596,1.04891,42.1429
127,0.0752733,0.0386,0.0117787,0.00634218,0.0462244,360,0.24338,0.267278,22.6917,1.04891,42.1429
128,0.549946,0.0386,0.00463966,0.00634218,0.018208,360,0.24338,0.267278,57.6071,1.04891,42.1429
129,0.52874,0.0386,0.0240588,0.00634218,0.0944168,360,0.24338,0.267278,11.1094,1.04891,42.1429
130,0.472045,0.0386,0.00195206,0.00634218,0.00766068,360,0.24338,0.267278,136.921,1.04891,42.1429
131,0.113071,0.0386,0.00779199,0.00634218,0.030579,360,0.24338,0.267278,34.3016,1.04891,42.1429
132,0.200822,0.0386,0.023213,0.00634218,0.0910974,360,0.24338,0.267278,11.5142,1.04891,42.1429
133,0.0797715,0.0386,0.0104442,0.00634218,0.0409873,360,0.24338,0.267278,25.5911,1.04891,42.1429
134,0.351723,0.0386,0.00765386,0.00634218,0.0300369,360,0.24338,0.267278,34.9206,1.04891,42.1429
135,0.610285,0.0386,0.150536,0.00634218,0.590767,360,0.24338,0.267278,1.7755,1.04891,42.1429
136,0.267372,0.0386,0.0296142,0.00634218,0.116218,360,0.24338,0.267278,9.02532,1.04891,42.1429
137,0.116715,0.0386,0.305227,0.00634218,1.19784,360,0.24338,0.267278,0.875668,1.04891,42.1429
138,0.117385,0.0386,0.0344795,0.00634218,0.135312,360,0.24338,0.267278,7.75177,1.04891,42.1429
139,0.0763119,0.0386,0.0418377,0.00634218,0.164189,360,0.24338,0.267278,6.38844,1.04891,42.1429
140,0.414891,0.0386,0.247455,0.00634218,0.971117,360,0.24338,0.267278,1.08011,1.04891,42.1429
141,0.264686,0.0386,0.0308527,0.00634218,0.121079,360,0.24338,0.267278,8.66303,1.04891,42.1429
142,0.301205,0.0386,0.115097,0.00634218,0.451688,360,0.24338,0.267278,2.3222,1.04891,42.1429
143,0.532737,0.0386,0.00811822,0.00634218,0.0318593,360,0.24338,0.267278,32.9231,1.04891,42.1429
144,0.12253,0.0386,0.0103376,0.00634218,0.0405692,360,0.24338,0.267278,25.8548,1.04891,42.1429
145,0.350369,0.0386,0.0135802,0.00634218,0.0532945,360,0.24338,0.267278,19.6814,1.04891,42.1429
146,0.765869,0.0386,0.00391435,0.00634218,0.0153616,360,0.24338,0.267278,68.2814,1.04891,42.1429
147,0.401041,0.0386,0.0714284,0.00634218,0.280315,360,0.24338,0.267278,3.7419,1.04891,42.1429
148,0.0426602,0.0386,0.0595944,0.00634218,0.233873,360,0.24338,0.267278,4.48494,1.04891,42.1429
149,0.280883,0.0386,0.101786,0.00634218,0.399452,360,0.24338,0.267278,2.62587,1.04891,42.1429
150,0.102257,0.0386,0.0209557,0.00634218,0.082239,360,0.24338,0.267278,12.7544,1.04891,42.1429
151,0.455531,0.0386,0.0348556,0.00634218,0.136788,360,0.24338,0.267278,7.66815,1.04891,42.1429
152,0.306815,0.0386,0.0126875,0.00634218,0.049791,360,0.24338,0.267278,21.0662,1.04891,42.1429
153,0.0529119,0.0386,0.0395782,0.00634218,0.155321,360,0.24338,0.267278,6.75316,1.04891,42.1429
154,0.257892,0.0386,0.175458,0.00634218,0.688572,360,0.24338,0.267278,1.52331,1.04891,42.1429
155,0.244165,0.0386,0.00690982,0.00634218,0.027117,360,0.24338,0.267278,38.6808,1.04891,42.1429
156,0.222745,0.0386,0.0217181,0.00634218,0.085231,360,0.24338,0.267278,12.3067,1.04891,42.1429
157,0.133662,0.0386,0.0384945,0.00634218,0.151069,360,0.24338,0.267278,6.94326,1.04891,42.1429
158,0.229868,0.0386,0.0248409,0.00634218,0.0974862,360,0.24338,0.267278,10.7596,1.04891,42.1429
159,0.304272,0.0386,0.0278217,0.00634218,0.109184,360,0.24338,0.267278,9.6068,1.04891,42.1429
160,0.117823,0.0386,0.371677,0.00634218,1.45862,360,0.24338,0.267278,0.719112,1.04891,42.1429
161,0.297004,0.0386,0.0409135,0.00634218,0.160562,360,0.24338,0.267278,6.53274,1.04891,42.1429
162,0.0303044,0.0386,0.012675,0.00634218,0.0497422,360,0.24338,0.267278,21.0869,1.04891,42.1429
163,0.348026,0.0386,0.00968136,0.00634218,0.0379937,360,0.24338,0.267278,27.6074,1.04891,42.1429
164,0.297707,0.0386,0.0342953,0.00634218,0.134589,360,0.24338,0.267278,7.79342,1.04891,42.1429
165,0.290501,0.0386,0.693897,0.00634218,2.72314,360,0.24338,0.267278,0.385183,1.04891,42.1429
166,0.0718842,0.0386,0.133393,0.00634218,0.52349,360,0.24338,0.267278,2.00368,1.04891,42.1429
167,0.220342,0.0386,0.0154819,0.00634218,0.0607574,360,0.24338,0.267278,17.2639,1.04891,42.1429
168,0.429934,0.0386,0.00859818,0.00634218,0.0337429,360,0.24338,0.267278,31.0854,1.04891,42.1429
169,0.106894,0.0386,0.126323,0.00634218,0.495744,360,0.24338,0.267278,2.11583,1.04891,42.1429
170,0.252262,0.0386,0.0311808,0.00634218,0.122366,360,0.24338,0.267278,8.57187,1.04891,42.1429
171,0.113056,0.0386,0.00791892,0.00634218,0.0310772,360,0.24338,0.267278,33.7518,1.04891,42.1429
172,0.301213,0.0386,0.0268282,0.00634218,0.105285,360,0.24338,0.267278,9.96255,1.04891,42.1429
173,0.323635,0.0386,0.025304,0.00634218,0.0993035,360,0.24338,0.267278,10.5627,1.04891,42.1429
174,0.235507,0.0386,0.32878,0.00634218,1.29027,360,0.24338,0.267278,0.812936,1.04891,42.1429
175,0.419137,0.0386,0.0377307,0.00634218,0.148071,360,0.24338,0.267278,7.08381,1.04891,42.1429
176,0.234613,0.0386,0.00543828,0.00634218,0.0213421,360,0.24338,0.267278,49.1474,1.04891,42.1429
177,0.301521,0.0386,0.0208045,0.00634218,0.0816456,360,0.24338,0.267278,12.8471,1.04891,42.1429
178,0.306546,0.0386,0.141565,0.00634218,0.555562,360,0.24338,0.267278,1.88801,1.04891,42.1429
179,0.104047,0.0386,0.0656119,0.00634218,0.257489,360,0.24338,0.267278,4.07361,1.04891,42.1429
180,0.120185,0.0386,0.00786334,0.00634218,0.030859,360,0.24338,0.267278,33.9903,1.04891,42.1429
181,0.206537,0.0386,0.0274902,0.00634218,0.107883,360,0.24338,0.267278,9.72266,1.04891,42.1429
182,0.541678,0.0386,0.0260081,0.00634218,0.102067,360,0.24338,0.267278,10.2767,1.04891,42.1429
183,0.152215,0.0386,0.0192684,0.00634218,0.0756175,360,0.24338,0.267278,13.8713,1.04891,42.1429
184,0.24196,0.0386,0.0117,0.00634218,0.0459158,360,0.24338,0.267278,22.8442,1.04891,42.1429
185,0.0804865,0.0386,0.0114921,0.00634218,0.0450997,360,0.24338,0.267278,23.2576,1.04891,42.1429
186,0.171215,0.0386,0.0662616,0.00634218,0.260038,360,0.24338,0.267278,4.03367,1.04891,42.1429
187,0.319532,0.0386,0.0134715,0.00634218,0.0528678,360,0.24338,0.267278,19.8402,1.04891,42.1429
188,0.374676,0.0386,0.0262307,0.00634218,0.10294,360,0.24338,0.267278,10.1895,1.04891,42.1429
189,0.100054,0.0386,0.355301,0.00634218,1.39435,360,0.24338,0.267278,0.752257,1.04891,42.1429
190,0.166278,0.0386,0.0423462,0.00634218,0.166184,360,0.24338,0.267278,6.31172,1.04891,42.1429
191,0.733709,0.0386,0.100958,0.00634218,0.396202,360,0.24338,0.267278,2.64741,1.04891,42.1429
192,0.241171,0.0386,0.0211015,0.00634218,0.0828113,360,0.24338,0.267278,12.6663,1.04891,42.1429
193,0.465816,0.0386,0.0142468,0.00634218,0.0559105,360,0.24338,0.267278,18.7605,1.04891,42.1429
194,0.54802,0.0386,0.0429735,0.00634218,0.168646,360,0.24338,0.267278,6.21959,1.04891,42.1429
195,0.165485,0.0386,0.0396688,0.00634218,0.155677,360,0.24338,0.267278,6.73773,1.04891,42.1429
196,0.355983,0.0386,0.0431539,0.00634218,0.169354,360,0.24338,0.267278,6.19359,1.04891,42.1429
197,0.275753,0.0386,0.012496,0.00634218,0.0490395,360,0.24338,0.267278,21.3891,1.04891,42.1429
198,0.104356,0.0386,0.0269391,0.00634218,0.10572,360,0.24338,0.267278,9.92153,1.04891,42.1429
199,0.228789,0.0386,0.062444,0.00634218,0.245056,360,0.24338,0.267278,4.28028,1.04891,42.1429
200,0.367752,0.0386,0.0364336,0.00634218,0.142981,360,0.24338,0.267278,7.33601,1.04891,42.1429
201,0.0526479,0.0386,0.00853973,0.00634218,0.0335135,360,0.24338,0.267278,31.2981,1.04891,42.1429
202,0.187702,0.0386,0.00647607,0.00634218,0.0254148,360,0.24338,0.267278,41.2716,1.04891,42.1429
203,0.11778,0.0386,0.0845022,0.00634218,0.331622,360,0.24338,0.267278,3.16297,1.04891,42.1429
204,0.263253,0.0386,0.0609604,0.00634218,0.239234,360,0.24338,0.267278,4.38444,1.04891,42.1429
205,0.15808,0.0386,0.0602319,0.00634218,0.236375,360,0.24338,0.267278,4.43747,1.04891,42.1429
206,0.289904,0.0386,0.0149643,0.00634218,0.058726,360,0.24338,0.267278,17.8611,1.04891,42.1429
207,0.0566721,0.0386,0.0846291,0.00634218,0.33212,360,0.24338,0.267278,3.15822,1.04891,42.1429
208,0.355084,0.0386,0.181307,0.00634218,0.711524,360,0.24338,0.267278,1.47417,1.04891,42.1429
209,0.080667,0.0386,0.105359,0.00634218,0.413472,360,0.24338,0.267278,2.53683,1.04891,42.1429
210,0.301566,0.0386,0.126007,0.00634218,0.494505,360,0.24338,0.267278,2.12113,1.04891,42.1429
211,0.241016,0.0386,0.00827176,0.00634218,0.0324618,360,0.24338,0.267278,32.3121,1.04891,42.1429
212,0.226785,0.0386,0.401678,0.00634218,1.57635,360,0.24338,0.267278,0.665402,1.04891,42.1429
213,0.0621505,0.0386,0.0297182,0.00634218,0.116627,360,0.24338,0.267278,8.99372,1.04891,42.1429
214,0.141158,0.0386,0.0150382,0.00634218,0.0590162,360,0.24338,0.267278,17.7732,1.04891,42.1429
215,0.0992726,0.0386,0.0171639,0.00634218,0.0673582,360,0.24338,0.267278,15.5721,1.04891,42.1429
216,0.308008,0.0386,0.116232,0.00634218,0.456143,360,0.24338,0.267278,2.29952,1.04891,42.1429
217,0.0528038,0.0386,0.0640786,0.00634218,0.251471,360,0.24338,0.267278,4.17109,1.04891,42.1429
218,0.0391492,0.0386,0.00382605,0.00634218,0.015015,360,0.24338,0.267278,69.8573,1.04891,42.1429
219,0.413374,0.0386,0.0240112,0.00634218,0.0942298,360,0.24338,0.267278,11.1314,1.04891,42.1429
220,0.278192,0.0386,0.0401724,0.00634218,0.157653,360,0.24338,0.267278,6.65327,1.04891,42.1429
221,0.189701,0.0386,0.0189488,0.00634218,0.074363,360,0.24338,0.267278,14.1052,1.04891,42.1429
222,0.259472,0.0386,0.0594673,0.00634218,0.233375,360,0.24338,0.267278,4.49453,1.04891,42.1429
223,0.338383,0.0386,0.0699028,0.00634218,0.274328,360,0.24338,0.267278,3.82356,1.04891,42.1429
224,0.267227,0.0386,0.0271306,0.00634218,0.106472,360,0.24338,0.267278,9.85152,1.04891,42.1429
225,0.353265,0.0386,0.074966,0.00634218,0.294198,360,0.24338,0.267278,3.56532,1.04891,42.1429
226,0.592677,0.0386,0.0122135,0.00634218,0.0479309,360,0.24338,0.267278,21.8838,1.04891,42.1429
227,0.262395,0.0386,0.0738347,0.00634218,0.289758,360,0.24338,0.267278,3.61995,1.04891,42.1429
228,0.203395,0.0386,0.0631979,0.00634218,0.248015,360,0.24338,0.267278,4.22921,1.04891,42.1429
229,0.107397,0.0386,0.501218,0.00634218,1.96699,360,0.24338,0.267278,0.533256,1.04891,42.1429
230,0.140674,0.0386,0.0271076,0.00634218,0.106381,360,0.24338,0.267278,9.85989,1.04891,42.1429
231,0.44404,0.0386,0.0498979,0.00634218,0.19582,360,0.24338,0.267278,5.35649,1.04891,42.1429
232,0.346996,0.0386,0.0252269,0.00634218,0.0990009,360,0.24338,0.267278,10.5949,1.04891,42.1429
233,0.088476,0.0386,0.00963753,0.00634218,0.0378217,360,0.24338,0.267278,27.733,1.04891,42.1429
234,0.107716,0.0386,0.0160953,0.00634218,0.0631645,360,0.24338,0.267278,16.606,1.04891,42.1429
235,0.700977,0.0386,0.0519248,0.00634218,0.203775,360,0.24338,0.267278,5.14739,1.04891,42.1429
236,0.403427,0.0386,0.15268,0.00634218,0.599182,360,0.24338,0.267278,1.75057,1.04891,42.1429
237,0.432574,0.0386,0.179637,0.00634218,0.704972,360,0.24338,0.267278,1.48787,1.04891,42.1429
238,0.292833,0.0386,0.136046,0.00634218,0.533903,360,0.24338,0.267278,1.96461,1.04891,42.1429
239,0.13768,0.0386,0.0979961,0.00634218,0.384578,360,0.24338,0.267278,2.72743,1.04891,42.1429
240,0.248703,0.0386,0.0245772,0.00634218,0.0964511,360,0.24338,0.267278,10.875,1.04891,42.1429
241,0.418082,0.0386,0.00422038,0.00634218,0.0165625,360,0.24338,0.267278,63.3302,1.04891,42.1429
242,0.0741413,0.0386,0.0748725,0.00634218,0.293831,360,0.24338,0.267278,3.56977,1.04891,42.1429
243,0.147743,0.0386,0.0203458,0.00634218,0.0798456,360,0.24338,0.267278,13.1367,1.04891,42.1429
244,0.374805,0.0386,0.0113723,0.00634218,0.0446297,360,0.24338,0.267278,23.5025,1.04891,42.1429
245,0.503084,0.0386,0.066313,0.00634218,0.26024,360,0.24338,0.267278,4.03055,1.04891,42.1429
246,0.496622,0.0386,0.0145909,0.00634218,0.0572607,360,0.24338,0.267278,18.3181,1.04891,42.1429
247,0.167656,0.0386,0.072903,0.00634218,0.286102,360,0.24338,0.267278,3.66621,1.04891,42.1429
248,0.532419,0.0386,0.200393,0.00634218,0.786427,360,0.24338,0.267278,1.33377,1.04891,42.1429
249,0.157559,0.0386,0.0347726,0.00634218,0.136462,360,0.24338,0.267278,7.68645,1.04891,42.1429
250,0.321666,0.0386,0.0802779,0.00634218,0.315044,360,0.24338,0.267278,3.3294,1.04891,42.1429
251,0.266851,0.0386,0.0318219,0.00634218,0.124882,360,0.24338,0.267278,8.39918,1.04891,42.1429
252,0.0599362,0.0386,0.0594302,0.00634218,0.233229,360,0.24338,0.267278,4.49734,1.04891,42.1429
253,0.411352,0.0386,0.078586,0.00634218,0.308404,360,0.24338,0.267278,3.40108,1.04891,42.1429
254,0.393978,0.0386,0.00699766,0.00634218,0.0274617,360,0.24338,0.267278,38.1953,1.04891,42.1429
255,0.344747,0.0386,0.0534081,0.00634218,0.209596,360,0.24338,0.267278,5.00444,1.04891,42.1429
256,0.122379,0.0386,0.00735412,0.00634218,0.0288606,360,0.24338,0.267278,36.3439,1.04891,42.1429
257,0.523745,0.0386,0.0487797,0.00634218,0.191432,360,0.24338,0.267278,5.47928,1.04891,42.1429
258,0.282788,0.0386,0.0565794,0.00634218,0.222041,360,0.24338,0.267278,4.72393,1.04891,42.1429
259,0.482322,0.0386,0.00516678,0.00634218,0.0202766,360,0.24338,0.267278,51.73,1.04891,42.1429
260,0.248139,0.0386,0.0028391,0.00634218,0.0111418,360,0.24338,0.267278,94.1416,1.04891,42.1429
261,0.196495,0.0386,0.0613603,0.00634218,0.240803,360,0.24338,0.267278,4.35587,1.04891,42.1429
262,0.23419,0.0386,0.0747623,0.00634218,0.293398,360,0.24338,0.267278,3.57503,1.04891,42.1429
263,0.132297,0.0386,0.0151992,0.00634218,0.0596479,360,0.24338,0.267278,17.585,1.04891,42.1429
264,0.138678,0.0386,0.119335,0.00634218,0.468322,360,0.24338,0.267278,2.23972,1.04891,42.1429
265,0.157353,0.0386,0.0726689,0.00634218,0.285183,360,0.24338,0.267278,3.67802,1.04891,42.1429
266,0.139296,0.0386,0.0580496,0.00634218,0.227811,360,0.24338,0.267278,4.60429,1.04891,42.1429
267,0.399003,0.0386,0.0248053,0.00634218,0.0973464,360,0.24338,0.267278,10.775,1.04891,42.1429
268,0.144731,0.0386,0.00425952,0.00634218,0.0167162,360,0.24338,0.267278,62.7482,1.04891,42.1429
269,0.412391,0.0386,0.0243321,0.00634218,0.0954894,360,0.24338,0.267278,10.9846,1.04891,42.1429
270,0.240709,0.0386,0.115425,0.00634218,0.452978,360,0.24338,0.267278,2.31559,1.04891,42.1429
271,0.302475,0.0386,0.034838,0.00634218,0.136719,360,0.24338,0.267278,7.67201,1.04891,42.1429
272,0.134729,0.0386,0.0137043,0.00634218,0.0537815,360,0.24338,0.267278,19.5031,1.04891,42.1429
273,0.239881,0.0386,0.0812833,0.00634218,0.31899,360,0.24338,0.267278,3.28822,1.04891,42.1429
274,0.295562,0.0386,0.0143337,0.00634218,0.0562513,360,0.24338,0.267278,18.6468,1.04891,42.1429
275,0.133316,0.0386,0.0376211,0.00634218,0.147641,360,0.24338,0.267278,7.10445,1.04891,42.1429
276,0.231975,0.0386,0.145225,0.00634218,0.569926,360,0.24338,0.267278,1.84043,1.04891,42.1429
277,0.0625956,0.0386,0.0824811,0.00634218,0.32369,360,0.24338,0.267278,3.24047,1.04891,42.1429
278,0.351537,0.0386,0.00982575,0.00634218,0.0385603,360,0.24338,0.267278,27.2018,1.04891,42.1429
279,0.162033,0.0386,0.0146673,0.00634218,0.0575605,360,0.24338,0.267278,18.2227,1.04891,42.1429
280,0.174858,0.0386,0.0955334,0.00634218,0.374913,360,0.24338,0.267278,2.79774,1.04891,42.1429
281,0.426739,0.0386,0.00894556,0.00634218,0.0351061,360,0.24338,0.267278,29.8782,1.04891,42.1429
282,0.203427,0.0386,0.0300727,0.00634218,0.118018,360,0.24338,0.267278,8.88772,1.04891,42.1429
283,0.410881,0.0386,0.0359965,0.00634218,0.141265,360,0.24338,0.267278,7.4251,1.04891,42.1429
284,0.125093,0.0386,0.0350342,0.00634218,0.137489,360,0.24338,0.267278,7.62905,1.04891,42.1429
285,0.346342,0.0386,0.0780041,0.00634218,0.306121,360,0.24338,0.267278,3.42645,1.04891,42.1429
286,0.050775,0.0386,0.0348035,0.00634218,0.136583,360,0.24338,0.267278,7.67962,1.04891,42.1429
287,0.206765,0.0386,0.0342131,0.00634218,0.134266,360,0.24338,0.267278,7.81214,1.04891,42.1429
288,0.281507,0.0386,0.0117857,0.00634218,0.0462521,360,0.24338,0.267278,22.6781,1.04891,42.1429
289,0.496822,0.0386,0.033529,0.00634218,0.131582,360,0.24338,0.267278,7.97154,1.04891,42.1429
290,0.212686,0.0386,0.0257123,0.00634218,0.100906,360,0.24338,0.267278,10.3949,1.04891,42.1429
291,0.298738,0.0386,0.0255039,0.00634218,0.100088,360,0.24338,0.267278,10.4799,1.04891,42.1429
292,0.906277,0.0386,0.021296,0.00634218,0.0835745,360,0.24338,0.267278,12.5506,1.04891,42.1429
293,0.250929,0.0386,0.0391919,0.00634218,0.153806,360,0.24338,0.267278,6.81971,1.04891,42.1429
294,0.476153,0.0386,0.00274468,0.00634218,0.0107713,360,0.24338,0.267278,97.3802,1.04891,42.1429
295,0.245776,0.0386,0.0842374,0.00634218,0.330583,360,0.24338,0.267278,3.17291,1.04891,42.1429
296,0.340958,0.0386,0.0146822,0.00634218,0.0576192,360,0.24338,0.267278,18.2041,1.04891,42.1429
297,0.0781905,0.0386,0.0164156,0.00634218,0.0644216,360,0.24338,0.267278,16.282,1.04891,42.1429
298,0.177799,0.0386,0.215611,0.00634218,0.846148,360,0.24338,0.267278,1.23963,1.04891,42.1429
299,0.325089,0.0386,0.0470189,0.00634218,0.184522,360,0.24338,0.267278,5.68447,1.04891,42.1429
300,0.0696317,0.0386,0.0531598,0.00634218,0.208621,360,0.24338,0.267278,5.02781,1.04891,42.1429
301,0.344862,0.0386,0.0625066,0.00634218,0.245302,360,0.24338,0.267278,4.27599,1.04891,42.1429
302,0.156561,0.0386,0.00770191,0.00634218,0.0302255,360,0.24338,0.267278,34.7028,1.04891,42.1429
303,0.176973,0.0386,0.153141,0.00634218,0.600988,360,0.24338,0.267278,1.74531,1.04891,42.1429
304,0.188393,0.0386,0.0163835,0.00634218,0.0642957,360,0.24338,0.267278,16.3138,1.04891,42.1429
305,0.0716755,0.0386,0.00855022,0.00634218,0.0335546,360,0.24338,0.267278,31.2597,1.04891,42.1429
306,0.254761,0.0386,0.037583,0.00634218,0.147492,360,0.24338,0.267278,7.11165,1.04891,42.1429
307,0.341411,0.0386,0.191207,0.00634218,0.750377,360,0.24338,0.267278,1.39784,1.04891,42.1429
308,0.215938,0.0386,0.0901336,0.00634218,0.353722,360,0.24338,0.267278,2.96535,1.04891,42.1429
309,0.10305,0.0386,0.0264596,0.00634218,0.103839,360,0.24338,0.267278,10.1013,1.04891,42.1429
310,0.246811,0.0386,0.04064,0.00634218,0.159488,360,0.24338,0.267278,6.57671,1.04891,42.1429
311,0.0356957,0.0386,0.0038687,0.00634218,0.0151824,360,0.24338,0.267278,69.0872,1.04891,42.1429
312,0.51807,0.0386,0.016508,0.00634218,0.0647843,360,0.24338,0.267278,16.1908,1.04891,42.1429
313,0.144888,0.0386,0.120381,0.00634218,0.472424,360,0.24338,0.267278,2.22027,1.04891,42.1429
314,0.3822,0.0386,0.00804714,0.00634218,0.0315804,360,0.24338,0.267278,33.214,1.04891,42.1429
315,0.296519,0.0386,0.0284973,0.00634218,0.111835,360,0.24338,0.267278,9.37903,1.04891,42.1429
316,0.134453,0.0386,0.0138874,0.00634218,0.0544998,360,0.24338,0.267278,19.2461,1.04891,42.1429
317,0.333351,0.0386,0.00870946,0.00634218,0.0341796,360,0.24338,0.267278,30.6882,1.04891,42.1429
318,0.133845,0.0386,0.0211822,0.00634218,0.0831277,360,0.24338,0.267278,12.618,1.04891,42.1429
319,0.327558,0.0386,0.0140427,0.00634218,0.0551096,360,0.24338,0.267278,19.0331,1.04891,42.1429
320,0.086474,0.0386,0.0538276,0.00634218,0.211242,360,0.24338,0.267278,4.96544,1.04891,42.1429
321,0.144438,0.0386,0.0694203,0.00634218,0.272434,360,0.24338,0.267278,3.85013,1.04891,42.1429
322,0.439976,0.0386,0.108304,0.00634218,0.425032,360,0.24338,0.267278,2.46784,1.04891,42.1429
323,0.0968075,0.0386,0.0207094,0.00634218,0.0812722,360,0.24338,0.267278,12.9061,1.04891,42.1429
324,0.355565,0.0386,0.0138122,0.00634218,0.0542049,360,0.24338,0.267278,19.3508,1.04891,42.1429
325,0.219327,0.0386,0.0389501,0.00634218,0.152857,360,0.24338,0.267278,6.86204,1.04891,42.1429
326,0.173169,0.0386,0.0400582,0.00634218,0.157205,360,0.24338,0.267278,6.67223,1.04891,42.1429
327,0.120832,0.0386,0.0154509,0.00634218,0.0606358,360,0.24338,0.267278,17.2985,1.04891,42.1429
328,0.620509,0.0386,0.0311133,0.00634218,0.122102,360,0.24338,0.267278,8.59045,1.04891,42.1429
329,0.0282004,0.0386,0.0559845,0.00634218,0.219707,360,0.24338,0.267278,4.77414,1.04891,42.1429
330,0.111341,0.0386,0.0254684,0.00634218,0.0999486,360,0.24338,0.267278,10.4945,1.04891,42.1429
331,0.369256,0.0386,0.0422222,0.00634218,0.165698,360,0.24338,0.267278,6.33026,1.04891,42.1429
332,0.238441,0.0386,0.121643,0.00634218,0.477379,360,0.24338,0.267278,2.19723,1.04891,42.1429
333,0.535366,0.0386,0.0438982,0.00634218,0.172275,360,0.24338,0.267278,6.08858,1.04891,42.1429
334,0.125621,0.0386,0.115521,0.00634218,0.453353,360,0.24338,0.267278,2.31367,1.04891,42.1429
335,0.2874,0.0386,0.0375852,0.00634218,0.1475,360,0.24338,0.267278,7.11124,1.04891,42.1429
336,0.400894,0.0386,0.394116,0.00634218,1.54668,360,0.24338,0.267278,0.67817,1.04891,42.1429
337,0.299329,0.0386,0.0477353,0.00634218,0.187333,360,0.24338,0.267278,5.59916,1.04891,42.1429
338,0.360497,0.0386,0.0143642,0.00634218,0.0563711,360,0.24338,0.267278,18.6072,1.04891,42.1429
339,0.0876469,0.0386,0.104707,0.00634218,0.410916,360,0.24338,0.267278,2.55261,1.04891,42.1429
340,0.175721,0.0386,0.0164702,0.00634218,0.0646361,360,0.24338,0.267278,16.2279,1.04891,42.1429
341,0.642034,0.0386,0.0258305,0.00634218,0.10137,360,0.24338,0.267278,10.3474,1.04891,42.1429
342,0.192147,0.0386,0.0214458,0.00634218,0.0841622,360,0.24338,0.267278,12.4629,1.04891,42.1429
343,0.190055,0.0386,0.204693,0.00634218,0.803301,360,0.24338,0.267278,1.30575,1.04891,42.1429
344,0.227241,0.0386,0.0189734,0.00634218,0.0744597,360,0.24338,0.267278,14.0869,1.04891,42.1429
345,0.240702,0.0386,0.0414021,0.00634218,0.162479,360,0.24338,0.267278,6.45566,1.04891,42.1429
346,0.293715,0.0386,0.0358987,0.00634218,0.140882,360,0.24338,0.267278,7.44532,1.04891,42.1429
347,0.170214,0.0386,0.102714,0.00634218,0.403094,360,0.24338,0.267278,2.60214,1.04891,42.1429
348,0.507593,0.0386,0.183639,0.00634218,0.720676,360,0.24338,0.267278,1.45545,1.04891,42.1429
349,0.152539,0.0386,0.00672495,0.00634218,0.0263915,360,0.24338,0.267278,39.7442,1.04891,42.1429
350,0.109135,0.0386,0.0389351,0.00634218,0.152798,360,0.24338,0.267278,6.86469,1.04891,42.1429
351,0.248808,0.0386,0.0807269,0.00634218,0.316806,360,0.24338,0.267278,3.31089,1.04891,42.1429
352,0.0588,0.0386,0.00591486,0.00634218,0.0232124,360,0.24338,0.267278,45.1875,1.04891,42.1429
353,0.361155,0.0386,0.019341,0.00634218,0.0759021,360,0.24338,0.267278,13.8192,1.04891,42.1429
354,0.103899,0.0386,0.0225581,0.00634218,0.0885274,360,0.24338,0.267278,11.8484,1.04891,42.1429
355,0.113705,0.0386,0.0260395,0.00634218,0.10219,360,0.24338,0.267278,10.2643,1.04891,42.1429
356,0.112013,0.0386,0.0111579,0.00634218,0.0437882,360,0.24338,0.267278,23.9541,1.04891,42.1429
357,0.259796,0.0386,0.053156,0.00634218,0.208606,360,0.24338,0.267278,5.02818,1.04891,42.1429
358,0.69263,0.0386,0.0536676,0.00634218,0.210614,360,0.24338,0.267278,4.98024,1.04891,42.1429
359,0.376886,0.0386,0.236408,0.00634218,0.927763,360,0.24338,0.267278,1.13058,1.04891,42.1429
360,0.37502,0.0386,0.0378294,0.00634218,0.148458,360,0.24338,0.267278,7.06533,1.04891,42.1429
361,0.263264,0.0386,0.107892,0.00634218,0.423413,360,0.24338,0.267278,2.47727,1.04891,42.1429
362,0.359673,0.0386,0.0212207,0.00634218,0.083279,360,0.24338,0.267278,12.5951,1.04891,42.1429
363,0.164925,0.0386,0.152501,0.00634218,0.59848,360,0.24338,0.267278,1.75262,1.04891,42.1429
364,0.0566866,0.0386,0.0268061,0.00634218,0.105199,360,0.24338,0.267278,9.97076,1.04891,42.1429
365,0.208335,0.0386,0.110221,0.00634218,0.432552,360,0.24338,0.267278,2.42493,1.04891,42.1429
366,0.167007,0.0386,0.0300022,0.00634218,0.117741,360,0.24338,0.267278,8.90861,1.04891,42.1429
367,0.304966,0.0386,0.0101348,0.00634218,0.0397732,360,0.24338,0.267278,26.3722,1.04891,42.1429
368,0.117865,0.0386,0.0497898,0.00634218,0.195396,360,0.24338,0.267278,5.36812,1.04891,42.1429
369,0.245672,0.0386,0.0189452,0.00634218,0.0743488,360,0.24338,0.267278,14.108,1.04891,42.1429
370,0.484062,0.0386,0.0409996,0.00634218,0.1609,360,0.24338,0.267278,6.51903,1.04891,42.1429
371,0.648075,0.0386,0.484581,0.00634218,1.9017,360,0.24338,0.267278,0.551564,1.04891,42.1429
372,0.449848,0.0386,0.0173616,0.00634218,0.0681341,360,0.24338,0.267278,15.3948,1.04891,42.1429
373,0.123098,0.0386,0.0500618,0.00634218,0.196464,360,0.24338,0.267278,5.33895,1.04891,42.1429
374,0.199602,0.0386,0.0197525,0.00634218,0.077517,360,0.24338,0.267278,13.5313,1.04891,42.1429
375,0.211409,0.0386,0.0142963,0.00634218,0.0561046,360,0.24338,0.267278,18.6956,1.04891,42.1429
376,0.147893,0.0386,0.0955656,0.00634218,0.37504,360,0.24338,0.267278,2.7968,1.04891,42.1429
377,0.157255,0.0386,0.0428171,0.00634218,0.168032,360,0.24338,0.267278,6.2423,1.04891,42.1429
378,0.447695,0.0386,0.0144653,0.00634218,0.0567677,360,0.24338,0.267278,18.4772,1.04891,42.1429
379,0.522508,0.0386,0.0702405,0.00634218,0.275653,360,0.24338,0.267278,3.80518,1.04891,42.1429
380,0.278252,0.0386,0.0355103,0.00634218,0.139357,360,0.24338,0.267278,7.52676,1.04891,42.1429
381,0.213501,0.0386,0.0402874,0.00634218,0.158105,360,0.24338,0.267278,6.63426,1.04891,42.1429
382,0.0185998,0.0386,0.0314694,0.00634218,0.123499,360,0.24338,0.267278,8.49326,1.04891,42.1429
383,0.302456,0.0386,0.00485018,0.00634218,0.0190341,360,0.24338,0.267278,55.1067,1.04891,42.1429
384,0.0633389,0.0386,0.0372024,0.00634218,0.145998,360,0.24338,0.267278,7.18442,1.04891,42.1429
385,0.313802,0.0386,0.00910716,0.00634218,0.0357403,360,0.24338,0.267278,29.3481,1.04891,42.1429
386,0.304122,0.0386,0.0408876,0.00634218,0.16046,360,0.24338,0.267278,6.53689,1.04891,42.1429
387,0.468197,0.0386,0.0376974,0.00634218,0.147941,360,0.24338,0.267278,7.09007,1.04891,42.1429
388,0.416633,0.0386,0.0100809,0.00634218,0.0395618,360,0.24338,0.267278,26.5132,1.04891,42.1429
389,0.390415,0.0386,0.0707153,0.00634218,0.277517,360,0.24338,0.267278,3.77963,1.04891,42.1429
390,0.145532,0.0386,0.0250094,0.00634218,0.0981474,360,0.24338,0.267278,10.6871,1.04891,42.1429
391,0.175677,0.0386,0.101293,0.00634218,0.397515,360,0.24338,0.267278,2.63866,1.04891,42.1429
392,0.30644,0.0386,0.0615024,0.00634218,0.241361,360,0.24338,0.267278,4.3458,1.04891,42.1429
393,0.338849,0.0386,0.0440253,0.00634218,0.172774,360,0.24338,0.267278,6.071,1.04891,42.1429
394,0.359269,0.0386,0.0958606,0.00634218,0.376197,360,0.24338,0.267278,2.78819,1.04891,42.1429
395,0.41949,0.0386,0.0171721,0.00634218,0.0673906,360,0.24338,0.267278,15.5646,1.04891,42.1429
396,0.161585,0.0386,0.0158754,0.00634218,0.0623018,360,0.24338,0.267278,16.8359,1.04891,42.1429
397,0.202623,0.0386,0.0958499,0.00634218,0.376155,360,0.24338,0.267278,2.7885,1.04891,42.1429
398,0.461989,0.0386,0.0747515,0.00634218,0.293356,360,0.24338,0.267278,3.57555,1.04891,42.1429
399,0.202691,0.0386,0.0876462,0.00634218,0.34396,360,0.24338,0.267278,3.0495,1.04891,42.1429
400,0.382258,0.0386,0.0160541,0.00634218,0.0630031,360,0.24338,0.267278,16.6485,1.04891,42.1429
401,0.155493,0.0386,0.112657,0.00634218,0.442115,360,0.24338,0.267278,2.37248,1.04891,42.1429
402,0.251867,0.0386,0.0372328,0.00634218,0.146117,360,0.24338,0.267278,7.17855,1.04891,42.1429
403,0.30895,0.0386,0.0520618,0.00634218,0.204312,360,0.24338,0.267278,5.13385,1.04891,42.1429
404,0.37242,0.0386,0.115107,0.00634218,0.451729,360,0.24338,0.267278,2.32199,1.04891,42.1429
405,0.265479,0.0386,0.028203,0.00634218,0.11068,360,0.24338,0.267278,9.47693,1.04891,42.1429
406,0.604275,0.0386,0.0138367,0.00634218,0.0543012,360,0.24338,0.267278,19.3165,1.04891,42.1429
407,0.248165,0.0386,0.0498151,0.00634218,0.195495,360,0.24338,0.267278,5.3654,1.04891,42.1429
408,0.186586,0.0386,0.0201055,0.00634218,0.0789025,360,0.24338,0.267278,13.2937,1.04891,42.1429
409,0.347915,0.0386,0.0464407,0.00634218,0.182253,360,0.24338,0.267278,5.75525,1.04891,42.1429
410,0.263186,0.0386,0.0122633,0.00634218,0.0481262,360,0.24338,0.267278,21.795,1.04891,42.1429
411,0.611781,0.0386,0.0492085,0.00634218,0.193115,360,0.24338,0.267278,5.43153,1.04891,42.1429
412,0.418395,0.0386,0.0183647,0.00634218,0.0720709,360,0.24338,0.267278,14.5538,1.04891,42.1429
413,0.203116,0.0386,0.0212895,0.00634218,0.083549,360,0.24338,0.267278,12.5544,1.04891,42.1429
414,0.198055,0.0386,0.0937713,0.00634218,0.367998,360,0.24338,0.267278,2.85031,1.04891,42.1429
415,0.22266,0.0386,0.137144,0.00634218,0.53821,360,0.24338,0.267278,1.94888,1.04891,42.1429
416,0.203831,0.0386,0.0266255,0.00634218,0.10449,360,0.24338,0.267278,10.0384,1.04891,42.1429
417,0.194523,0.0386,0.00414089,0.00634218,0.0162506,360,0.24338,0.267278,64.546,1.04891,42.1429
418,0.188612,0.0386,0.045248,0.00634218,0.177572,360,0.24338,0.267278,5.90694,1.04891,42.1429
419,0.349897,0.0386,0.00862302,0.00634218,0.0338403,360,0.24338,0.267278,30.9958,1.04891,42.1429
420,0.375912,0.0386,0.0322548,0.00634218,0.126581,360,0.24338,0.267278,8.28645,1.04891,42.1429
421,0.198189,0.0386,0.0251106,0.00634218,0.0985445,360,0.24338,0.267278,10.644,1.04891,42.1429
422,0.129851,0.0386,0.034408,0.00634218,0.135031,360,0.24338,0.267278,7.76789,1.04891,42.1429
423,0.279717,0.0386,0.0380779,0.00634218,0.149434,360,0.24338,0.267278,7.01923,1.04891,42.1429
424,0.279139,0.0386,0.0215876,0.00634218,0.0847188,360,0.24338,0.267278,12.3811,1.04891,42.1429
425,0.132932,0.0386,0.336973,0.00634218,1.32242,360,0.24338,0.267278,0.793171,1.04891,42.1429
426,0.217708,0.0386,0.0552307,0.00634218,0.216749,360,0.24338,0.267278,4.83929,1.04891,42.1429
427,0.262515,0.0386,0.00302913,0.00634218,0.0118876,360,0.24338,0.267278,88.2358,1.04891,42.1429
428,0.325033,0.0386,0.0449469,0.00634218,0.176391,360,0.24338,0.267278,5.94651,1.04891,42.1429
429,0.308027,0.0386,0.0139979,0.00634218,0.0549335,360,0.24338,0.267278,19.0942,1.04891,42.1429
430,0.525638,0.0386,0.0436857,0.00634218,0.171441,360,0.24338,0.267278,6.11819,1.04891,42.1429
431,0.164988,0.0386,0.0829055,0.00634218,0.325356,360,0.24338,0.267278,3.22388,1.04891,42.1429
432,0.419119,0.0386,0.0600313,0.00634218,0.235588,360,0.24338,0.267278,4.45231,1.04891,42.1429
433,0.266539,0.0386,0.00210703,0.00634218,0.00826887,360,0.24338,0.267278,126.85,1.04891,42.1429
434,0.414036,0.0386,0.0257185,0.00634218,0.10093,360,0.24338,0.267278,10.3924,1.04891,42.1429
435,0.110203,0.0386,0.63032,0.00634218,2.47364,360,0.24338,0.267278,0.424034,1.04891,42.1429
436,0.138609,0.0386,0.0479049,0.00634218,0.187999,360,0.24338,0.267278,5.57933,1.04891,42.1429
437,0.324724,0.0386,0.0106231,0.00634218,0.0416895,360,0.24338,0.267278,25.16,1.04891,42.1429
438,0.563024,0.0386,0.0155255,0.00634218,0.0609285,360,0.24338,0.267278,17.2154,1.04891,42.1429
439,0.435883,0.0386,0.169764,0.00634218,0.666225,360,0.24338,0.267278,1.57441,1.04891,42.1429
440,0.319526,0.0386,0.0168552,0.00634218,0.0661468,360,0.24338,0.267278,15.8573,1.04891,42.1429
441,0.11218,0.0386,0.0394151,0.00634218,0.154681,360,0.24338,0.267278,6.78109,1.04891,42.1429
442,0.519319,0.0386,0.0791277,0.00634218,0.31053,360,0.24338,0.267278,3.3778,1.04891,42.1429
443,0.470038,0.0386,0.0396142,0.00634218,0.155463,360,0.24338,0.267278,6.74702,1.04891,42.1429
444,0.367009,0.0386,0.0318251,0.00634218,0.124895,360,0.24338,0.267278,8.39832,1.04891,42.1429
445,0.0526716,0.0386,0.0109431,0.00634218,0.0429454,360,0.24338,0.267278,24.4242,1.04891,42.1429
446,0.478532,0.0386,0.0826155,0.00634218,0.324218,360,0.24338,0.267278,3.2352,1.04891,42.1429
447,0.292348,0.0386,0.00740396,0.00634218,0.0290562,360,0.24338,0.267278,36.0993,1.04891,42.1429
448,0.164981,0.0386,0.0786848,0.00634218,0.308792,360,0.24338,0.267278,3.39681,1.04891,42.1429
449,0.36976,0.0386,0.0331712,0.00634218,0.130178,360,0.24338,0.267278,8.05752,1.04891,42.1429
450,0.0765737,0.0386,0.157035,0.00634218,0.616271,360,0.24338,0.267278,1.70203,1.04891,42.1429
451,0.129348,0.0386,0.194352,0.00634218,0.762717,360,0.24338,0.267278,1.37523,1.04891,42.1429
452,0.270036,0.0386,0.059894,0.00634218,0.235049,360,0.24338,0.267278,4.46251,1.04891,42.1429
453,0.205655,0.0386,0.0276179,0.00634218,0.108384,360,0.24338,0.267278,9.67769,1.04891,42.1429
454,0.397665,0.0386,0.0341452,0.00634218,0.134,360,0.24338,0.267278,7.82767,1.04891,42.1429
455,0.21337,0.0386,0.0370744,0.00634218,0.145495,360,0.24338,0.267278,7.20922,1.04891,42.1429
456,0.0781551,0.0386,0.0403433,0.00634218,0.158324,360,0.24338,0.267278,6.62507,1.04891,42.1429
457,0.465808,0.0386,0.0162297,0.00634218,0.0636921,360,0.24338,0.267278,16.4684,1.04891,42.1429
458,0.14793,0.0386,0.0321746,0.00634218,0.126267,360,0.24338,0.267278,8.30709,1.04891,42.1429
459,0.171208,0.0386,0.07124,0.00634218,0.279576,360,0.24338,0.267278,3.75179,1.04891,42.1429
460,0.098385,0.0386,0.00577736,0.00634218,0.0226728,360,0.24338,0.267278,46.263,1.04891,42.1429
461,0.400949,0.0386,0.0553431,0.00634218,0.21719,360,0.24338,0.267278,4.82946,1.04891,42.1429
462,0.179058,0.0386,0.0751354,0.00634218,0.294863,360,0.24338,0.267278,3.55728,1.04891,42.1429
463,0.108233,0.0386,0.295574,0.00634218,1.15995,360,0.24338,0.267278,0.904267,1.04891,42.1429
464,0.535056,0.0386,0.381195,0.00634218,1.49597,360,0.24338,0.267278,0.701158,1.04891,42.1429
465,0.147755,0.0386,0.0819518,0.00634218,0.321613,360,0.24338,0.267278,3.2614,1.04891,42.1429
466,0.0342789,0.0386,0.0178699,0.00634218,0.0701288,360,0.24338,0.267278,14.9569,1.04891,42.1429
467,0.231646,0.0386,0.0113016,0.00634218,0.0443523,360,0.24338,0.267278,23.6495,1.04891,42.1429
468,0.223791,0.0386,0.00940517,0.00634218,0.0369098,360,0.24338,0.267278,28.4182,1.04891,42.1429
469,0.341721,0.0386,0.116781,0.00634218,0.458297,360,0.24338,0.267278,2.28871,1.04891,42.1429
470,0.293376,0.0386,0.0310229,0.00634218,0.121747,360,0.24338,0.267278,8.61548,1.04891,42.1429
471,0.25993,0.0386,0.0166921,0.00634218,0.065507,360,0.24338,0.267278,16.0122,1.04891,42.1429
472,0.315403,0.0386,0.0159916,0.00634218,0.0627575,360,0.24338,0.267278,16.7137,1.04891,42.1429
473,0.157456,0.0386,0.00757953,0.00634218,0.0297452,360,0.24338,0.267278,35.2631,1.04891,42.1429
474,0.145265,0.0386,0.0146781,0.00634218,0.0576032,360,0.24338,0.267278,18.2092,1.04891,42.1429
475,0.402296,0.0386,0.00318254,0.00634218,0.0124896,360,0.24338,0.267278,83.9824,1.04891,42.1429
476,0.36533,0.0386,0.148918,0.00634218,0.584415,360,0.24338,0.267278,1.7948,1.04891,42.1429
477,0.337282,0.0386,0.0347075,0.00634218,0.136207,360,0.24338,0.267278,7.70086,1.04891,42.1429
478,0.194149,0.0386,0.0213794,0.00634218,0.0839016,360,0.24338,0.267278,12.5017,1.04891,42.1429
479,0.34096,0.0386,0.0436426,0.00634218,0.171272,360,0.24338,0.267278,6.12424,1.04891,42.1429
480,0.144026,0.0386,0.272625,0.00634218,1.06989,360,0.24338,0.267278,0.980386,1.04891,42.1429
481,0.376295,0.0386,0.0179705,0.00634218,0.0705239,360,0.24338,0.267278,14.8731,1.04891,42.1429
482,0.583352,0.0386,0.00761911,0.00634218,0.0299006,360,0.24338,0.267278,35.0799,1.04891,42.1429
483,0.273664,0.0386,0.00657877,0.00634218,0.0258178,360,0.24338,0.267278,40.6273,1.04891,42.1429
484,0.110449,0.0386,0.104528,0.00634218,0.410212,360,0.24338,0.267278,2.55699,1.04891,42.1429
485,0.340728,0.0386,0.0265556,0.00634218,0.104215,360,0.24338,0.267278,10.0648,1.04891,42.1429
486,0.483732,0.0386,0.0465951,0.00634218,0.182859,360,0.24338,0.267278,5.73618,1.04891,42.1429
487,0.482295,0.0386,0.099574,0.00634218,0.39077,360,0.24338,0.267278,2.68421,1.04891,42.1429
488,0.190905,0.0386,0.0279409,0.00634218,0.109652,360,0.24338,0.267278,9.5658,1.04891,42.1429
489,0.238119,0.0386,0.0469078,0.00634218,0.184086,360,0.24338,0.267278,5.69793,1.04891,42.1429
490,0.174385,0.0386,0.00878577,0.00634218,0.034479,360,0.24338,0.267278,30.4216,1.04891,42.1429
491,0.093169,0.0386,0.0978469,0.00634218,0.383992,360,0.24338,0.267278,2.73159,1.04891,42.1429
492,0.40109,0.0386,0.0594413,0.00634218,0.233273,360,0.24338,0.267278,4.4965,1.04891,42.1429
493,0.643954,0.0386,0.0234436,0.00634218,0.0920024,360,0.24338,0.267278,11.4009,1.04891,42.1429
494,0.289577,0.0386,0.00589376,0.00634218,0.0231296,360,0.24338,0.267278,45.3492,1.04891,42.1429
495,0.304947,0.0386,0.0267892,0.00634218,0.105132,360,0.24338,0.267278,9.97706,1.04891,42.1429
496,0.199426,0.0386,0.0616955,0.00634218,0.242119,360,0.24338,0.267278,4.33221,1.04891,42.1429
497,0.0596843,0.0386,0.0582723,0.00634218,0.228685,360,0.24338,0.267278,4.5867,1.04891,42.1429
498,0.318773,0.0386,0.0204982,0.00634218,0.0804436,360,0.24338,0.267278,13.0391,1.04891,42.1429
499,0.255959,0.0386,0.025323,0.00634218,0.0993782,360,0.24338,0.267278,10.5547,1.04891,42.1429
