-0,0
1.31839e-15,1
5.61726e-12,2
3.37772e-10,3
3.66099e-09,4
1.58846e-08,5
3.93414e-08,6
6.71654e-08,7
8.84104e-08,8
9.63926e-08,9
9.13632e-08,10
7.78824e-08,11
6.11971e-08,12
2.73008e-06,13
2.55224e-05,14
0.00010151,15
0.000237554,16
0.000390025,17
0.000499524,18
0.000534339,19
0.000499888,20
0.000422393,21
0.000329962,22
0.000242461,23
0.000169812,24
0.00146498,25
0.00535559,26
0.0113751,27
0.0171225,28
0.0207369,29
0.0217473,30
0.0205595,31
0.0179113,32
0.0145668,33
0.0111591,34
0.00811497,35
0.00564472,36
0.0232299,37
0.046655,38
0.0654022,39
0.0766895,40
0.081298,41
0.0806411,42
0.0760367,43
0.0686185,44
0.0593831,45
0.0492443,46
0.0390537,47
0.0295696,48
0.0682584,49
0.0990501,50
0.118445,51
0.128514,52
0.131524,53
0.129231,54
0.122942,55
0.11366,56
0.1022,57
0.0892694,58
0.0755406,59
0.06169,60
0.106467,61
0.136633,62
0.154385,63
0.162967,64
0.164815,65
0.161631,66
0.154621,67
0.144677,68
0.132505,69
0.118697,70
0.10379,71
0.0883116,72
0.0728169,73
0.0579102,74
0.0442238,75
0.0323364,76
0.022641,77
0.0152352,78
0.00991665,79
0.00629208,80
0.00392015,81
0.0024126,82
0.00147325,83
0.000895437,84
0.000542861,85
0.000328748,86
0.000199059,87
0.000120597,88
7.31363e-05,89
4.44141e-05,90
2.70154e-05,91
1.64624e-05,92
1.00517e-05,93
6.15039e-06,94
3.77172e-06,95
2.31843e-06,96
1.42858e-06,97
8.82488e-07,98
5.46565e-07,99
3.39419e-07,100
2.11359e-07,101
1.31986e-07,102
8.26584e-08,103
5.19187e-08,104
3.27088e-08,105
2.06699e-08,106
1.3103e-08,107
8.33272e-09,108
5.31632e-09,109
3.40306e-09,110
2.18568e-09,111
1.40859e-09,112
9.10934e-10,113
5.91178e-10,114
3.85036e-10,115
2.51684e-10,116
1.65122e-10,117
1.08736e-10,118
7.18741e-11,119
4.76902e-11,120
3.17659e-11,121
2.12415e-11,122
1.42601e-11,123
9.6114e-12,124
6.50423e-12,125
4.41942e-12,126
3.01515e-12,127
2.06558e-12,128
1.42094e-12,129
9.81581e-13,130
6.80923e-13,131
4.74357e-13,132
3.31864e-13,133
2.33165e-13,134
1.64521e-13,135
1.16587e-13,136
8.29753e-14,137
5.9309e-14,138
4.25771e-14,139
3.06977e-14,140
2.22276e-14,141
1.61676e-14,142
1.181e-14,143
8.66437e-15,144
6.38378e-15,145
4.72307e-15,146
3.51108e-15,147
2.61828e-15,148
1.96139e-15,149
1.47567e-15,150
1.11485e-15,151
8.46545e-16,152
6.4763e-16,153
4.94974e-16,154
3.79326e-16,155
2.91434e-16,156
2.26671e-16,157
1.75785e-16,158
1.38778e-16,159
1.06396e-16,160
8.32667e-17,161
6.93889e-17,162
5.55112e-17,163
4.16334e-17,164
3.23815e-17,165
2.77556e-17,166
2.31296e-17,167
1.85037e-17,168
1.38778e-17,169
1.38778e-17,170
9.25186e-18,171
9.25186e-18,172
4.62593e-18,173
4.62593e-18,174
4.62593e-18,175
4.62593e-18,176
4.62593e-18,177
4.62593e-18,178
-0,179
-0,180
-0,181
-0,182
-0,183
-0,184
-0,185
-0,186
-0,187
-0,188
-0,189
-0,190
-0,191
-0,192
-0,193
-0,194
-0,195
-0,196
-0,197
-0,198
-0,199
-0,200
-0,201
-0,202
-0,203
-0,204
-0,205
-0,206
-0,207
-0,208
-0,209
-0,210
-0,211
-0,212
-0,213
-0,214
-0,215
-0,216
-0,217
-0,218
-0,219
-0,220
-0,221
-0,222
-0,223
-0,224
-0,225
-0,226
-0,227
-0,228
-0,229
-0,230
-0,231
-0,232
-0,233
-0,234
-0,235
-0,236
-0,237
-0,238
-0,239
-0,240
-0,241
-0,242
-0,243
-0,244
-0,245
-0,246
-0,247
-0,248
-0,249
-0,250
-0,251
-0,252
-0,253
-0,254
-0,255
-0,256
-0,257
-0,258
-0,259
-0,260
-0,261
-0,262
-0,263
-0,264
-0,265
-0,266
-0,267
-0,268
-0,269
-0,270
-0,271
-0,272
-0,273
-0,274
-0,275
-0,276
-0,277
-0,278
-0,279
-0,280
-0,281
-0,282
-0,283
-0,284
-0,285
-0,286
-0,287
-0,288
-0,289
-0,290
-0,291
-0,292
-0,293
-0,294
-0,295
-0,296
-0,297
-0,298
-0,299
-0,300
-0,301
-0,302
-0,303
-0,304
-0,305
-0,306
-0,307
-0,308
-0,309
-0,310
-0,311
-0,312
-0,313
-0,314
-0,315
-0,316
-0,317
-0,318
-0,319
-0,320
-0,321
-0,322
-0,323
-0,324
-0,325
-0,326
-0,327
-0,328
-0,329
-0,330
-0,331
-0,332
-0,333
-0,334
-0,335
-0,336
-0,337
-0,338
-0,339
-0,340
-0,341
-0,342
-0,343
-0,344
-0,345
-0,346
-0,347
-0,348
-0,349
-0,350
-0,351
-0,352
-0,353
-0,354
-0,355
-0,356
-0,357
-0,358
-0,359
-0,360
-0,361
-0,362
-0,363
-0,364
-0,365
-0,366
-0,367
-0,368
-0,369
-0,370
-0,371
-0,372
-0,373
-0,374
-0,375
-0,376
-0,377
-0,378
-0,379
-0,380
-0,381
-0,382
-0,383
-0,384
-0,385
-0,386
-0,387
-0,388
-0,389
-0,390
-0,391
-0,392
-0,393
-0,394
-0,395
-0,396
-0,397
-0,398
-0,399
-0,400
-0,401
-0,402
-0,403
-0,404
-0,405
-0,406
-0,407
-0,408
-0,409
-0,410
-0,411
-0,412
-0,413
-0,414
-0,415
-0,416
-0,417
-0,418
-0,419
-0,420
-0,421
-0,422
-0,423
-0,424
-0,425
-0,426
-0,427
-0,428
-0,429
-0,430
-0,431
-0,432
-0,433
-0,434
-0,435
-0,436
-0,437
-0,438
-0,439
-0,440
-0,441
-0,442
-0,443
-0,444
-0,445
-0,446
-0,447
-0,448
-0,449
-0,450
-0,451
-0,452
-0,453
-0,454
-0,455
-0,456
-0,457
-0,458
-0,459
-0,460
-0,461
-0,462
-0,463
-0,464
-0,465
-0,466
-0,467
-0,468
-0,469
-0,470
-0,471
-0,472
-0,473
-0,474
-0,475
-0,476
-0,477
-0,478
-0,479
-0,480
-0,481
-0,482
-0,483
-0,484
-0,485
-0,486
-0,487
-0,488
-0,489
-0,490
-0,491
-0,492
-0,493
-0,494
-0,495
-0,496
-0,497
-0,498
-0,499
-0,500
-0,501
-0,502
-0,503
-0,504
-0,505
-0,506
-0,507
-0,508
-0,509
-0,510
-0,511
-0,512
-0,513
-0,514
-0,515
-0,516
-0,517
-0,518
-0,519
-0,520
-0,521
-0,522
-0,523
-0,524
-0,525
-0,526
-0,527
-0,528
-0,529
-0,530
-0,531
-0,532
-0,533
-0,534
-0,535
-0,536
-0,537
-0,538
-0,539
-0,540
-0,541
-0,542
-0,543
-0,544
-0,545
-0,546
-0,547
-0,548
-0,549
-0,550
-0,551
-0,552
-0,553
-0,554
-0,555
-0,556
-0,557
-0,558
-0,559
-0,560
-0,561
-0,562
-0,563
-0,564
-0,565
-0,566
-0,567
-0,568
-0,569
-0,570
-0,571
-0,572
-0,573
-0,574
-0,575
-0,576
-0,577
-0,578
-0,579
-0,580
-0,581
-0,582
-0,583
-0,584
-0,585
-0,586
-0,587
-0,588
-0,589
-0,590
-0,591
-0,592
-0,593
-0,594
-0,595
-0,596
-0,597
-0,598
-0,599
-0,600
-0,601
-0,602
-0,603
-0,604
-0,605
-0,606
-0,607
-0,608
-0,609
-0,610
-0,611
-0,612
-0,613
-0,614
-0,615
-0,616
-0,617
-0,618
-0,619
-0,620
-0,621
-0,622
-0,623
-0,624
-0,625
-0,626
-0,627
-0,628
-0,629
-0,630
-0,631
-0,632
-0,633
-0,634
-0,635
-0,636
-0,637
-0,638
-0,639
-0,640
-0,641
-0,642
-0,643
-0,644
-0,645
-0,646
-0,647
-0,648
-0,649
-0,650
-0,651
-0,652
-0,653
-0,654
-0,655
-0,656
-0,657
-0,658
-0,659
-0,660
-0,661
-0,662
-0,663
-0,664
-0,665
-0,666
-0,667
-0,668
-0,669
-0,670
-0,671
-0,672
