-0,0
1.73625e-12,1
2.12013e-08,2
3.47478e-06,3
9.76459e-05,4
0.00103623,5
0.00571981,6
0.0186864,7
0.0398799,8
0.0636292,9
0.0853182,10
0.103232,11
0.117166,12
0.218067,13
0.279179,14
0.304293,15
0.312193,16
0.314741,17
0.315689,18
0.316095,19
0.316291,20
0.316394,21
0.316449,22
0.316479,23
0.316492,24
0.316643,25
0.316681,26
0.316693,27
0.316698,28
0.3167,29
0.316701,30
0.316702,31
0.316702,32
0.316702,33
0.316703,34
0.316703,35
0.316702,36
0.316703,37
0.316704,38
0.316704,39
0.316704,40
0.316704,41
0.316704,42
0.316704,43
0.316704,44
0.316704,45
0.316704,46
0.316704,47
0.316704,48
0.316704,49
0.316704,50
0.316704,51
0.316704,52
0.316704,53
0.316704,54
0.316704,55
0.316704,56
0.316704,57
0.316704,58
0.316704,59
0.316704,60
0.316704,61
0.316704,62
0.316704,63
0.316704,64
0.316704,65
0.316704,66
0.316704,67
0.316704,68
0.316704,69
0.316704,70
0.316704,71
0.316704,72
0.316704,73
0.316704,74
0.316704,75
0.316704,76
0.316704,77
0.316704,78
0.316704,79
0.316704,80
0.316704,81
0.316704,82
0.316704,83
0.316704,84
0.316704,85
0.316703,86
0.316703,87
0.316702,88
0.316701,89
0.316699,90
0.316696,91
0.316692,92
0.316685,93
0.316675,94
0.316659,95
0.316635,96
0.316596,97
0.316536,98
0.316442,99
0.316296,100
0.316068,101
0.315714,102
0.315165,103
0.314322,104
0.313035,105
0.311102,106
0.308251,107
0.304161,108
0.298495,109
0.290976,110
0.281464,111
0.27001,112
0.256839,113
0.242281,114
0.226693,115
0.210397,116
0.193662,117
0.176698,118
0.159676,119
0.142739,120
0.126027,121
0.109688,122
0.0938957,123
0.0788573,124
0.0648131,125
0.0520204,126
0.0407188,127
0.0310811,128
0.0231692,129
0.0169153,130
0.0121409,131
0.00860237,132
0.00604039,133
0.00421735,134
0.00293559,135
0.00204131,136
0.00142013,137
0.000989497,138
0.000691035,139
0.00048397,140
0.000340044,141
0.000239756,142
0.00016967,143
0.000120532,144
8.59627e-05,145
6.1554e-05,146
4.42556e-05,147
3.19494e-05,148
2.31608e-05,149
1.68598e-05,150
1.23243e-05,151
9.04671e-06,152
6.66867e-06,153
4.93637e-06,154
3.66941e-06,155
2.73905e-06,156
2.05313e-06,157
1.5454e-06,158
1.16805e-06,159
8.86499e-07,160
6.7558e-07,161
5.16949e-07,162
3.97174e-07,163
3.06381e-07,164
2.37291e-07,165
1.8451e-07,166
1.44035e-07,167
1.12877e-07,168
8.88005e-08,169
7.01267e-08,170
5.55892e-08,171
4.42299e-08,172
3.53218e-08,173
2.83105e-08,174
2.27726e-08,175
1.8383e-08,176
1.48914e-08,177
1.21045e-08,178
9.87264e-09,179
8.07917e-09,180
6.63325e-09,181
5.46371e-09,182
4.51469e-09,183
3.74216e-09,184
3.11134e-09,185
2.59466e-09,186
2.17017e-09,187
1.8204e-09,188
1.53134e-09,189
1.29177e-09,190
1.09266e-09,191
9.26717e-10,192
7.88032e-10,193
6.7182e-10,194
5.74184e-10,195
4.91941e-10,196
4.2249e-10,197
3.63695e-10,198
3.138e-10,199
2.71356e-10,200
2.35166e-10,201
2.04237e-10,202
1.77746e-10,203
1.55005e-10,204
1.35442e-10,205
1.18577e-10,206
1.04007e-10,207
9.13956e-11,208
8.04569e-11,209
7.09509e-11,210
6.26743e-11,211
5.54548e-11,212
4.91459e-11,213
4.3623e-11,214
3.87798e-11,215
3.45255e-11,216
3.07822e-11,217
2.74834e-11,218
2.45715e-11,219
2.19973e-11,220
1.97182e-11,221
1.76973e-11,222
1.5903e-11,223
1.43074e-11,224
1.28867e-11,225
1.16201e-11,226
1.04893e-11,227
9.47851e-12,228
8.57387e-12,229
7.76326e-12,230
7.03605e-12,231
6.38292e-12,232
5.79566e-12,233
5.26705e-12,234
4.79074e-12,235
4.3611e-12,236
3.97318e-12,237
3.62258e-12,238
3.30541e-12,239
3.01821e-12,240
2.75791e-12,241
2.5218e-12,242
2.30744e-12,243
2.11266e-12,244
1.93553e-12,245
1.77433e-12,246
1.6275e-12,247
1.49368e-12,248
1.37162e-12,249
1.2602e-12,250
1.15843e-12,251
1.06541e-12,252
9.80336e-13,253
9.02482e-13,254
8.31187e-13,255
7.6586e-13,256
7.05968e-13,257
6.5103e-13,258
6.00608e-13,259
5.54302e-13,260
5.11757e-13,261
4.72654e-13,262
4.36688e-13,263
4.03598e-13,264
3.73137e-13,265
3.45085e-13,266
3.1924e-13,267
2.95416e-13,268
2.73453e-13,269
2.53191e-13,270
2.34493e-13,271
2.17234e-13,272
2.01297e-13,273
1.86573e-13,274
1.72968e-13,275
1.6039e-13,276
1.48761e-13,277
1.38005e-13,278
1.28055e-13,279
1.18845e-13,280
1.10315e-13,281
1.02418e-13,282
9.51091e-14,283
8.83321e-14,284
8.20501e-14,285
7.62307e-14,286
7.08369e-14,287
6.58316e-14,288
6.11918e-14,289
5.68851e-14,290
5.28882e-14,291
4.91783e-14,292
4.57366e-14,293
4.254e-14,294
3.95748e-14,295
3.68178e-14,296
3.4255e-14,297
3.18773e-14,298
2.96661e-14,299
2.76122e-14,300
2.57017e-14,301
2.39253e-14,302
2.22738e-14,303
2.07427e-14,304
1.93133e-14,305
1.79856e-14,306
1.67505e-14,307
1.56033e-14,308
1.45347e-14,309
1.35355e-14,310
1.26103e-14,311
1.17499e-14,312
1.09496e-14,313
1.02002e-14,314
9.50628e-15,315
8.85865e-15,316
8.25728e-15,317
7.69292e-15,318
7.17019e-15,319
6.68447e-15,320
6.23113e-15,321
5.81017e-15,322
5.41696e-15,323
5.04689e-15,324
4.7092e-15,325
4.39001e-15,326
4.09395e-15,327
3.81639e-15,328
3.55734e-15,329
3.31679e-15,330
3.09475e-15,331
2.88658e-15,332
2.69229e-15,333
2.51188e-15,334
2.34072e-15,335
2.18344e-15,336
2.03541e-15,337
1.90126e-15,338
1.77173e-15,339
1.65146e-15,340
1.54043e-15,341
1.43866e-15,342
1.34152e-15,343
1.25363e-15,344
1.16573e-15,345
1.09172e-15,346
1.0177e-15,347
9.48316e-16,348
8.83552e-16,349
8.23415e-16,350
7.7253e-16,351
7.17019e-16,352
6.7076e-16,353
6.245e-16,354
5.82867e-16,355
5.4586e-16,356
5.08852e-16,357
4.76471e-16,358
4.44089e-16,359
4.11708e-16,360
3.83952e-16,361
3.60822e-16,362
3.37693e-16,363
3.14563e-16,364
2.91434e-16,365
2.7293e-16,366
2.54426e-16,367
2.35922e-16,368
2.22045e-16,369
2.08167e-16,370
1.94289e-16,371
1.80411e-16,372
1.66533e-16,373
1.57282e-16,374
1.4803e-16,375
1.38778e-16,376
1.29526e-16,377
1.20274e-16,378
1.11022e-16,379
1.0177e-16,380
9.71445e-17,381
9.25186e-17,382
8.32667e-17,383
7.86408e-17,384
7.40149e-17,385
6.93889e-17,386
6.4763e-17,387
6.01371e-17,388
5.55112e-17,389
5.08852e-17,390
5.08852e-17,391
4.62593e-17,392
4.16334e-17,393
4.16334e-17,394
3.70074e-17,395
3.23815e-17,396
3.23815e-17,397
2.77556e-17,398
2.77556e-17,399
2.77556e-17,400
2.31296e-17,401
2.31296e-17,402
2.31296e-17,403
1.85037e-17,404
1.85037e-17,405
1.85037e-17,406
1.38778e-17,407
1.38778e-17,408
1.38778e-17,409
1.38778e-17,410
1.38778e-17,411
9.25186e-18,412
9.25186e-18,413
9.25186e-18,414
9.25186e-18,415
9.25186e-18,416
9.25186e-18,417
9.25186e-18,418
9.25186e-18,419
4.62593e-18,420
4.62593e-18,421
4.62593e-18,422
4.62593e-18,423
4.62593e-18,424
4.62593e-18,425
4.62593e-18,426
4.62593e-18,427
4.62593e-18,428
4.62593e-18,429
4.62593e-18,430
4.62593e-18,431
4.62593e-18,432
4.62593e-18,433
4.62593e-18,434
4.62593e-18,435
-0,436
-0,437
-0,438
-0,439
-0,440
-0,441
-0,442
-0,443
-0,444
-0,445
-0,446
-0,447
-0,448
-0,449
-0,450
-0,451
-0,452
-0,453
-0,454
-0,455
-0,456
-0,457
-0,458
-0,459
-0,460
-0,461
-0,462
-0,463
-0,464
-0,465
-0,466
-0,467
-0,468
-0,469
-0,470
-0,471
-0,472
-0,473
-0,474
-0,475
-0,476
-0,477
-0,478
-0,479
-0,480
-0,481
-0,482
-0,483
-0,484
-0,485
-0,486
-0,487
-0,488
-0,489
-0,490
-0,491
-0,492
-0,493
-0,494
-0,495
-0,496
-0,497
-0,498
-0,499
-0,500
-0,501
-0,502
-0,503
-0,504
-0,505
-0,506
-0,507
-0,508
-0,509
-0,510
-0,511
-0,512
-0,513
-0,514
-0,515
-0,516
-0,517
-0,518
-0,519
-0,520
-0,521
-0,522
-0,523
-0,524
-0,525
-0,526
-0,527
-0,528
-0,529
-0,530
-0,531
-0,532
-0,533
-0,534
-0,535
-0,536
-0,537
-0,538
-0,539
-0,540
-0,541
-0,542
-0,543
-0,544
-0,545
-0,546
-0,547
-0,548
-0,549
-0,550
-0,551
-0,552
-0,553
-0,554
-0,555
-0,556
-0,557
-0,558
-0,559
-0,560
-0,561
-0,562
-0,563
-0,564
-0,565
-0,566
-0,567
-0,568
-0,569
-0,570
-0,571
-0,572
-0,573
-0,574
-0,575
-0,576
-0,577
-0,578
-0,579
-0,580
-0,581
-0,582
-0,583
-0,584
-0,585
-0,586
-0,587
-0,588
-0,589
-0,590
-0,591
-0,592
-0,593
-0,594
-0,595
-0,596
-0,597
-0,598
-0,599
-0,600
-0,601
-0,602
-0,603
-0,604
-0,605
-0,606
-0,607
-0,608
-0,609
-0,610
-0,611
-0,612
-0,613
-0,614
-0,615
-0,616
-0,617
-0,618
-0,619
-0,620
-0,621
-0,622
-0,623
-0,624
-0,625
-0,626
-0,627
-0,628
-0,629
-0,630
-0,631
-0,632
-0,633
-0,634
-0,635
-0,636
-0,637
-0,638
-0,639
-0,640
-0,641
-0,642
-0,643
-0,644
-0,645
-0,646
-0,647
-0,648
-0,649
-0,650
-0,651
-0,652
-0,653
-0,654
-0,655
-0,656
-0,657
-0,658
-0,659
-0,660
-0,661
-0,662
-0,663
-0,664
-0,665
-0,666
-0,667
-0,668
-0,669
-0,670
-0,671
-0,672
