PID,i_lum_F1_indiv,i_lum_k12(KA),i_lum_k23(Q/V),i_lum_k32(Q/VP),i_lum_k20(CL/V),total_mg_dose_per_occassion,DS,Q,V,CL,VP
0,0.41571,0.0386,0.0951093,0.00583051,0.373249,480,0,0.327619,3.44466,1.28571,56.1905
1,0.443867,0.0386,0.0109703,0.00583051,0.0430521,480,0,0.327619,29.8642,1.28571,56.1905
2,1.03866,0.0386,0.0449089,0.00583051,0.176241,480,0,0.327619,7.29519,1.28571,56.1905
3,0.635195,0.0386,0.0919616,0.00583051,0.360896,480,0,0.327619,3.56256,1.28571,56.1905
4,0.501032,0.0386,0.0679832,0.00583051,0.266794,480,0,0.327619,4.81912,1.28571,56.1905
5,0.482879,0.0386,0.121679,0.00583051,0.477521,480,0,0.327619,2.69248,1.28571,56.1905
6,0.58655,0.0386,0.0744384,0.00583051,0.292127,480,0,0.327619,4.40121,1.28571,56.1905
7,0.663015,0.0386,0.00898908,0.00583051,0.0352769,480,0,0.327619,36.4463,1.28571,56.1905
8,1.53228,0.0386,0.0855613,0.00583051,0.335778,480,0,0.327619,3.82906,1.28571,56.1905
9,1.78636,0.0386,0.0883169,0.00583051,0.346592,480,0,0.327619,3.70959,1.28571,56.1905
10,2.11036,0.0386,0.0187085,0.00583051,0.0734198,480,0,0.327619,17.5118,1.28571,56.1905
11,1.07704,0.0386,0.035076,0.00583051,0.137653,480,0,0.327619,9.34026,1.28571,56.1905
12,1.39577,0.0386,0.0332847,0.00583051,0.130623,480,0,0.327619,9.84292,1.28571,56.1905
13,0.953253,0.0386,0.0812907,0.00583051,0.319019,480,0,0.327619,4.03021,1.28571,56.1905
14,1.01797,0.0386,0.00944994,0.00583051,0.0370855,480,0,0.327619,34.6689,1.28571,56.1905
15,1.74731,0.0386,0.0115738,0.00583051,0.0454206,480,0,0.327619,28.3068,1.28571,56.1905
16,0.352177,0.0386,0.00944536,0.00583051,0.0370676,480,0,0.327619,34.6857,1.28571,56.1905
17,1.74644,0.0386,0.0716461,0.00583051,0.281169,480,0,0.327619,4.57274,1.28571,56.1905
18,0.413739,0.0386,0.218426,0.00583051,0.857197,480,0,0.327619,1.49991,1.28571,56.1905
19,1.75014,0.0386,0.0174855,0.00583051,0.0686203,480,0,0.327619,18.7367,1.28571,56.1905
20,0.976859,0.0386,0.00788309,0.00583051,0.0309365,480,0,0.327619,41.5597,1.28571,56.1905
21,2.82396,0.0386,0.0903107,0.00583051,0.354417,480,0,0.327619,3.62769,1.28571,56.1905
22,0.375383,0.0386,0.0218658,0.00583051,0.0858105,480,0,0.327619,14.9832,1.28571,56.1905
23,0.651289,0.0386,0.0391526,0.00583051,0.153651,480,0,0.327619,8.36775,1.28571,56.1905
24,0.651146,0.0386,0.043137,0.00583051,0.169288,480,0,0.327619,7.59485,1.28571,56.1905
25,0.603714,0.0386,0.0055042,0.00583051,0.0216008,480,0,0.327619,59.5217,1.28571,56.1905
26,0.751394,0.0386,0.0175168,0.00583051,0.0687433,480,0,0.327619,18.7031,1.28571,56.1905
27,0.982986,0.0386,0.00802657,0.00583051,0.0314996,480,0,0.327619,40.8168,1.28571,56.1905
28,0.403569,0.0386,0.0504167,0.00583051,0.197856,480,0,0.327619,6.49823,1.28571,56.1905
29,0.590869,0.0386,0.0380589,0.00583051,0.149359,480,0,0.327619,8.60822,1.28571,56.1905
30,1.42502,0.0386,0.0791434,0.00583051,0.310592,480,0,0.327619,4.13956,1.28571,56.1905
31,1.34772,0.0386,0.0922467,0.00583051,0.362015,480,0,0.327619,3.55155,1.28571,56.1905
32,0.47335,0.0386,0.00635982,0.00583051,0.0249586,480,0,0.327619,51.5139,1.28571,56.1905
33,0.755016,0.0386,0.0253802,0.00583051,0.0996026,480,0,0.327619,12.9084,1.28571,56.1905
34,2.48067,0.0386,0.02505,0.00583051,0.0983065,480,0,0.327619,13.0786,1.28571,56.1905
35,0.790299,0.0386,0.106732,0.00583051,0.41886,480,0,0.327619,3.06956,1.28571,56.1905
36,0.812301,0.0386,0.0380648,0.00583051,0.149382,480,0,0.327619,8.60688,1.28571,56.1905
37,0.700507,0.0386,0.0122016,0.00583051,0.0478843,480,0,0.327619,26.8504,1.28571,56.1905
38,1.42026,0.0386,0.0116572,0.00583051,0.0457476,480,0,0.327619,28.1045,1.28571,56.1905
39,1.36578,0.0386,0.0103719,0.00583051,0.0407038,480,0,0.327619,31.5871,1.28571,56.1905
40,1.33716,0.0386,0.0309901,0.00583051,0.121618,480,0,0.327619,10.5717,1.28571,56.1905
41,2.29922,0.0386,0.192418,0.00583051,0.755127,480,0,0.327619,1.70265,1.28571,56.1905
42,1.52359,0.0386,0.0671861,0.00583051,0.263666,480,0,0.327619,4.87629,1.28571,56.1905
43,0.769244,0.0386,0.0172973,0.00583051,0.067882,480,0,0.327619,18.9404,1.28571,56.1905
44,0.716205,0.0386,0.0772676,0.00583051,0.303231,480,0,0.327619,4.24006,1.28571,56.1905
45,0.745966,0.0386,0.00774137,0.00583051,0.0303804,480,0,0.327619,42.3206,1.28571,56.1905
46,1.81732,0.0386,0.0470657,0.00583051,0.184705,480,0,0.327619,6.96089,1.28571,56.1905
47,0.864081,0.0386,0.0119243,0.00583051,0.0467959,480,0,0.327619,27.475,1.28571,56.1905
48,0.987665,0.0386,0.0148457,0.00583051,0.0582609,480,0,0.327619,22.0682,1.28571,56.1905
49,0.461552,0.0386,0.0218038,0.00583051,0.0855671,480,0,0.327619,15.0258,1.28571,56.1905
50,0.64878,0.0386,0.424246,0.00583051,1.66492,480,0,0.327619,0.772238,1.28571,56.1905
51,0.838432,0.0386,0.0798828,0.00583051,0.313493,480,0,0.327619,4.10125,1.28571,56.1905
52,1.10922,0.0386,0.0208479,0.00583051,0.081816,480,0,0.327619,15.7147,1.28571,56.1905
53,0.931814,0.0386,0.046183,0.00583051,0.181241,480,0,0.327619,7.09393,1.28571,56.1905
54,1.74722,0.0386,0.0376683,0.00583051,0.147826,480,0,0.327619,8.69748,1.28571,56.1905
55,1.01292,0.0386,0.0453846,0.00583051,0.178108,480,0,0.327619,7.21873,1.28571,56.1905
56,1.08476,0.0386,0.0104492,0.00583051,0.0410071,480,0,0.327619,31.3535,1.28571,56.1905
57,2.21451,0.0386,0.0618665,0.00583051,0.24279,480,0,0.327619,5.29558,1.28571,56.1905
58,0.740066,0.0386,0.0175833,0.00583051,0.0690042,480,0,0.327619,18.6324,1.28571,56.1905
59,0.77674,0.0386,0.0518343,0.00583051,0.203419,480,0,0.327619,6.32051,1.28571,56.1905
60,1.14536,0.0386,0.0104617,0.00583051,0.041056,480,0,0.327619,31.3161,1.28571,56.1905
61,1.50035,0.0386,0.0413041,0.00583051,0.162095,480,0,0.327619,7.93188,1.28571,56.1905
62,1.37537,0.0386,0.149969,0.00583051,0.588541,480,0,0.327619,2.18458,1.28571,56.1905
63,1.35935,0.0386,0.0606807,0.00583051,0.238137,480,0,0.327619,5.39906,1.28571,56.1905
64,1.22536,0.0386,0.0276626,0.00583051,0.10856,480,0,0.327619,11.8434,1.28571,56.1905
65,1.61349,0.0386,0.0688567,0.00583051,0.270222,480,0,0.327619,4.75799,1.28571,56.1905
66,2.16505,0.0386,0.117189,0.00583051,0.459901,480,0,0.327619,2.79564,1.28571,56.1905
67,0.78222,0.0386,0.0191934,0.00583051,0.0753231,480,0,0.327619,17.0693,1.28571,56.1905
68,2.18444,0.0386,0.0475187,0.00583051,0.186483,480,0,0.327619,6.89453,1.28571,56.1905
69,1.9698,0.0386,0.419057,0.00583051,1.64456,480,0,0.327619,0.781801,1.28571,56.1905
70,0.796697,0.0386,0.0283574,0.00583051,0.111286,480,0,0.327619,11.5532,1.28571,56.1905
71,1.47601,0.0386,0.0291179,0.00583051,0.114271,480,0,0.327619,11.2515,1.28571,56.1905
72,0.811266,0.0386,0.0248249,0.00583051,0.0974233,480,0,0.327619,13.1972,1.28571,56.1905
73,0.98039,0.0386,0.0202406,0.00583051,0.0794326,480,0,0.327619,16.1862,1.28571,56.1905
74,0.254373,0.0386,0.0451698,0.00583051,0.177265,480,0,0.327619,7.25305,1.28571,56.1905
75,1.38397,0.0386,0.139479,0.00583051,0.547374,480,0,0.327619,2.34888,1.28571,56.1905
76,0.772827,0.0386,0.047364,0.00583051,0.185876,480,0,0.327619,6.91705,1.28571,56.1905
77,1.77574,0.0386,0.110206,0.00583051,0.432495,480,0,0.327619,2.97278,1.28571,56.1905
78,0.810852,0.0386,0.265069,0.00583051,1.04024,480,0,0.327619,1.23598,1.28571,56.1905
79,1.10549,0.0386,0.0286836,0.00583051,0.112566,480,0,0.327619,11.4218,1.28571,56.1905
80,0.404784,0.0386,0.338123,0.00583051,1.32694,480,0,0.327619,0.968935,1.28571,56.1905
81,1.12882,0.0386,0.0724262,0.00583051,0.284231,480,0,0.327619,4.52349,1.28571,56.1905
82,3.57146,0.0386,0.0179814,0.00583051,0.0705665,480,0,0.327619,18.2199,1.28571,56.1905
83,3.86616,0.0386,0.018157,0.00583051,0.0712555,480,0,0.327619,18.0437,1.28571,56.1905
84,1.53641,0.0386,0.258252,0.00583051,1.01349,480,0,0.327619,1.2686,1.28571,56.1905
85,1.40585,0.0386,0.0604759,0.00583051,0.237333,480,0,0.327619,5.41735,1.28571,56.1905
86,1.83153,0.0386,0.0266122,0.00583051,0.104438,480,0,0.327619,12.3108,1.28571,56.1905
87,0.657543,0.0386,0.0692422,0.00583051,0.271735,480,0,0.327619,4.7315,1.28571,56.1905
88,0.742596,0.0386,0.0577585,0.00583051,0.226668,480,0,0.327619,5.67222,1.28571,56.1905
89,0.944322,0.0386,0.0238417,0.00583051,0.093565,480,0,0.327619,13.7414,1.28571,56.1905
90,0.726497,0.0386,0.0774503,0.00583051,0.303947,480,0,0.327619,4.23005,1.28571,56.1905
91,0.37214,0.0386,0.00604183,0.00583051,0.0237107,480,0,0.327619,54.2251,1.28571,56.1905
92,2.79627,0.0386,0.0322208,0.00583051,0.126448,480,0,0.327619,10.1679,1.28571,56.1905
93,0.671179,0.0386,0.00770199,0.00583051,0.0302258,480,0,0.327619,42.5369,1.28571,56.1905
94,0.758308,0.0386,0.0340325,0.00583051,0.133558,480,0,0.327619,9.62666,1.28571,56.1905
95,0.871835,0.0386,0.0564868,0.00583051,0.221678,480,0,0.327619,5.79993,1.28571,56.1905
96,0.322549,0.0386,0.0175247,0.00583051,0.0687743,480,0,0.327619,18.6947,1.28571,56.1905
97,0.72318,0.0386,0.334326,0.00583051,1.31203,480,0,0.327619,0.97994,1.28571,56.1905
98,0.167347,0.0386,0.0232232,0.00583051,0.0911376,480,0,0.327619,14.1074,1.28571,56.1905
99,0.527385,0.0386,0.0126574,0.00583051,0.0496728,480,0,0.327619,25.8837,1.28571,56.1905
100,1.66056,0.0386,0.0797902,0.00583051,0.31313,480,0,0.327619,4.10601,1.28571,56.1905
101,2.49692,0.0386,0.0328739,0.00583051,0.129011,480,0,0.327619,9.96593,1.28571,56.1905
102,0.464214,0.0386,0.00290963,0.00583051,0.0114186,480,0,0.327619,112.598,1.28571,56.1905
103,1.88635,0.0386,0.0150765,0.00583051,0.0591666,480,0,0.327619,21.7304,1.28571,56.1905
104,0.213504,0.0386,0.0161377,0.00583051,0.063331,480,0,0.327619,20.3015,1.28571,56.1905
105,1.74181,0.0386,0.0027806,0.00583051,0.0109122,480,0,0.327619,117.823,1.28571,56.1905
106,0.199078,0.0386,0.0213446,0.00583051,0.083765,480,0,0.327619,15.3491,1.28571,56.1905
107,1.69033,0.0386,0.0049996,0.00583051,0.0196205,480,0,0.327619,65.529,1.28571,56.1905
108,1.20666,0.0386,0.0616672,0.00583051,0.242008,480,0,0.327619,5.31269,1.28571,56.1905
109,0.952191,0.0386,0.0258831,0.00583051,0.101576,480,0,0.327619,12.6577,1.28571,56.1905
110,0.199688,0.0386,0.00812987,0.00583051,0.031905,480,0,0.327619,40.2982,1.28571,56.1905
111,0.157246,0.0386,0.0297042,0.00583051,0.116572,480,0,0.327619,11.0294,1.28571,56.1905
112,1.59457,0.0386,0.0912128,0.00583051,0.357957,480,0,0.327619,3.59181,1.28571,56.1905
113,1.09865,0.0386,0.122191,0.00583051,0.47953,480,0,0.327619,2.68119,1.28571,56.1905
114,1.80519,0.0386,0.0103348,0.00583051,0.0405581,480,0,0.327619,31.7006,1.28571,56.1905
115,0.402248,0.0386,0.0137804,0.00583051,0.0540802,480,0,0.327619,23.7742,1.28571,56.1905
116,0.681903,0.0386,0.0342256,0.00583051,0.134316,480,0,0.327619,9.57233,1.28571,56.1905
117,0.265122,0.0386,0.0615183,0.00583051,0.241423,480,0,0.327619,5.32556,1.28571,56.1905
118,1.22818,0.0386,0.0284029,0.00583051,0.111465,480,0,0.327619,11.5347,1.28571,56.1905
119,1.87875,0.0386,0.0248299,0.00583051,0.0974429,480,0,0.327619,13.1945,1.28571,56.1905
120,1.25204,0.0386,0.030175,0.00583051,0.118419,480,0,0.327619,10.8573,1.28571,56.1905
121,0.585295,0.0386,0.107834,0.00583051,0.423185,480,0,0.327619,3.03819,1.28571,56.1905
122,1.75789,0.0386,0.0108024,0.00583051,0.0423932,480,0,0.327619,30.3283,1.28571,56.1905
123,0.37053,0.0386,0.0398353,0.00583051,0.15633,480,0,0.327619,8.22434,1.28571,56.1905
124,0.297867,0.0386,0.0156946,0.00583051,0.0615921,480,0,0.327619,20.8747,1.28571,56.1905
125,1.76205,0.0386,0.00309358,0.00583051,0.0121405,480,0,0.327619,105.903,1.28571,56.1905
126,1.53456,0.0386,0.0110356,0.00583051,0.0433083,480,0,0.327619,29.6875,1.28571,56.1905
127,0.653179,0.0386,0.0384097,0.00583051,0.150736,480,0,0.327619,8.5296,1.28571,56.1905
128,0.911202,0.0386,0.0485104,0.00583051,0.190375,480,0,0.327619,6.75358,1.28571,56.1905
129,1.01765,0.0386,0.0072425,0.00583051,0.0284226,480,0,0.327619,45.2356,1.28571,56.1905
130,1.79872,0.0386,0.108984,0.00583051,0.4277,480,0,0.327619,3.00611,1.28571,56.1905
131,0.664035,0.0386,0.107683,0.00583051,0.422592,480,0,0.327619,3.04245,1.28571,56.1905
132,0.420106,0.0386,0.0110156,0.00583051,0.04323,480,0,0.327619,29.7413,1.28571,56.1905
133,0.585815,0.0386,0.0503912,0.00583051,0.197756,480,0,0.327619,6.50151,1.28571,56.1905
134,0.369244,0.0386,0.0223637,0.00583051,0.0877644,480,0,0.327619,14.6496,1.28571,56.1905
135,1.10192,0.0386,0.035024,0.00583051,0.137449,480,0,0.327619,9.35412,1.28571,56.1905
136,0.543807,0.0386,0.0109974,0.00583051,0.0431585,480,0,0.327619,29.7906,1.28571,56.1905
137,1.65165,0.0386,0.00744484,0.00583051,0.0292167,480,0,0.327619,44.0062,1.28571,56.1905
138,0.178684,0.0386,0.0146127,0.00583051,0.0573462,480,0,0.327619,22.4202,1.28571,56.1905
139,0.318555,0.0386,0.0157745,0.00583051,0.0619058,480,0,0.327619,20.7689,1.28571,56.1905
140,0.179062,0.0386,0.0218033,0.00583051,0.0855652,480,0,0.327619,15.0261,1.28571,56.1905
141,1.21913,0.0386,0.114246,0.00583051,0.448349,480,0,0.327619,2.86766,1.28571,56.1905
142,0.764772,0.0386,0.0121023,0.00583051,0.0474946,480,0,0.327619,27.0707,1.28571,56.1905
143,0.6782,0.0386,0.0840641,0.00583051,0.329903,480,0,0.327619,3.89725,1.28571,56.1905
144,0.747487,0.0386,0.0332471,0.00583051,0.130476,480,0,0.327619,9.85406,1.28571,56.1905
145,1.10851,0.0386,0.0126354,0.00583051,0.0495867,480,0,0.327619,25.9286,1.28571,56.1905
146,1.05417,0.0386,0.129063,0.00583051,0.506496,480,0,0.327619,2.53845,1.28571,56.1905
147,0.574673,0.0386,0.017076,0.00583051,0.0670132,480,0,0.327619,19.186,1.28571,56.1905
148,0.993858,0.0386,0.00172699,0.00583051,0.00677741,480,0,0.327619,189.706,1.28571,56.1905
149,0.95169,0.0386,0.00447643,0.00583051,0.0175674,480,0,0.327619,73.1875,1.28571,56.1905
150,0.582802,0.0386,0.058065,0.00583051,0.227871,480,0,0.327619,5.64228,1.28571,56.1905
151,1.04191,0.0386,0.0272948,0.00583051,0.107116,480,0,0.327619,12.003,1.28571,56.1905
152,1.20393,0.0386,0.0385049,0.00583051,0.151109,480,0,0.327619,8.5085,1.28571,56.1905
153,2.31233,0.0386,0.0200945,0.00583051,0.0788591,480,0,0.327619,16.3039,1.28571,56.1905
154,1.1821,0.0386,0.0708638,0.00583051,0.278099,480,0,0.327619,4.62322,1.28571,56.1905
155,1.33072,0.0386,0.0342279,0.00583051,0.134325,480,0,0.327619,9.5717,1.28571,56.1905
156,2.09011,0.0386,0.0820369,0.00583051,0.321947,480,0,0.327619,3.99356,1.28571,56.1905
157,0.814055,0.0386,0.0758148,0.00583051,0.297529,480,0,0.327619,4.32131,1.28571,56.1905
158,1.1132,0.0386,0.0216733,0.00583051,0.0850551,480,0,0.327619,15.1162,1.28571,56.1905
159,1.2704,0.0386,0.0930826,0.00583051,0.365295,480,0,0.327619,3.51966,1.28571,56.1905
160,3.33038,0.0386,0.0125513,0.00583051,0.0492567,480,0,0.327619,26.1023,1.28571,56.1905
161,3.3276,0.0386,0.0140053,0.00583051,0.0549628,480,0,0.327619,23.3924,1.28571,56.1905
162,2.13084,0.0386,0.0465257,0.00583051,0.182586,480,0,0.327619,7.04169,1.28571,56.1905
163,0.203149,0.0386,0.0228775,0.00583051,0.0897809,480,0,0.327619,14.3206,1.28571,56.1905
164,2.57373,0.0386,0.00365843,0.00583051,0.0143572,480,0,0.327619,89.5517,1.28571,56.1905
165,1.44601,0.0386,0.0297046,0.00583051,0.116573,480,0,0.327619,11.0292,1.28571,56.1905
166,1.26288,0.0386,0.0375313,0.00583051,0.147288,480,0,0.327619,8.72923,1.28571,56.1905
167,0.598045,0.0386,0.0370198,0.00583051,0.145281,480,0,0.327619,8.84984,1.28571,56.1905
168,0.503115,0.0386,0.0118578,0.00583051,0.0465351,480,0,0.327619,27.6289,1.28571,56.1905
169,0.315811,0.0386,0.107217,0.00583051,0.420764,480,0,0.327619,3.05566,1.28571,56.1905
170,1.28508,0.0386,0.00064602,0.00583051,0.00253525,480,0,0.327619,507.135,1.28571,56.1905
171,1.66857,0.0386,0.360864,0.00583051,1.41618,480,0,0.327619,0.907875,1.28571,56.1905
172,1.59817,0.0386,0.0304446,0.00583051,0.119477,480,0,0.327619,10.7612,1.28571,56.1905
173,0.496338,0.0386,0.0334681,0.00583051,0.131343,480,0,0.327619,9.78899,1.28571,56.1905
174,0.109811,0.0386,0.0386689,0.00583051,0.151753,480,0,0.327619,8.47242,1.28571,56.1905
175,0.725319,0.0386,0.0671055,0.00583051,0.26335,480,0,0.327619,4.88215,1.28571,56.1905
176,0.585906,0.0386,0.0339615,0.00583051,0.133279,480,0,0.327619,9.64678,1.28571,56.1905
177,0.745617,0.0386,0.0318261,0.00583051,0.124899,480,0,0.327619,10.294,1.28571,56.1905
178,1.53693,0.0386,0.0129418,0.00583051,0.050789,480,0,0.327619,25.3148,1.28571,56.1905
179,0.80749,0.0386,0.0127865,0.00583051,0.0501797,480,0,0.327619,25.6222,1.28571,56.1905
180,0.798107,0.0386,0.0413046,0.00583051,0.162096,480,0,0.327619,7.93179,1.28571,56.1905
181,0.553822,0.0386,0.0402396,0.00583051,0.157917,480,0,0.327619,8.14172,1.28571,56.1905
182,1.30274,0.0386,0.0900725,0.00583051,0.353482,480,0,0.327619,3.63728,1.28571,56.1905
183,0.844297,0.0386,0.0517624,0.00583051,0.203137,480,0,0.327619,6.32929,1.28571,56.1905
184,0.91349,0.0386,0.0487453,0.00583051,0.191297,480,0,0.327619,6.72104,1.28571,56.1905
185,0.482321,0.0386,0.0188402,0.00583051,0.0739368,480,0,0.327619,17.3894,1.28571,56.1905
186,0.341402,0.0386,0.153216,0.00583051,0.601284,480,0,0.327619,2.13828,1.28571,56.1905
187,0.875281,0.0386,0.0274169,0.00583051,0.107595,480,0,0.327619,11.9495,1.28571,56.1905
188,1.01889,0.0386,0.0304173,0.00583051,0.11937,480,0,0.327619,10.7708,1.28571,56.1905
189,0.774725,0.0386,0.00419194,0.00583051,0.0164509,480,0,0.327619,78.1546,1.28571,56.1905
190,1.0308,0.0386,0.156447,0.00583051,0.613964,480,0,0.327619,2.09412,1.28571,56.1905
191,2.30788,0.0386,0.0656995,0.00583051,0.257832,480,0,0.327619,4.98663,1.28571,56.1905
192,0.720187,0.0386,0.0062557,0.00583051,0.02455,480,0,0.327619,52.3713,1.28571,56.1905
193,3.54803,0.0386,0.121879,0.00583051,0.478304,480,0,0.327619,2.68807,1.28571,56.1905
194,1.19163,0.0386,0.0278728,0.00583051,0.109384,480,0,0.327619,11.7541,1.28571,56.1905
195,0.820263,0.0386,0.0536711,0.00583051,0.210628,480,0,0.327619,6.1042,1.28571,56.1905
196,0.238056,0.0386,0.0271505,0.00583051,0.10655,480,0,0.327619,12.0668,1.28571,56.1905
197,1.48247,0.0386,0.0129442,0.00583051,0.0507983,480,0,0.327619,25.3102,1.28571,56.1905
198,0.908973,0.0386,0.0210182,0.00583051,0.0824844,480,0,0.327619,15.5874,1.28571,56.1905
199,0.990513,0.0386,0.0244527,0.00583051,0.0959627,480,0,0.327619,13.3981,1.28571,56.1905
200,1.28694,0.0386,0.0149177,0.00583051,0.0585432,480,0,0.327619,21.9618,1.28571,56.1905
201,2.20685,0.0386,0.0488399,0.00583051,0.191668,480,0,0.327619,6.70803,1.28571,56.1905
202,0.894416,0.0386,0.053852,0.00583051,0.211338,480,0,0.327619,6.08369,1.28571,56.1905
203,1.74061,0.0386,0.0274065,0.00583051,0.107555,480,0,0.327619,11.9541,1.28571,56.1905
204,1.40697,0.0386,0.019005,0.00583051,0.0745837,480,0,0.327619,17.2385,1.28571,56.1905
205,0.602697,0.0386,0.00429249,0.00583051,0.0168455,480,0,0.327619,76.3237,1.28571,56.1905
206,0.799172,0.0386,0.168385,0.00583051,0.660813,480,0,0.327619,1.94565,1.28571,56.1905
207,1.52046,0.0386,0.0230503,0.00583051,0.0904592,480,0,0.327619,14.2132,1.28571,56.1905
208,0.503151,0.0386,0.0310576,0.00583051,0.121883,480,0,0.327619,10.5488,1.28571,56.1905
209,0.525319,0.0386,0.047663,0.00583051,0.18705,480,0,0.327619,6.87366,1.28571,56.1905
210,0.252822,0.0386,0.0167625,0.00583051,0.0657831,480,0,0.327619,19.5447,1.28571,56.1905
211,1.24581,0.0386,0.0169,0.00583051,0.0663227,480,0,0.327619,19.3857,1.28571,56.1905
212,0.542289,0.0386,0.105978,0.00583051,0.415904,480,0,0.327619,3.09138,1.28571,56.1905
213,1.82419,0.0386,0.0313046,0.00583051,0.122852,480,0,0.327619,10.4655,1.28571,56.1905
214,1.9811,0.0386,0.109095,0.00583051,0.428133,480,0,0.327619,3.00307,1.28571,56.1905
215,1.03588,0.0386,0.0353617,0.00583051,0.138774,480,0,0.327619,9.2648,1.28571,56.1905
216,0.841466,0.0386,0.0558494,0.00583051,0.219176,480,0,0.327619,5.86612,1.28571,56.1905
217,1.18269,0.0386,0.0296381,0.00583051,0.116312,480,0,0.327619,11.054,1.28571,56.1905
218,1.36362,0.0386,0.0553337,0.00583051,0.217152,480,0,0.327619,5.92079,1.28571,56.1905
219,0.220635,0.0386,0.00557997,0.00583051,0.0218981,480,0,0.327619,58.7135,1.28571,56.1905
220,1.57075,0.0386,0.0556095,0.00583051,0.218235,480,0,0.327619,5.89142,1.28571,56.1905
221,0.33844,0.0386,0.0416793,0.00583051,0.163567,480,0,0.327619,7.86047,1.28571,56.1905
222,0.605435,0.0386,0.0627201,0.00583051,0.24614,480,0,0.327619,5.22351,1.28571,56.1905
223,0.641329,0.0386,0.0324799,0.00583051,0.127465,480,0,0.327619,10.0868,1.28571,56.1905
224,0.451911,0.0386,0.00600674,0.00583051,0.023573,480,0,0.327619,54.5419,1.28571,56.1905
225,0.950567,0.0386,0.0028885,0.00583051,0.0113357,480,0,0.327619,113.422,1.28571,56.1905
226,0.542068,0.0386,0.00791482,0.00583051,0.0310611,480,0,0.327619,41.3931,1.28571,56.1905
227,0.812612,0.0386,0.0835846,0.00583051,0.328021,480,0,0.327619,3.91961,1.28571,56.1905
228,1.74534,0.0386,0.0745735,0.00583051,0.292658,480,0,0.327619,4.39324,1.28571,56.1905
229,0.663469,0.0386,0.113945,0.00583051,0.447166,480,0,0.327619,2.87525,1.28571,56.1905
230,3.70427,0.0386,0.07787,0.00583051,0.305595,480,0,0.327619,4.20726,1.28571,56.1905
231,0.768463,0.0386,0.0235522,0.00583051,0.0924286,480,0,0.327619,13.9104,1.28571,56.1905
232,1.12063,0.0386,0.00955896,0.00583051,0.0375133,480,0,0.327619,34.2735,1.28571,56.1905
233,0.962324,0.0386,0.0224929,0.00583051,0.0882715,480,0,0.327619,14.5655,1.28571,56.1905
234,0.266896,0.0386,0.418549,0.00583051,1.64256,480,0,0.327619,0.782749,1.28571,56.1905
235,0.891678,0.0386,0.0399277,0.00583051,0.156693,480,0,0.327619,8.20531,1.28571,56.1905
236,2.2087,0.0386,0.0871809,0.00583051,0.342135,480,0,0.327619,3.75792,1.28571,56.1905
237,1.05876,0.0386,0.00686431,0.00583051,0.0269384,480,0,0.327619,47.7279,1.28571,56.1905
238,2.23097,0.0386,0.0290459,0.00583051,0.113988,480,0,0.327619,11.2794,1.28571,56.1905
239,0.88933,0.0386,0.00919177,0.00583051,0.0360724,480,0,0.327619,35.6426,1.28571,56.1905
240,0.754684,0.0386,0.0464111,0.00583051,0.182137,480,0,0.327619,7.05907,1.28571,56.1905
241,1.84801,0.0386,0.0294347,0.00583051,0.115514,480,0,0.327619,11.1304,1.28571,56.1905
242,1.41697,0.0386,0.0448692,0.00583051,0.176085,480,0,0.327619,7.30165,1.28571,56.1905
243,0.249227,0.0386,0.149857,0.00583051,0.588101,480,0,0.327619,2.18621,1.28571,56.1905
244,2.23315,0.0386,0.0210201,0.00583051,0.0824916,480,0,0.327619,15.586,1.28571,56.1905
245,1.88436,0.0386,0.138587,0.00583051,0.543873,480,0,0.327619,2.364,1.28571,56.1905
246,1.01016,0.0386,0.0694694,0.00583051,0.272627,480,0,0.327619,4.71602,1.28571,56.1905
247,0.837919,0.0386,0.00964561,0.00583051,0.0378534,480,0,0.327619,33.9656,1.28571,56.1905
248,1.87869,0.0386,0.0135711,0.00583051,0.0532586,480,0,0.327619,24.141,1.28571,56.1905
249,0.754523,0.0386,0.045562,0.00583051,0.178804,480,0,0.327619,7.19062,1.28571,56.1905
250,0.117892,0.0386,0.0434477,0.00583051,0.170507,480,0,0.327619,7.54053,1.28571,56.1905
251,0.411791,0.0386,0.0100782,0.00583051,0.0395512,480,0,0.327619,32.5076,1.28571,56.1905
252,0.579166,0.0386,0.321813,0.00583051,1.26293,480,0,0.327619,1.01804,1.28571,56.1905
253,0.797476,0.0386,0.109175,0.00583051,0.428447,480,0,0.327619,3.00087,1.28571,56.1905
254,0.247896,0.0386,0.0104779,0.00583051,0.0411195,480,0,0.327619,31.2677,1.28571,56.1905
255,0.601969,0.0386,0.00764451,0.00583051,0.0300002,480,0,0.327619,42.8568,1.28571,56.1905
256,1.21714,0.0386,0.0224964,0.00583051,0.0882851,480,0,0.327619,14.5632,1.28571,56.1905
257,0.560765,0.0386,0.0351424,0.00583051,0.137913,480,0,0.327619,9.32262,1.28571,56.1905
258,1.12074,0.0386,0.0510686,0.00583051,0.200414,480,0,0.327619,6.41528,1.28571,56.1905
259,1.58219,0.0386,0.0321168,0.00583051,0.12604,480,0,0.327619,10.2009,1.28571,56.1905
260,1.26235,0.0386,0.00758346,0.00583051,0.0297607,480,0,0.327619,43.2018,1.28571,56.1905
261,1.51147,0.0386,0.0729754,0.00583051,0.286386,480,0,0.327619,4.48945,1.28571,56.1905
262,0.668598,0.0386,0.0068722,0.00583051,0.0269694,480,0,0.327619,47.6731,1.28571,56.1905
263,0.167061,0.0386,0.00912563,0.00583051,0.0358128,480,0,0.327619,35.901,1.28571,56.1905
264,1.1188,0.0386,0.00782405,0.00583051,0.0307048,480,0,0.327619,41.8734,1.28571,56.1905
265,2.06373,0.0386,0.00837132,0.00583051,0.0328525,480,0,0.327619,39.1359,1.28571,56.1905
266,1.37834,0.0386,0.0314475,0.00583051,0.123413,480,0,0.327619,10.418,1.28571,56.1905
267,0.994047,0.0386,0.131621,0.00583051,0.516536,480,0,0.327619,2.48911,1.28571,56.1905
268,3.10486,0.0386,0.077999,0.00583051,0.306101,480,0,0.327619,4.2003,1.28571,56.1905
269,0.226465,0.0386,0.00771368,0.00583051,0.0302717,480,0,0.327619,42.4725,1.28571,56.1905
270,1.51206,0.0386,0.148058,0.00583051,0.581042,480,0,0.327619,2.21277,1.28571,56.1905
271,3.11896,0.0386,0.0530903,0.00583051,0.208349,480,0,0.327619,6.17097,1.28571,56.1905
272,1.31938,0.0386,0.0188083,0.00583051,0.0738116,480,0,0.327619,17.4189,1.28571,56.1905
273,1.99814,0.0386,0.00745604,0.00583051,0.0292606,480,0,0.327619,43.9401,1.28571,56.1905
274,1.17706,0.0386,0.0529354,0.00583051,0.207741,480,0,0.327619,6.18903,1.28571,56.1905
275,0.805294,0.0386,0.0365958,0.00583051,0.143617,480,0,0.327619,8.95237,1.28571,56.1905
276,0.296718,0.0386,0.0973298,0.00583051,0.381963,480,0,0.327619,3.36607,1.28571,56.1905
277,0.797686,0.0386,0.101885,0.00583051,0.399838,480,0,0.327619,3.21559,1.28571,56.1905
278,0.158216,0.0386,0.0334895,0.00583051,0.131427,480,0,0.327619,9.78274,1.28571,56.1905
279,0.673293,0.0386,0.0804692,0.00583051,0.315795,480,0,0.327619,4.07136,1.28571,56.1905
280,1.65779,0.0386,0.00715651,0.00583051,0.0280851,480,0,0.327619,45.7792,1.28571,56.1905
281,0.794696,0.0386,0.0355155,0.00583051,0.139378,480,0,0.327619,9.22467,1.28571,56.1905
282,1.26021,0.0386,0.00533039,0.00583051,0.0209187,480,0,0.327619,61.4625,1.28571,56.1905
283,0.855828,0.0386,0.00766302,0.00583051,0.0300729,480,0,0.327619,42.7533,1.28571,56.1905
284,0.307171,0.0386,0.00961857,0.00583051,0.0377473,480,0,0.327619,34.0611,1.28571,56.1905
285,0.556168,0.0386,0.046006,0.00583051,0.180547,480,0,0.327619,7.12122,1.28571,56.1905
286,1.48396,0.0386,0.0281231,0.00583051,0.110367,480,0,0.327619,11.6495,1.28571,56.1905
287,1.51283,0.0386,0.00672938,0.00583051,0.0264089,480,0,0.327619,48.6849,1.28571,56.1905
288,1.16453,0.0386,0.0369424,0.00583051,0.144978,480,0,0.327619,8.86837,1.28571,56.1905
289,0.704364,0.0386,0.0861296,0.00583051,0.338008,480,0,0.327619,3.80379,1.28571,56.1905
290,1.53281,0.0386,0.0437954,0.00583051,0.171871,480,0,0.327619,7.48068,1.28571,56.1905
291,1.10681,0.0386,0.0313036,0.00583051,0.122849,480,0,0.327619,10.4658,1.28571,56.1905
292,0.304517,0.0386,0.155805,0.00583051,0.611443,480,0,0.327619,2.10275,1.28571,56.1905
293,0.513483,0.0386,0.0185297,0.00583051,0.0727182,480,0,0.327619,17.6808,1.28571,56.1905
294,2.1451,0.0386,0.215376,0.00583051,0.845227,480,0,0.327619,1.52115,1.28571,56.1905
295,1.84171,0.0386,0.0255999,0.00583051,0.100465,480,0,0.327619,12.7977,1.28571,56.1905
296,0.425994,0.0386,0.0153625,0.00583051,0.060289,480,0,0.327619,21.3258,1.28571,56.1905
297,1.39675,0.0386,0.0399396,0.00583051,0.15674,480,0,0.327619,8.20287,1.28571,56.1905
298,0.642613,0.0386,0.00423167,0.00583051,0.0166068,480,0,0.327619,77.4207,1.28571,56.1905
299,0.760571,0.0386,0.065021,0.00583051,0.25517,480,0,0.327619,5.03867,1.28571,56.1905
300,0.756107,0.0386,0.0186287,0.00583051,0.0731069,480,0,0.327619,17.5868,1.28571,56.1905
301,1.76776,0.0386,0.00932775,0.00583051,0.036606,480,0,0.327619,35.1231,1.28571,56.1905
302,0.7078,0.0386,0.0558506,0.00583051,0.219181,480,0,0.327619,5.86599,1.28571,56.1905
303,0.274763,0.0386,0.060698,0.00583051,0.238204,480,0,0.327619,5.39753,1.28571,56.1905
304,0.439347,0.0386,0.177943,0.00583051,0.698323,480,0,0.327619,1.84115,1.28571,56.1905
305,1.06063,0.0386,0.165181,0.00583051,0.64824,480,0,0.327619,1.98339,1.28571,56.1905
306,0.768032,0.0386,0.00377773,0.00583051,0.0148254,480,0,0.327619,86.7239,1.28571,56.1905
307,0.561278,0.0386,0.155092,0.00583051,0.608647,480,0,0.327619,2.11241,1.28571,56.1905
308,0.472053,0.0386,0.0321409,0.00583051,0.126134,480,0,0.327619,10.1932,1.28571,56.1905
309,3.31717,0.0386,0.0483517,0.00583051,0.189752,480,0,0.327619,6.77575,1.28571,56.1905
310,0.81198,0.0386,0.0485483,0.00583051,0.190524,480,0,0.327619,6.74831,1.28571,56.1905
311,1.51669,0.0386,0.0434003,0.00583051,0.170321,480,0,0.327619,7.54878,1.28571,56.1905
312,1.60252,0.0386,0.0152615,0.00583051,0.0598926,480,0,0.327619,21.467,1.28571,56.1905
313,0.414712,0.0386,0.186583,0.00583051,0.73223,480,0,0.327619,1.75589,1.28571,56.1905
314,0.652053,0.0386,0.168582,0.00583051,0.661586,480,0,0.327619,1.94338,1.28571,56.1905
315,1.37367,0.0386,0.0541472,0.00583051,0.212496,480,0,0.327619,6.05052,1.28571,56.1905
316,1.45164,0.0386,0.0709094,0.00583051,0.278278,480,0,0.327619,4.62025,1.28571,56.1905
317,0.38608,0.0386,0.00426478,0.00583051,0.0167368,480,0,0.327619,76.8197,1.28571,56.1905
318,0.333882,0.0386,0.0134441,0.00583051,0.0527604,480,0,0.327619,24.3689,1.28571,56.1905
319,0.749842,0.0386,0.0134625,0.00583051,0.0528325,480,0,0.327619,24.3357,1.28571,56.1905
320,2.4769,0.0386,0.00660589,0.00583051,0.0259243,480,0,0.327619,49.595,1.28571,56.1905
321,1.15985,0.0386,0.0323008,0.00583051,0.126762,480,0,0.327619,10.1427,1.28571,56.1905
322,1.15982,0.0386,0.0118027,0.00583051,0.0463186,480,0,0.327619,27.7581,1.28571,56.1905
323,1.16781,0.0386,0.352359,0.00583051,1.38281,480,0,0.327619,0.929786,1.28571,56.1905
324,0.694819,0.0386,0.0203722,0.00583051,0.0799492,480,0,0.327619,16.0816,1.28571,56.1905
325,0.486162,0.0386,0.172329,0.00583051,0.676292,480,0,0.327619,1.90112,1.28571,56.1905
326,0.995213,0.0386,0.00767549,0.00583051,0.0301218,480,0,0.327619,42.6838,1.28571,56.1905
327,0.219706,0.0386,0.0361525,0.00583051,0.141878,480,0,0.327619,9.06213,1.28571,56.1905
328,0.346618,0.0386,0.0201268,0.00583051,0.0789862,480,0,0.327619,16.2777,1.28571,56.1905
329,1.09217,0.0386,0.0297628,0.00583051,0.116802,480,0,0.327619,11.0077,1.28571,56.1905
330,2.82551,0.0386,0.04581,0.00583051,0.179777,480,0,0.327619,7.1517,1.28571,56.1905
331,1.45373,0.0386,0.116275,0.00583051,0.456313,480,0,0.327619,2.81762,1.28571,56.1905
332,1.68426,0.0386,0.00646495,0.00583051,0.0253712,480,0,0.327619,50.6762,1.28571,56.1905
333,0.916586,0.0386,0.0209969,0.00583051,0.0824008,480,0,0.327619,15.6032,1.28571,56.1905
334,1.76877,0.0386,0.0161642,0.00583051,0.063435,480,0,0.327619,20.2682,1.28571,56.1905
335,4.54821,0.0386,0.0462038,0.00583051,0.181323,480,0,0.327619,7.09074,1.28571,56.1905
336,1.55192,0.0386,0.0163957,0.00583051,0.0643437,480,0,0.327619,19.982,1.28571,56.1905
337,1.68802,0.0386,0.0131553,0.00583051,0.051627,480,0,0.327619,24.9039,1.28571,56.1905
338,1.7874,0.0386,0.0122331,0.00583051,0.0480078,480,0,0.327619,26.7813,1.28571,56.1905
339,0.772027,0.0386,0.0127672,0.00583051,0.0501039,480,0,0.327619,25.661,1.28571,56.1905
340,1.46471,0.0386,0.0882299,0.00583051,0.346251,480,0,0.327619,3.71324,1.28571,56.1905
341,0.670816,0.0386,0.0329025,0.00583051,0.129123,480,0,0.327619,9.95728,1.28571,56.1905
342,0.876271,0.0386,0.00832176,0.00583051,0.0326581,480,0,0.327619,39.369,1.28571,56.1905
343,2.76857,0.0386,0.0546048,0.00583051,0.214292,480,0,0.327619,5.99982,1.28571,56.1905
344,2.68104,0.0386,0.080977,0.00583051,0.317788,480,0,0.327619,4.04583,1.28571,56.1905
345,3.29629,0.0386,0.0509702,0.00583051,0.200028,480,0,0.327619,6.42766,1.28571,56.1905
346,1.34451,0.0386,0.388972,0.00583051,1.52649,480,0,0.327619,0.842269,1.28571,56.1905
347,0.796954,0.0386,0.00676221,0.00583051,0.0265377,480,0,0.327619,48.4485,1.28571,56.1905
348,0.665762,0.0386,0.0103925,0.00583051,0.0407844,480,0,0.327619,31.5247,1.28571,56.1905
349,0.627356,0.0386,0.098153,0.00583051,0.385193,480,0,0.327619,3.33784,1.28571,56.1905
350,1.09381,0.0386,0.0266263,0.00583051,0.104493,480,0,0.327619,12.3044,1.28571,56.1905
351,1.1599,0.0386,0.102941,0.00583051,0.403984,480,0,0.327619,3.18258,1.28571,56.1905
352,1.18013,0.0386,0.0746682,0.00583051,0.293029,480,0,0.327619,4.38767,1.28571,56.1905
353,1.492,0.0386,0.0148341,0.00583051,0.0582154,480,0,0.327619,22.0855,1.28571,56.1905
354,1.28706,0.0386,0.0108459,0.00583051,0.0425639,480,0,0.327619,30.2067,1.28571,56.1905
355,0.521611,0.0386,0.0189498,0.00583051,0.0743668,480,0,0.327619,17.2888,1.28571,56.1905
356,0.268064,0.0386,0.0709223,0.00583051,0.278329,480,0,0.327619,4.61941,1.28571,56.1905
357,0.924184,0.0386,0.00424983,0.00583051,0.0166781,480,0,0.327619,77.0899,1.28571,56.1905
358,0.200624,0.0386,0.00648166,0.00583051,0.0254367,480,0,0.327619,50.5456,1.28571,56.1905
359,0.780066,0.0386,0.0443821,0.00583051,0.174174,480,0,0.327619,7.38178,1.28571,56.1905
360,1.63261,0.0386,0.0147186,0.00583051,0.057762,480,0,0.327619,22.2588,1.28571,56.1905
361,0.749829,0.0386,0.0232899,0.00583051,0.0913993,480,0,0.327619,14.067,1.28571,56.1905
362,1.40702,0.0386,0.0824331,0.00583051,0.323502,480,0,0.327619,3.97436,1.28571,56.1905
363,0.703393,0.0386,0.0268499,0.00583051,0.10537,480,0,0.327619,12.2019,1.28571,56.1905
364,1.50165,0.0386,0.00408614,0.00583051,0.0160357,480,0,0.327619,80.1782,1.28571,56.1905
365,0.615062,0.0386,0.00349389,0.00583051,0.0137115,480,0,0.327619,93.7692,1.28571,56.1905
366,1.06338,0.0386,0.0518487,0.00583051,0.203476,480,0,0.327619,6.31875,1.28571,56.1905
367,0.193188,0.0386,0.101347,0.00583051,0.397728,480,0,0.327619,3.23265,1.28571,56.1905
368,0.465049,0.0386,0.0681432,0.00583051,0.267422,480,0,0.327619,4.8078,1.28571,56.1905
369,1.6997,0.0386,0.0241645,0.00583051,0.0948317,480,0,0.327619,13.5578,1.28571,56.1905
370,1.17479,0.0386,0.282162,0.00583051,1.10732,480,0,0.327619,1.1611,1.28571,56.1905
371,1.61533,0.0386,0.0266439,0.00583051,0.104562,480,0,0.327619,12.2962,1.28571,56.1905
372,0.500016,0.0386,0.0788488,0.00583051,0.309436,480,0,0.327619,4.15503,1.28571,56.1905
373,0.574878,0.0386,0.020082,0.00583051,0.0788101,480,0,0.327619,16.3141,1.28571,56.1905
374,1.98877,0.0386,0.0164156,0.00583051,0.0644217,480,0,0.327619,19.9578,1.28571,56.1905
375,4.32566,0.0386,0.0911965,0.00583051,0.357893,480,0,0.327619,3.59245,1.28571,56.1905
376,0.442488,0.0386,0.00712949,0.00583051,0.0279791,480,0,0.327619,45.9527,1.28571,56.1905
377,1.3679,0.0386,0.0115077,0.00583051,0.0451612,480,0,0.327619,28.4695,1.28571,56.1905
378,1.60086,0.0386,0.684717,0.00583051,2.68712,480,0,0.327619,0.478473,1.28571,56.1905
379,0.232485,0.0386,0.198673,0.00583051,0.779677,480,0,0.327619,1.64903,1.28571,56.1905
380,0.969949,0.0386,0.00905233,0.00583051,0.0355251,480,0,0.327619,36.1917,1.28571,56.1905
381,1.23565,0.0386,0.0395682,0.00583051,0.155282,480,0,0.327619,8.27985,1.28571,56.1905
382,0.982403,0.0386,0.0394925,0.00583051,0.154985,480,0,0.327619,8.29572,1.28571,56.1905
383,0.971215,0.0386,0.00518099,0.00583051,0.0203324,480,0,0.327619,63.2348,1.28571,56.1905
384,0.757464,0.0386,0.0392081,0.00583051,0.153869,480,0,0.327619,8.35591,1.28571,56.1905
385,0.519015,0.0386,0.0385838,0.00583051,0.151419,480,0,0.327619,8.49111,1.28571,56.1905
386,1.57257,0.0386,0.046831,0.00583051,0.183784,480,0,0.327619,6.99578,1.28571,56.1905
387,0.370262,0.0386,0.105956,0.00583051,0.415816,480,0,0.327619,3.09203,1.28571,56.1905
388,0.32208,0.0386,0.0376721,0.00583051,0.147841,480,0,0.327619,8.6966,1.28571,56.1905
389,0.239287,0.0386,0.00852432,0.00583051,0.033453,480,0,0.327619,38.4334,1.28571,56.1905
390,1.06686,0.0386,0.130676,0.00583051,0.512826,480,0,0.327619,2.50711,1.28571,56.1905
391,0.894311,0.0386,0.0204519,0.00583051,0.0802619,480,0,0.327619,16.019,1.28571,56.1905
392,0.436576,0.0386,0.0393001,0.00583051,0.15423,480,0,0.327619,8.33634,1.28571,56.1905
393,0.260427,0.0386,0.00487215,0.00583051,0.0191204,480,0,0.327619,67.2432,1.28571,56.1905
394,0.667276,0.0386,0.0306806,0.00583051,0.120404,480,0,0.327619,10.6784,1.28571,56.1905
395,0.271626,0.0386,0.35215,0.00583051,1.38198,480,0,0.327619,0.93034,1.28571,56.1905
396,1.51887,0.0386,0.0138572,0.00583051,0.0543815,480,0,0.327619,23.6425,1.28571,56.1905
397,1.7766,0.0386,0.0265273,0.00583051,0.104104,480,0,0.327619,12.3503,1.28571,56.1905
398,1.03081,0.0386,0.0370742,0.00583051,0.145495,480,0,0.327619,8.83685,1.28571,56.1905
399,1.97846,0.0386,0.0273,0.00583051,0.107137,480,0,0.327619,12.0007,1.28571,56.1905
400,0.402079,0.0386,0.0183285,0.00583051,0.0719287,480,0,0.327619,17.8748,1.28571,56.1905
401,1.72064,0.0386,0.022694,0.00583051,0.0890607,480,0,0.327619,14.4364,1.28571,56.1905
402,1.24518,0.0386,0.0460915,0.00583051,0.180882,480,0,0.327619,7.10802,1.28571,56.1905
403,0.235617,0.0386,0.0988854,0.00583051,0.388068,480,0,0.327619,3.31312,1.28571,56.1905
404,0.816778,0.0386,0.103943,0.00583051,0.407915,480,0,0.327619,3.15192,1.28571,56.1905
405,1.27984,0.0386,0.0505785,0.00583051,0.198491,480,0,0.327619,6.47744,1.28571,56.1905
406,0.449407,0.0386,0.0206022,0.00583051,0.0808518,480,0,0.327619,15.9021,1.28571,56.1905
407,1.70052,0.0386,0.0116192,0.00583051,0.0455987,480,0,0.327619,28.1963,1.28571,56.1905
408,0.699141,0.0386,0.275693,0.00583051,1.08194,480,0,0.327619,1.18835,1.28571,56.1905
409,0.129494,0.0386,0.02022,0.00583051,0.0793517,480,0,0.327619,16.2027,1.28571,56.1905
410,1.60821,0.0386,0.0451458,0.00583051,0.177171,480,0,0.327619,7.25692,1.28571,56.1905
411,2.49011,0.0386,0.0203655,0.00583051,0.0799228,480,0,0.327619,16.087,1.28571,56.1905
412,1.36184,0.0386,0.030935,0.00583051,0.121402,480,0,0.327619,10.5906,1.28571,56.1905
413,0.608022,0.0386,0.0269062,0.00583051,0.105591,480,0,0.327619,12.1763,1.28571,56.1905
414,0.181157,0.0386,0.183273,0.00583051,0.719241,480,0,0.327619,1.7876,1.28571,56.1905
415,0.654397,0.0386,0.0143809,0.00583051,0.0564368,480,0,0.327619,22.7815,1.28571,56.1905
416,2.51263,0.0386,0.0502431,0.00583051,0.197175,480,0,0.327619,6.52067,1.28571,56.1905
417,0.952264,0.0386,0.0137319,0.00583051,0.0538896,480,0,0.327619,23.8583,1.28571,56.1905
418,1.87054,0.0386,0.0526342,0.00583051,0.206559,480,0,0.327619,6.22445,1.28571,56.1905
419,3.05665,0.0386,0.0803431,0.00583051,0.3153,480,0,0.327619,4.07775,1.28571,56.1905
420,1.13,0.0386,0.0183656,0.00583051,0.0720743,480,0,0.327619,17.8387,1.28571,56.1905
421,1.03066,0.0386,0.0512733,0.00583051,0.201218,480,0,0.327619,6.38967,1.28571,56.1905
422,1.84476,0.0386,0.034839,0.00583051,0.136723,480,0,0.327619,9.4038,1.28571,56.1905
423,1.98877,0.0386,0.0822569,0.00583051,0.322811,480,0,0.327619,3.98288,1.28571,56.1905
424,3.61636,0.0386,0.0600943,0.00583051,0.235835,480,0,0.327619,5.45175,1.28571,56.1905
425,0.493383,0.0386,0.0834724,0.00583051,0.327581,480,0,0.327619,3.92488,1.28571,56.1905
426,0.511445,0.0386,0.0203692,0.00583051,0.0799371,480,0,0.327619,16.0841,1.28571,56.1905
427,0.554344,0.0386,0.0207558,0.00583051,0.0814545,480,0,0.327619,15.7844,1.28571,56.1905
428,1.51728,0.0386,0.0151932,0.00583051,0.0596246,480,0,0.327619,21.5635,1.28571,56.1905
429,0.308408,0.0386,0.0100857,0.00583051,0.0395803,480,0,0.327619,32.4837,1.28571,56.1905
430,0.847948,0.0386,0.0998147,0.00583051,0.391714,480,0,0.327619,3.28227,1.28571,56.1905
431,0.536878,0.0386,0.00302233,0.00583051,0.0118609,480,0,0.327619,108.4,1.28571,56.1905
432,0.56685,0.0386,0.0505491,0.00583051,0.198376,480,0,0.327619,6.48121,1.28571,56.1905
433,1.75647,0.0386,0.0511376,0.00583051,0.200685,480,0,0.327619,6.40662,1.28571,56.1905
434,1.94452,0.0386,0.0412693,0.00583051,0.161958,480,0,0.327619,7.93857,1.28571,56.1905
435,1.3907,0.0386,0.017229,0.00583051,0.067614,480,0,0.327619,19.0155,1.28571,56.1905
436,0.93605,0.0386,0.0365897,0.00583051,0.143593,480,0,0.327619,8.95385,1.28571,56.1905
437,0.86432,0.0386,0.0971021,0.00583051,0.381069,480,0,0.327619,3.37397,1.28571,56.1905
438,1.19588,0.0386,0.0521142,0.00583051,0.204518,480,0,0.327619,6.28655,1.28571,56.1905
439,1.691,0.0386,0.0488764,0.00583051,0.191811,480,0,0.327619,6.70302,1.28571,56.1905
440,0.3045,0.0386,0.0830678,0.00583051,0.325993,480,0,0.327619,3.944,1.28571,56.1905
441,1.04708,0.0386,0.00602423,0.00583051,0.0236416,480,0,0.327619,54.3835,1.28571,56.1905
442,1.69788,0.0386,0.0695082,0.00583051,0.272779,480,0,0.327619,4.71339,1.28571,56.1905
443,1.29578,0.0386,0.00261274,0.00583051,0.0102535,480,0,0.327619,125.393,1.28571,56.1905
444,0.984701,0.0386,0.0503997,0.00583051,0.197789,480,0,0.327619,6.50042,1.28571,56.1905
445,0.632146,0.0386,0.0491572,0.00583051,0.192913,480,0,0.327619,6.66472,1.28571,56.1905
446,0.535044,0.0386,0.0148783,0.00583051,0.0583888,480,0,0.327619,22.0199,1.28571,56.1905
447,0.849917,0.0386,0.0341178,0.00583051,0.133893,480,0,0.327619,9.60258,1.28571,56.1905
448,0.404507,0.0386,0.0640592,0.00583051,0.251395,480,0,0.327619,5.11432,1.28571,56.1905
449,0.97549,0.0386,0.0806774,0.00583051,0.316612,480,0,0.327619,4.06085,1.28571,56.1905
450,1.10132,0.0386,0.195622,0.00583051,0.767704,480,0,0.327619,1.67475,1.28571,56.1905
451,3.0181,0.0386,0.0242504,0.00583051,0.0951685,480,0,0.327619,13.5099,1.28571,56.1905
452,1.24334,0.0386,0.0311261,0.00583051,0.122152,480,0,0.327619,10.5255,1.28571,56.1905
453,0.565729,0.0386,0.0257322,0.00583051,0.100984,480,0,0.327619,12.7319,1.28571,56.1905
454,1.10333,0.0386,0.081636,0.00583051,0.320374,480,0,0.327619,4.01317,1.28571,56.1905
455,3.65763,0.0386,0.0469802,0.00583051,0.18437,480,0,0.327619,6.97356,1.28571,56.1905
456,0.675055,0.0386,0.100979,0.00583051,0.396286,480,0,0.327619,3.24441,1.28571,56.1905
457,1.32277,0.0386,0.0359004,0.00583051,0.140888,480,0,0.327619,9.12578,1.28571,56.1905
458,0.667897,0.0386,0.0531042,0.00583051,0.208403,480,0,0.327619,6.16937,1.28571,56.1905
459,0.562961,0.0386,0.142539,0.00583051,0.559383,480,0,0.327619,2.29845,1.28571,56.1905
460,1.86475,0.0386,0.00557855,0.00583051,0.0218926,480,0,0.327619,58.7283,1.28571,56.1905
461,0.579206,0.0386,0.0358984,0.00583051,0.14088,480,0,0.327619,9.12628,1.28571,56.1905
462,0.344415,0.0386,0.00962618,0.00583051,0.0377772,480,0,0.327619,34.0342,1.28571,56.1905
463,0.406887,0.0386,0.0121593,0.00583051,0.0477182,480,0,0.327619,26.9439,1.28571,56.1905
464,1.80587,0.0386,0.0316036,0.00583051,0.124026,480,0,0.327619,10.3665,1.28571,56.1905
465,0.688375,0.0386,0.0386775,0.00583051,0.151787,480,0,0.327619,8.47054,1.28571,56.1905
466,0.593849,0.0386,0.103717,0.00583051,0.407028,480,0,0.327619,3.15878,1.28571,56.1905
467,0.609889,0.0386,0.0331819,0.00583051,0.13022,480,0,0.327619,9.87342,1.28571,56.1905
468,1.21504,0.0386,0.0450121,0.00583051,0.176646,480,0,0.327619,7.27846,1.28571,56.1905
469,1.8771,0.0386,0.00679571,0.00583051,0.0266692,480,0,0.327619,48.2097,1.28571,56.1905
470,0.710406,0.0386,0.0454763,0.00583051,0.178468,480,0,0.327619,7.20417,1.28571,56.1905
471,0.0576519,0.0386,0.0356826,0.00583051,0.140033,480,0,0.327619,9.18148,1.28571,56.1905
472,1.50207,0.0386,0.0228765,0.00583051,0.089777,480,0,0.327619,14.3212,1.28571,56.1905
473,1.12431,0.0386,0.0214325,0.00583051,0.0841103,480,0,0.327619,15.2861,1.28571,56.1905
474,1.19763,0.0386,0.0273165,0.00583051,0.107201,480,0,0.327619,11.9935,1.28571,56.1905
475,1.51193,0.0386,0.185389,0.00583051,0.727544,480,0,0.327619,1.7672,1.28571,56.1905
476,0.235833,0.0386,0.117915,0.00583051,0.462748,480,0,0.327619,2.77843,1.28571,56.1905
477,1.84338,0.0386,0.0451807,0.00583051,0.177308,480,0,0.327619,7.25131,1.28571,56.1905
478,1.25766,0.0386,0.0146125,0.00583051,0.0573457,480,0,0.327619,22.4204,1.28571,56.1905
479,1.72669,0.0386,0.0430025,0.00583051,0.16876,480,0,0.327619,7.6186,1.28571,56.1905
480,1.7397,0.0386,0.230003,0.00583051,0.902627,480,0,0.327619,1.42441,1.28571,56.1905
481,0.580906,0.0386,0.0134864,0.00583051,0.0529262,480,0,0.327619,24.2926,1.28571,56.1905
482,0.748227,0.0386,0.00914058,0.00583051,0.0358715,480,0,0.327619,35.8423,1.28571,56.1905
483,2.77232,0.0386,0.0238647,0.00583051,0.0936551,480,0,0.327619,13.7282,1.28571,56.1905
484,2.92359,0.0386,0.0271592,0.00583051,0.106584,480,0,0.327619,12.0629,1.28571,56.1905
485,2.08792,0.0386,0.0504082,0.00583051,0.197823,480,0,0.327619,6.49932,1.28571,56.1905
486,0.416044,0.0386,0.00537753,0.00583051,0.0211037,480,0,0.327619,60.9237,1.28571,56.1905
487,1.48901,0.0386,0.0124982,0.00583051,0.049048,480,0,0.327619,26.2134,1.28571,56.1905
488,0.990656,0.0386,0.0063519,0.00583051,0.0249275,480,0,0.327619,51.5781,1.28571,56.1905
489,1.60748,0.0386,0.00798363,0.00583051,0.0313311,480,0,0.327619,41.0363,1.28571,56.1905
490,1.79914,0.0386,0.184901,0.00583051,0.725629,480,0,0.327619,1.77186,1.28571,56.1905
491,0.188315,0.0386,0.0098687,0.00583051,0.0387289,480,0,0.327619,33.1978,1.28571,56.1905
492,1.34925,0.0386,0.0214149,0.00583051,0.0840412,480,0,0.327619,15.2986,1.28571,56.1905
493,2.38269,0.0386,0.0247529,0.00583051,0.0971407,480,0,0.327619,13.2356,1.28571,56.1905
494,1.03635,0.0386,0.00465732,0.00583051,0.0182773,480,0,0.327619,70.345,1.28571,56.1905
495,1.17229,0.0386,0.0324429,0.00583051,0.12732,480,0,0.327619,10.0983,1.28571,56.1905
496,0.79712,0.0386,0.0462025,0.00583051,0.181318,480,0,0.327619,7.09093,1.28571,56.1905
497,0.819001,0.0386,0.0290173,0.00583051,0.113876,480,0,0.327619,11.2905,1.28571,56.1905
498,0.623774,0.0386,0.0265797,0.00583051,0.10431,480,0,0.327619,12.3259,1.28571,56.1905
499,1.80941,0.0386,0.0200876,0.00583051,0.0788323,480,0,0.327619,16.3095,1.28571,56.1905
