PID,i_lum_F1_indiv,i_lum_k12(KA),i_lum_k23(Q/V),i_lum_k32(Q/VP),i_lum_k20(CL/V),total_mg_dose_per_occassion,DS,Q,V,CL,VP
0,1.07922,0.0386,0.0342335,0.00583051,0.134346,120,0,0.0819048,2.39253,0.321429,14.0476
1,0.792997,0.0386,0.027411,0.00583051,0.107572,120,0,0.0819048,2.98803,0.321429,14.0476
2,1.29034,0.0386,0.0189505,0.00583051,0.0743696,120,0,0.0819048,4.32204,0.321429,14.0476
3,1.47133,0.0386,0.0733897,0.00583051,0.288012,120,0,0.0819048,1.11603,0.321429,14.0476
4,0.966735,0.0386,0.144078,0.00583051,0.565424,120,0,0.0819048,0.568473,0.321429,14.0476
5,1.33457,0.0386,0.00273522,0.00583051,0.0107341,120,0,0.0819048,29.9445,0.321429,14.0476
6,1.60635,0.0386,0.0299912,0.00583051,0.117698,120,0,0.0819048,2.73096,0.321429,14.0476
7,0.945441,0.0386,0.0952329,0.00583051,0.373734,120,0,0.0819048,0.860047,0.321429,14.0476
8,2.19697,0.0386,0.0249025,0.00583051,0.0977279,120,0,0.0819048,3.28902,0.321429,14.0476
9,1.40276,0.0386,0.0624706,0.00583051,0.245161,120,0,0.0819048,1.31109,0.321429,14.0476
10,0.92924,0.0386,0.0373932,0.00583051,0.146747,120,0,0.0819048,2.19036,0.321429,14.0476
11,2.19545,0.0386,0.0348779,0.00583051,0.136876,120,0,0.0819048,2.34833,0.321429,14.0476
12,1.32289,0.0386,0.0190155,0.00583051,0.0746246,120,0,0.0819048,4.30727,0.321429,14.0476
13,1.01538,0.0386,0.109479,0.00583051,0.429641,120,0,0.0819048,0.748133,0.321429,14.0476
14,1.14148,0.0386,0.0117872,0.00583051,0.0462578,120,0,0.0819048,6.94863,0.321429,14.0476
15,0.930448,0.0386,0.0357051,0.00583051,0.140122,120,0,0.0819048,2.29392,0.321429,14.0476
16,0.527767,0.0386,0.0216909,0.00583051,0.085124,120,0,0.0819048,3.776,0.321429,14.0476
17,0.833624,0.0386,0.380855,0.00583051,1.49463,120,0,0.0819048,0.215055,0.321429,14.0476
18,1.29534,0.0386,0.0289025,0.00583051,0.113425,120,0,0.0819048,2.83383,0.321429,14.0476
19,1.7309,0.0386,0.0127722,0.00583051,0.0501236,120,0,0.0819048,6.41272,0.321429,14.0476
20,1.09223,0.0386,0.0128654,0.00583051,0.0504892,120,0,0.0819048,6.36628,0.321429,14.0476
21,0.602809,0.0386,0.0130539,0.00583051,0.0512291,120,0,0.0819048,6.27434,0.321429,14.0476
22,0.246411,0.0386,0.0180756,0.00583051,0.0709361,120,0,0.0819048,4.53124,0.321429,14.0476
23,0.798118,0.0386,0.0353728,0.00583051,0.138817,120,0,0.0819048,2.31548,0.321429,14.0476
24,0.606221,0.0386,0.00625327,0.00583051,0.0245404,120,0,0.0819048,13.0979,0.321429,14.0476
25,0.664216,0.0386,0.0180077,0.00583051,0.0706696,120,0,0.0819048,4.54833,0.321429,14.0476
26,1.57099,0.0386,0.423545,0.00583051,1.66217,120,0,0.0819048,0.193379,0.321429,14.0476
27,0.93234,0.0386,0.0466599,0.00583051,0.183113,120,0,0.0819048,1.75536,0.321429,14.0476
28,1.84023,0.0386,0.0603574,0.00583051,0.236868,120,0,0.0819048,1.357,0.321429,14.0476
29,0.747408,0.0386,0.0153768,0.00583051,0.060345,120,0,0.0819048,5.32652,0.321429,14.0476
30,0.46084,0.0386,0.0247334,0.00583051,0.0970643,120,0,0.0819048,3.3115,0.321429,14.0476
31,1.28639,0.0386,0.00839118,0.00583051,0.0329305,120,0,0.0819048,9.76082,0.321429,14.0476
32,0.921685,0.0386,0.138867,0.00583051,0.544973,120,0,0.0819048,0.589807,0.321429,14.0476
33,0.868721,0.0386,0.024855,0.00583051,0.0975415,120,0,0.0819048,3.2953,0.321429,14.0476
34,0.180955,0.0386,0.0506964,0.00583051,0.198954,120,0,0.0819048,1.61559,0.321429,14.0476
35,1.55478,0.0386,0.622521,0.00583051,2.44303,120,0,0.0819048,0.13157,0.321429,14.0476
36,1.49036,0.0386,0.0584321,0.00583051,0.229312,120,0,0.0819048,1.40171,0.321429,14.0476
37,0.777777,0.0386,0.0738987,0.00583051,0.290009,120,0,0.0819048,1.10834,0.321429,14.0476
38,0.717934,0.0386,0.014406,0.00583051,0.056535,120,0,0.0819048,5.68548,0.321429,14.0476
39,2.5251,0.0386,0.0590234,0.00583051,0.231633,120,0,0.0819048,1.38766,0.321429,14.0476
40,2.22518,0.0386,0.24766,0.00583051,0.971923,120,0,0.0819048,0.330714,0.321429,14.0476
41,2.72458,0.0386,0.064211,0.00583051,0.251991,120,0,0.0819048,1.27556,0.321429,14.0476
42,0.409799,0.0386,0.0191126,0.00583051,0.0750057,120,0,0.0819048,4.28539,0.321429,14.0476
43,0.786347,0.0386,0.0121216,0.00583051,0.0475701,120,0,0.0819048,6.75694,0.321429,14.0476
44,0.72403,0.0386,0.0126807,0.00583051,0.0497642,120,0,0.0819048,6.45903,0.321429,14.0476
45,0.0899873,0.0386,0.00769412,0.00583051,0.030195,120,0,0.0819048,10.6451,0.321429,14.0476
46,2.26895,0.0386,0.116779,0.00583051,0.458291,120,0,0.0819048,0.701364,0.321429,14.0476
47,1.1364,0.0386,0.0396097,0.00583051,0.155445,120,0,0.0819048,2.0678,0.321429,14.0476
48,1.01016,0.0386,0.0424314,0.00583051,0.166519,120,0,0.0819048,1.93029,0.321429,14.0476
49,0.442687,0.0386,0.170673,0.00583051,0.669794,120,0,0.0819048,0.479892,0.321429,14.0476
50,1.27793,0.0386,0.0989889,0.00583051,0.388474,120,0,0.0819048,0.827413,0.321429,14.0476
51,1.5174,0.0386,0.0843063,0.00583051,0.330853,120,0,0.0819048,0.971514,0.321429,14.0476
52,1.03019,0.0386,0.00835907,0.00583051,0.0328045,120,0,0.0819048,9.79831,0.321429,14.0476
53,1.15462,0.0386,0.0530996,0.00583051,0.208385,120,0,0.0819048,1.54247,0.321429,14.0476
54,1.38807,0.0386,0.0149616,0.00583051,0.0587154,120,0,0.0819048,5.47435,0.321429,14.0476
55,0.519556,0.0386,0.0192024,0.00583051,0.0753583,120,0,0.0819048,4.26534,0.321429,14.0476
56,1.51279,0.0386,0.0440752,0.00583051,0.17297,120,0,0.0819048,1.8583,0.321429,14.0476
57,1.22813,0.0386,0.00392392,0.00583051,0.0153991,120,0,0.0819048,20.8732,0.321429,14.0476
58,0.701733,0.0386,0.13046,0.00583051,0.511979,120,0,0.0819048,0.627817,0.321429,14.0476
59,0.579392,0.0386,0.0240326,0.00583051,0.0943142,120,0,0.0819048,3.40806,0.321429,14.0476
60,1.3301,0.0386,0.0105165,0.00583051,0.0412711,120,0,0.0819048,7.78823,0.321429,14.0476
61,1.35277,0.0386,0.0189439,0.00583051,0.0743439,120,0,0.0819048,4.32354,0.321429,14.0476
62,1.28225,0.0386,0.0297484,0.00583051,0.116745,120,0,0.0819048,2.75325,0.321429,14.0476
63,0.357387,0.0386,0.0280508,0.00583051,0.110083,120,0,0.0819048,2.91987,0.321429,14.0476
64,1.9921,0.0386,0.00895168,0.00583051,0.0351302,120,0,0.0819048,9.14965,0.321429,14.0476
65,1.62862,0.0386,0.0879452,0.00583051,0.345134,120,0,0.0819048,0.931316,0.321429,14.0476
66,0.633763,0.0386,0.0118764,0.00583051,0.046608,120,0,0.0819048,6.89642,0.321429,14.0476
67,1.48328,0.0386,0.032417,0.00583051,0.127218,120,0,0.0819048,2.5266,0.321429,14.0476
68,1.49347,0.0386,0.0882319,0.00583051,0.346259,120,0,0.0819048,0.92829,0.321429,14.0476
69,1.31225,0.0386,0.0331811,0.00583051,0.130217,120,0,0.0819048,2.46841,0.321429,14.0476
70,1.77604,0.0386,0.0193433,0.00583051,0.0759112,120,0,0.0819048,4.23427,0.321429,14.0476
71,1.33569,0.0386,0.00731134,0.00583051,0.0286928,120,0,0.0819048,11.2024,0.321429,14.0476
72,0.217192,0.0386,0.0227705,0.00583051,0.0893609,120,0,0.0819048,3.59697,0.321429,14.0476
73,0.951701,0.0386,0.127316,0.00583051,0.499642,120,0,0.0819048,0.643318,0.321429,14.0476
74,2.26065,0.0386,0.0305607,0.00583051,0.119933,120,0,0.0819048,2.68007,0.321429,14.0476
75,0.992247,0.0386,0.0248349,0.00583051,0.0974624,120,0,0.0819048,3.29797,0.321429,14.0476
76,1.48156,0.0386,0.032221,0.00583051,0.126449,120,0,0.0819048,2.54196,0.321429,14.0476
77,0.288777,0.0386,0.00871095,0.00583051,0.0341854,120,0,0.0819048,9.40251,0.321429,14.0476
78,0.57532,0.0386,0.0223291,0.00583051,0.0876289,120,0,0.0819048,3.66807,0.321429,14.0476
79,1.4408,0.0386,0.0313837,0.00583051,0.123163,120,0,0.0819048,2.60979,0.321429,14.0476
80,1.35729,0.0386,0.00349948,0.00583051,0.0137334,120,0,0.0819048,23.4049,0.321429,14.0476
81,2.13711,0.0386,0.022278,0.00583051,0.0874282,120,0,0.0819048,3.67648,0.321429,14.0476
82,0.428254,0.0386,0.170331,0.00583051,0.668451,120,0,0.0819048,0.480856,0.321429,14.0476
83,0.525057,0.0386,0.0285676,0.00583051,0.112111,120,0,0.0819048,2.86705,0.321429,14.0476
84,1.89083,0.0386,0.0189452,0.00583051,0.0743489,120,0,0.0819048,4.32325,0.321429,14.0476
85,0.328981,0.0386,0.0485681,0.00583051,0.190602,120,0,0.0819048,1.68639,0.321429,14.0476
86,1.27701,0.0386,0.0230555,0.00583051,0.0904796,120,0,0.0819048,3.5525,0.321429,14.0476
87,0.960758,0.0386,0.0105415,0.00583051,0.0413694,120,0,0.0819048,7.76972,0.321429,14.0476
88,1.48631,0.0386,0.0678706,0.00583051,0.266353,120,0,0.0819048,1.20678,0.321429,14.0476
89,2.54081,0.0386,0.322313,0.00583051,1.26489,120,0,0.0819048,0.254116,0.321429,14.0476
90,1.73308,0.0386,0.0310329,0.00583051,0.121786,120,0,0.0819048,2.63929,0.321429,14.0476
91,1.45051,0.0386,0.0223902,0.00583051,0.0878686,120,0,0.0819048,3.65806,0.321429,14.0476
92,0.680847,0.0386,0.0230488,0.00583051,0.090453,120,0,0.0819048,3.55354,0.321429,14.0476
93,2.00813,0.0386,0.154284,0.00583051,0.605475,120,0,0.0819048,0.53087,0.321429,14.0476
94,1.56093,0.0386,0.0402029,0.00583051,0.157773,120,0,0.0819048,2.03729,0.321429,14.0476
95,0.625763,0.0386,0.0638733,0.00583051,0.250665,120,0,0.0819048,1.2823,0.321429,14.0476
96,0.690176,0.0386,0.0798345,0.00583051,0.313304,120,0,0.0819048,1.02593,0.321429,14.0476
97,1.97178,0.0386,0.0281742,0.00583051,0.110567,120,0,0.0819048,2.90708,0.321429,14.0476
98,0.12154,0.0386,0.00817143,0.00583051,0.0320681,120,0,0.0819048,10.0233,0.321429,14.0476
99,1.71691,0.0386,0.0139627,0.00583051,0.0547954,120,0,0.0819048,5.86598,0.321429,14.0476
100,0.394195,0.0386,0.10493,0.00583051,0.411788,120,0,0.0819048,0.780568,0.321429,14.0476
101,1.31776,0.0386,0.0380539,0.00583051,0.14934,120,0,0.0819048,2.15233,0.321429,14.0476
102,0.759124,0.0386,0.0151301,0.00583051,0.059377,120,0,0.0819048,5.41335,0.321429,14.0476
103,1.72344,0.0386,0.0144414,0.00583051,0.0566739,120,0,0.0819048,5.67154,0.321429,14.0476
104,1.30897,0.0386,0.0612801,0.00583051,0.240489,120,0,0.0819048,1.33656,0.321429,14.0476
105,1.07844,0.0386,0.00465713,0.00583051,0.0182765,120,0,0.0819048,17.587,0.321429,14.0476
106,1.71008,0.0386,0.0568994,0.00583051,0.223297,120,0,0.0819048,1.43947,0.321429,14.0476
107,2.16385,0.0386,0.0277461,0.00583051,0.108887,120,0,0.0819048,2.95194,0.321429,14.0476
108,1.01066,0.0386,0.325903,0.00583051,1.27898,120,0,0.0819048,0.251317,0.321429,14.0476
109,0.896048,0.0386,0.263814,0.00583051,1.03532,120,0,0.0819048,0.310464,0.321429,14.0476
110,0.988602,0.0386,0.0793893,0.00583051,0.311557,120,0,0.0819048,1.03169,0.321429,14.0476
111,1.40556,0.0386,0.0355883,0.00583051,0.139663,120,0,0.0819048,2.30145,0.321429,14.0476
112,0.586191,0.0386,0.0870042,0.00583051,0.341441,120,0,0.0819048,0.941388,0.321429,14.0476
113,0.770243,0.0386,0.2312,0.00583051,0.907324,120,0,0.0819048,0.35426,0.321429,14.0476
114,0.186569,0.0386,0.0109647,0.00583051,0.0430302,120,0,0.0819048,7.46984,0.321429,14.0476
115,0.467013,0.0386,0.0472473,0.00583051,0.185418,120,0,0.0819048,1.73353,0.321429,14.0476
116,0.381396,0.0386,0.0714538,0.00583051,0.280415,120,0,0.0819048,1.14626,0.321429,14.0476
117,0.772077,0.0386,0.0390971,0.00583051,0.153433,120,0,0.0819048,2.09491,0.321429,14.0476
118,1.2826,0.0386,0.03812,0.00583051,0.149599,120,0,0.0819048,2.1486,0.321429,14.0476
119,0.511568,0.0386,0.100354,0.00583051,0.393831,120,0,0.0819048,0.816159,0.321429,14.0476
120,1.722,0.0386,0.0948795,0.00583051,0.372347,120,0,0.0819048,0.86325,0.321429,14.0476
121,0.705885,0.0386,0.0216999,0.00583051,0.0851595,120,0,0.0819048,3.77443,0.321429,14.0476
122,0.436887,0.0386,0.0429667,0.00583051,0.168619,120,0,0.0819048,1.90624,0.321429,14.0476
123,1.54452,0.0386,0.0720014,0.00583051,0.282564,120,0,0.0819048,1.13754,0.321429,14.0476
124,0.96969,0.0386,0.138933,0.00583051,0.54523,120,0,0.0819048,0.589529,0.321429,14.0476
125,0.691859,0.0386,0.0512068,0.00583051,0.200957,120,0,0.0819048,1.59949,0.321429,14.0476
126,0.888009,0.0386,0.0651424,0.00583051,0.255646,120,0,0.0819048,1.25732,0.321429,14.0476
127,0.726915,0.0386,0.0557373,0.00583051,0.218736,120,0,0.0819048,1.46948,0.321429,14.0476
128,1.56593,0.0386,0.0307899,0.00583051,0.120833,120,0,0.0819048,2.66012,0.321429,14.0476
129,0.464008,0.0386,0.00431236,0.00583051,0.0169235,120,0,0.0819048,18.993,0.321429,14.0476
130,0.856901,0.0386,0.08959,0.00583051,0.351589,120,0,0.0819048,0.914217,0.321429,14.0476
131,1.7956,0.0386,0.0330439,0.00583051,0.129678,120,0,0.0819048,2.47867,0.321429,14.0476
132,2.21279,0.0386,0.0348768,0.00583051,0.136871,120,0,0.0819048,2.3484,0.321429,14.0476
133,0.523859,0.0386,0.0525879,0.00583051,0.206377,120,0,0.0819048,1.55748,0.321429,14.0476
134,0.890574,0.0386,0.00445867,0.00583051,0.0174977,120,0,0.0819048,18.3698,0.321429,14.0476
135,0.677324,0.0386,0.0695487,0.00583051,0.272938,120,0,0.0819048,1.17766,0.321429,14.0476
136,2.86164,0.0386,0.0199197,0.00583051,0.0781734,120,0,0.0819048,4.11174,0.321429,14.0476
137,0.915404,0.0386,0.00739933,0.00583051,0.0290381,120,0,0.0819048,11.0692,0.321429,14.0476
138,0.479252,0.0386,0.00923295,0.00583051,0.036234,120,0,0.0819048,8.87092,0.321429,14.0476
139,1.40629,0.0386,0.381331,0.00583051,1.4965,120,0,0.0819048,0.214786,0.321429,14.0476
140,1.55278,0.0386,0.0199898,0.00583051,0.0784484,120,0,0.0819048,4.09732,0.321429,14.0476
141,0.551941,0.0386,0.144161,0.00583051,0.565749,120,0,0.0819048,0.568147,0.321429,14.0476
142,1.79076,0.0386,0.00287257,0.00583051,0.0112732,120,0,0.0819048,28.5127,0.321429,14.0476
143,2.50317,0.0386,0.0243382,0.00583051,0.0955135,120,0,0.0819048,3.36527,0.321429,14.0476
144,2.42762,0.0386,0.0803208,0.00583051,0.315213,120,0,0.0819048,1.01972,0.321429,14.0476
145,0.773841,0.0386,0.080191,0.00583051,0.314703,120,0,0.0819048,1.02137,0.321429,14.0476
146,1.31989,0.0386,0.0713667,0.00583051,0.280073,120,0,0.0819048,1.14766,0.321429,14.0476
147,0.34787,0.0386,0.0347377,0.00583051,0.136325,120,0,0.0819048,2.3578,0.321429,14.0476
148,2.14286,0.0386,0.0277324,0.00583051,0.108834,120,0,0.0819048,2.95339,0.321429,14.0476
149,0.953569,0.0386,0.0441545,0.00583051,0.173281,120,0,0.0819048,1.85496,0.321429,14.0476
150,0.800134,0.0386,0.00344869,0.00583051,0.0135341,120,0,0.0819048,23.7496,0.321429,14.0476
151,1.27169,0.0386,0.0104823,0.00583051,0.0411371,120,0,0.0819048,7.8136,0.321429,14.0476
152,1.15262,0.0386,0.0276366,0.00583051,0.108458,120,0,0.0819048,2.96363,0.321429,14.0476
153,1.6049,0.0386,0.101792,0.00583051,0.399473,120,0,0.0819048,0.804632,0.321429,14.0476
154,0.642288,0.0386,0.14981,0.00583051,0.587918,120,0,0.0819048,0.546723,0.321429,14.0476
155,3.29882,0.0386,0.046402,0.00583051,0.182101,120,0,0.0819048,1.76511,0.321429,14.0476
156,1.088,0.0386,0.0466231,0.00583051,0.182969,120,0,0.0819048,1.75674,0.321429,14.0476
157,0.417067,0.0386,0.0124503,0.00583051,0.04886,120,0,0.0819048,6.57856,0.321429,14.0476
158,2.1161,0.0386,0.0470916,0.00583051,0.184807,120,0,0.0819048,1.73926,0.321429,14.0476
159,0.936592,0.0386,0.134503,0.00583051,0.527845,120,0,0.0819048,0.608945,0.321429,14.0476
160,1.3269,0.0386,0.0687482,0.00583051,0.269797,120,0,0.0819048,1.19137,0.321429,14.0476
161,1.09375,0.0386,0.0121566,0.00583051,0.0477075,120,0,0.0819048,6.73749,0.321429,14.0476
162,1.02701,0.0386,0.0298835,0.00583051,0.117276,120,0,0.0819048,2.7408,0.321429,14.0476
163,0.631208,0.0386,0.023231,0.00583051,0.0911681,120,0,0.0819048,3.52567,0.321429,14.0476
164,1.71214,0.0386,0.0460362,0.00583051,0.180665,120,0,0.0819048,1.77914,0.321429,14.0476
165,0.801805,0.0386,0.0202683,0.00583051,0.0795411,120,0,0.0819048,4.04104,0.321429,14.0476
166,1.15137,0.0386,0.0123037,0.00583051,0.0482848,120,0,0.0819048,6.65693,0.321429,14.0476
167,1.61609,0.0386,0.0216113,0.00583051,0.0848117,120,0,0.0819048,3.78991,0.321429,14.0476
168,0.93804,0.0386,0.0222945,0.00583051,0.0874929,120,0,0.0819048,3.67377,0.321429,14.0476
169,0.510262,0.0386,0.0196032,0.00583051,0.076931,120,0,0.0819048,4.17814,0.321429,14.0476
170,0.393135,0.0386,0.120578,0.00583051,0.473198,120,0,0.0819048,0.679268,0.321429,14.0476
171,0.760231,0.0386,0.0141602,0.00583051,0.0555704,120,0,0.0819048,5.78417,0.321429,14.0476
172,1.33821,0.0386,0.0667987,0.00583051,0.262146,120,0,0.0819048,1.22614,0.321429,14.0476
173,0.665905,0.0386,0.159913,0.00583051,0.627566,120,0,0.0819048,0.512183,0.321429,14.0476
174,0.899406,0.0386,0.00566607,0.00583051,0.022236,120,0,0.0819048,14.4553,0.321429,14.0476
175,0.863687,0.0386,0.0412612,0.00583051,0.161926,120,0,0.0819048,1.98503,0.321429,14.0476
176,1.04772,0.0386,0.0552505,0.00583051,0.216826,120,0,0.0819048,1.48243,0.321429,14.0476
177,1.367,0.0386,0.103388,0.00583051,0.405739,120,0,0.0819048,0.792205,0.321429,14.0476
178,0.499859,0.0386,0.0451212,0.00583051,0.177074,120,0,0.0819048,1.81522,0.321429,14.0476
179,0.543751,0.0386,0.118446,0.00583051,0.46483,120,0,0.0819048,0.691497,0.321429,14.0476
180,2.27814,0.0386,0.0454727,0.00583051,0.178454,120,0,0.0819048,1.80119,0.321429,14.0476
181,1.15604,0.0386,0.0375504,0.00583051,0.147363,120,0,0.0819048,2.1812,0.321429,14.0476
182,1.76565,0.0386,0.0565509,0.00583051,0.22193,120,0,0.0819048,1.44834,0.321429,14.0476
183,1.07362,0.0386,0.0113861,0.00583051,0.0446839,120,0,0.0819048,7.19339,0.321429,14.0476
184,0.926898,0.0386,0.0150005,0.00583051,0.0588683,120,0,0.0819048,5.46013,0.321429,14.0476
185,1.50182,0.0386,0.00935119,0.00583051,0.036698,120,0,0.0819048,8.75875,0.321429,14.0476
186,1.08721,0.0386,0.0370916,0.00583051,0.145563,120,0,0.0819048,2.20818,0.321429,14.0476
187,0.673467,0.0386,0.0322889,0.00583051,0.126715,120,0,0.0819048,2.53663,0.321429,14.0476
188,1.17594,0.0386,0.0199161,0.00583051,0.078159,120,0,0.0819048,4.1125,0.321429,14.0476
189,0.541489,0.0386,0.00684252,0.00583051,0.0268529,120,0,0.0819048,11.97,0.321429,14.0476
190,0.443843,0.0386,0.23466,0.00583051,0.920903,120,0,0.0819048,0.349036,0.321429,14.0476
191,0.789031,0.0386,0.0313682,0.00583051,0.123102,120,0,0.0819048,2.61108,0.321429,14.0476
192,1.79625,0.0386,0.0241538,0.00583051,0.0947896,120,0,0.0819048,3.39097,0.321429,14.0476
193,1.67701,0.0386,0.062862,0.00583051,0.246697,120,0,0.0819048,1.30293,0.321429,14.0476
194,0.707534,0.0386,0.0248493,0.00583051,0.0975191,120,0,0.0819048,3.29606,0.321429,14.0476
195,1.78491,0.0386,0.0272435,0.00583051,0.106915,120,0,0.0819048,3.0064,0.321429,14.0476
196,1.11982,0.0386,0.148069,0.00583051,0.581085,120,0,0.0819048,0.553152,0.321429,14.0476
197,1.1689,0.0386,0.0150609,0.00583051,0.0591051,120,0,0.0819048,5.43826,0.321429,14.0476
198,0.764322,0.0386,0.0520067,0.00583051,0.204096,120,0,0.0819048,1.57489,0.321429,14.0476
199,0.151687,0.0386,0.0085087,0.00583051,0.0333917,120,0,0.0819048,9.626,0.321429,14.0476
200,1.21535,0.0386,0.00299551,0.00583051,0.0117557,120,0,0.0819048,27.3425,0.321429,14.0476
201,1.35908,0.0386,0.0629365,0.00583051,0.246989,120,0,0.0819048,1.30139,0.321429,14.0476
202,0.88481,0.0386,0.0965688,0.00583051,0.378977,120,0,0.0819048,0.848149,0.321429,14.0476
203,1.17289,0.0386,0.0165787,0.00583051,0.0650619,120,0,0.0819048,4.94035,0.321429,14.0476
204,0.665953,0.0386,0.0167691,0.00583051,0.0658088,120,0,0.0819048,4.88428,0.321429,14.0476
205,1.94169,0.0386,0.0471643,0.00583051,0.185093,120,0,0.0819048,1.73658,0.321429,14.0476
206,1.18778,0.0386,0.277162,0.00583051,1.0877,120,0,0.0819048,0.295512,0.321429,14.0476
207,1.18187,0.0386,0.0725228,0.00583051,0.28461,120,0,0.0819048,1.12937,0.321429,14.0476
208,1.46921,0.0386,0.0319862,0.00583051,0.125527,120,0,0.0819048,2.56062,0.321429,14.0476
209,0.79123,0.0386,0.00377149,0.00583051,0.0148009,120,0,0.0819048,21.7168,0.321429,14.0476
210,1.64203,0.0386,0.0473081,0.00583051,0.185657,120,0,0.0819048,1.7313,0.321429,14.0476
211,1.45088,0.0386,0.104398,0.00583051,0.409701,120,0,0.0819048,0.784545,0.321429,14.0476
212,0.354245,0.0386,0.0262127,0.00583051,0.10287,120,0,0.0819048,3.12462,0.321429,14.0476
213,1.08039,0.0386,0.061893,0.00583051,0.242894,120,0,0.0819048,1.32333,0.321429,14.0476
214,0.727527,0.0386,0.0305575,0.00583051,0.11992,120,0,0.0819048,2.68035,0.321429,14.0476
215,0.321229,0.0386,0.00620318,0.00583051,0.0243439,120,0,0.0819048,13.2037,0.321429,14.0476
216,1.01883,0.0386,0.121533,0.00583051,0.476946,120,0,0.0819048,0.673931,0.321429,14.0476
217,0.938833,0.0386,0.232008,0.00583051,0.910498,120,0,0.0819048,0.353025,0.321429,14.0476
218,0.487482,0.0386,0.0107615,0.00583051,0.0422325,120,0,0.0819048,7.61093,0.321429,14.0476
219,1.39486,0.0386,0.0269462,0.00583051,0.105748,120,0,0.0819048,3.03956,0.321429,14.0476
220,0.45733,0.0386,0.0423586,0.00583051,0.166233,120,0,0.0819048,1.9336,0.321429,14.0476
221,0.77552,0.0386,0.00627844,0.00583051,0.0246392,120,0,0.0819048,13.0454,0.321429,14.0476
222,1.19779,0.0386,0.00360911,0.00583051,0.0141637,120,0,0.0819048,22.6939,0.321429,14.0476
223,2.00051,0.0386,0.00646473,0.00583051,0.0253703,120,0,0.0819048,12.6695,0.321429,14.0476
224,1.24828,0.0386,0.00645715,0.00583051,0.0253406,120,0,0.0819048,12.6844,0.321429,14.0476
225,1.28496,0.0386,0.0241595,0.00583051,0.0948121,120,0,0.0819048,3.39016,0.321429,14.0476
226,1.17663,0.0386,0.0419203,0.00583051,0.164513,120,0,0.0819048,1.95382,0.321429,14.0476
227,0.801482,0.0386,0.0407664,0.00583051,0.159984,120,0,0.0819048,2.00912,0.321429,14.0476
228,0.937126,0.0386,0.0641493,0.00583051,0.251749,120,0,0.0819048,1.27678,0.321429,14.0476
229,0.387931,0.0386,0.268062,0.00583051,1.05199,120,0,0.0819048,0.305544,0.321429,14.0476
230,2.04764,0.0386,0.038215,0.00583051,0.149972,120,0,0.0819048,2.14326,0.321429,14.0476
231,0.892843,0.0386,0.0977713,0.00583051,0.383695,120,0,0.0819048,0.837718,0.321429,14.0476
232,1.15349,0.0386,0.0270541,0.00583051,0.106172,120,0,0.0819048,3.02744,0.321429,14.0476
233,0.27758,0.0386,0.0204132,0.00583051,0.08011,120,0,0.0819048,4.01234,0.321429,14.0476
234,1.23732,0.0386,0.0136671,0.00583051,0.0536355,120,0,0.0819048,5.99284,0.321429,14.0476
235,0.729263,0.0386,0.0322082,0.00583051,0.126399,120,0,0.0819048,2.54298,0.321429,14.0476
236,0.708594,0.0386,0.0194787,0.00583051,0.0764426,120,0,0.0819048,4.20484,0.321429,14.0476
237,1.36798,0.0386,0.00800429,0.00583051,0.0314122,120,0,0.0819048,10.2326,0.321429,14.0476
238,0.591163,0.0386,0.0516179,0.00583051,0.20257,120,0,0.0819048,1.58675,0.321429,14.0476
239,1.00569,0.0386,0.0382405,0.00583051,0.150072,120,0,0.0819048,2.14183,0.321429,14.0476
240,0.540037,0.0386,0.1015,0.00583051,0.398328,120,0,0.0819048,0.806945,0.321429,14.0476
241,1.90463,0.0386,0.00660433,0.00583051,0.0259182,120,0,0.0819048,12.4017,0.321429,14.0476
242,0.707398,0.0386,0.034237,0.00583051,0.13436,120,0,0.0819048,2.39229,0.321429,14.0476
243,0.761829,0.0386,0.0145809,0.00583051,0.0572217,120,0,0.0819048,5.61725,0.321429,14.0476
244,1.00692,0.0386,0.0528412,0.00583051,0.207371,120,0,0.0819048,1.55002,0.321429,14.0476
245,0.617551,0.0386,0.00576623,0.00583051,0.0226291,120,0,0.0819048,14.2042,0.321429,14.0476
246,0.882409,0.0386,0.021123,0.00583051,0.0828955,120,0,0.0819048,3.87752,0.321429,14.0476
247,0.888253,0.0386,0.0116576,0.00583051,0.0457492,120,0,0.0819048,7.02588,0.321429,14.0476
248,0.840741,0.0386,0.0232957,0.00583051,0.0914221,120,0,0.0819048,3.51587,0.321429,14.0476
249,2.29948,0.0386,0.111895,0.00583051,0.439122,120,0,0.0819048,0.73198,0.321429,14.0476
250,0.602441,0.0386,0.0665386,0.00583051,0.261125,120,0,0.0819048,1.23094,0.321429,14.0476
251,0.895824,0.0386,0.0290575,0.00583051,0.114034,120,0,0.0819048,2.81872,0.321429,14.0476
252,1.19117,0.0386,0.0150419,0.00583051,0.0590306,120,0,0.0819048,5.44512,0.321429,14.0476
253,2.40368,0.0386,0.0330072,0.00583051,0.129534,120,0,0.0819048,2.48142,0.321429,14.0476
254,0.90788,0.0386,0.0438549,0.00583051,0.172105,120,0,0.0819048,1.86763,0.321429,14.0476
255,1.98244,0.0386,0.0107915,0.00583051,0.0423503,120,0,0.0819048,7.58975,0.321429,14.0476
256,0.153693,0.0386,0.0104253,0.00583051,0.0409133,120,0,0.0819048,7.85633,0.321429,14.0476
257,0.67777,0.0386,0.020837,0.00583051,0.081773,120,0,0.0819048,3.93074,0.321429,14.0476
258,1.92451,0.0386,0.0338381,0.00583051,0.132795,120,0,0.0819048,2.42049,0.321429,14.0476
259,2.50346,0.0386,0.00201347,0.00583051,0.00790169,120,0,0.0819048,40.6784,0.321429,14.0476
260,3.29483,0.0386,0.0847267,0.00583051,0.332503,120,0,0.0819048,0.966693,0.321429,14.0476
261,0.853663,0.0386,0.0263133,0.00583051,0.103265,120,0,0.0819048,3.11267,0.321429,14.0476
262,2.56982,0.0386,0.0112138,0.00583051,0.0440078,120,0,0.0819048,7.3039,0.321429,14.0476
263,2.64546,0.0386,0.0191238,0.00583051,0.0750498,120,0,0.0819048,4.28287,0.321429,14.0476
264,1.23333,0.0386,0.185452,0.00583051,0.727793,120,0,0.0819048,0.441648,0.321429,14.0476
265,0.613216,0.0386,0.167072,0.00583051,0.655661,120,0,0.0819048,0.490236,0.321429,14.0476
266,1.37692,0.0386,0.0854666,0.00583051,0.335407,120,0,0.0819048,0.958325,0.321429,14.0476
267,1.16167,0.0386,0.010678,0.00583051,0.0419048,120,0,0.0819048,7.67044,0.321429,14.0476
268,1.00104,0.0386,0.0319837,0.00583051,0.125517,120,0,0.0819048,2.56083,0.321429,14.0476
269,1.56661,0.0386,0.125251,0.00583051,0.491538,120,0,0.0819048,0.653924,0.321429,14.0476
270,1.26907,0.0386,0.155566,0.00583051,0.610505,120,0,0.0819048,0.526496,0.321429,14.0476
271,0.912808,0.0386,0.0762811,0.00583051,0.299359,120,0,0.0819048,1.07372,0.321429,14.0476
272,1.91511,0.0386,0.0891979,0.00583051,0.35005,120,0,0.0819048,0.918236,0.321429,14.0476
273,0.378997,0.0386,0.0310736,0.00583051,0.121946,120,0,0.0819048,2.63583,0.321429,14.0476
274,0.25527,0.0386,0.0281753,0.00583051,0.110572,120,0,0.0819048,2.90697,0.321429,14.0476
275,1.35892,0.0386,0.039654,0.00583051,0.155619,120,0,0.0819048,2.06549,0.321429,14.0476
276,0.819794,0.0386,0.0174967,0.00583051,0.0686643,120,0,0.0819048,4.68116,0.321429,14.0476
277,2.30416,0.0386,0.0466464,0.00583051,0.18306,120,0,0.0819048,1.75586,0.321429,14.0476
278,0.564466,0.0386,0.0331069,0.00583051,0.129925,120,0,0.0819048,2.47395,0.321429,14.0476
279,1.31897,0.0386,0.0189283,0.00583051,0.0742826,120,0,0.0819048,4.32711,0.321429,14.0476
280,1.22577,0.0386,0.0172067,0.00583051,0.0675263,120,0,0.0819048,4.76005,0.321429,14.0476
281,0.818789,0.0386,0.00620765,0.00583051,0.0243614,120,0,0.0819048,13.1942,0.321429,14.0476
282,1.6774,0.0386,0.0205197,0.00583051,0.080528,120,0,0.0819048,3.99151,0.321429,14.0476
283,0.651499,0.0386,0.0092278,0.00583051,0.0362138,120,0,0.0819048,8.87587,0.321429,14.0476
284,2.65833,0.0386,0.0203401,0.00583051,0.0798231,120,0,0.0819048,4.02676,0.321429,14.0476
285,0.895083,0.0386,0.0254074,0.00583051,0.0997095,120,0,0.0819048,3.22365,0.321429,14.0476
286,1.59121,0.0386,0.130399,0.00583051,0.511739,120,0,0.0819048,0.628111,0.321429,14.0476
287,2.22395,0.0386,0.14371,0.00583051,0.56398,120,0,0.0819048,0.569929,0.321429,14.0476
288,1.32435,0.0386,0.0322744,0.00583051,0.126658,120,0,0.0819048,2.53776,0.321429,14.0476
289,0.279024,0.0386,0.0483194,0.00583051,0.189626,120,0,0.0819048,1.69507,0.321429,14.0476
290,0.460893,0.0386,0.00485648,0.00583051,0.0190589,120,0,0.0819048,16.8651,0.321429,14.0476
291,0.783613,0.0386,0.0376167,0.00583051,0.147624,120,0,0.0819048,2.17735,0.321429,14.0476
292,0.5848,0.0386,0.0480697,0.00583051,0.188646,120,0,0.0819048,1.70388,0.321429,14.0476
293,1.54737,0.0386,0.039905,0.00583051,0.156604,120,0,0.0819048,2.05249,0.321429,14.0476
294,0.255876,0.0386,0.0411299,0.00583051,0.161411,120,0,0.0819048,1.99137,0.321429,14.0476
295,0.877714,0.0386,0.0547459,0.00583051,0.214846,120,0,0.0819048,1.49609,0.321429,14.0476
296,0.858489,0.0386,0.111601,0.00583051,0.437968,120,0,0.0819048,0.733908,0.321429,14.0476
297,0.812925,0.0386,0.053443,0.00583051,0.209733,120,0,0.0819048,1.53256,0.321429,14.0476
298,1.64609,0.0386,0.153341,0.00583051,0.601773,120,0,0.0819048,0.534136,0.321429,14.0476
299,1.11476,0.0386,0.0435665,0.00583051,0.170973,120,0,0.0819048,1.88,0.321429,14.0476
300,1.46365,0.0386,0.04895,0.00583051,0.1921,120,0,0.0819048,1.67323,0.321429,14.0476
301,0.476457,0.0386,0.0298127,0.00583051,0.116998,120,0,0.0819048,2.74731,0.321429,14.0476
302,1.08599,0.0386,0.0068932,0.00583051,0.0270518,120,0,0.0819048,11.882,0.321429,14.0476
303,0.945631,0.0386,0.0253258,0.00583051,0.099389,120,0,0.0819048,3.23405,0.321429,14.0476
304,0.792095,0.0386,0.0833418,0.00583051,0.327068,120,0,0.0819048,0.982758,0.321429,14.0476
305,0.586994,0.0386,0.131116,0.00583051,0.514553,120,0,0.0819048,0.624675,0.321429,14.0476
306,0.605097,0.0386,0.0106232,0.00583051,0.0416898,120,0,0.0819048,7.71001,0.321429,14.0476
307,1.17649,0.0386,0.117293,0.00583051,0.460309,120,0,0.0819048,0.698289,0.321429,14.0476
308,1.83351,0.0386,0.00412691,0.00583051,0.0161957,120,0,0.0819048,19.8465,0.321429,14.0476
309,0.753925,0.0386,0.0758782,0.00583051,0.297778,120,0,0.0819048,1.07942,0.321429,14.0476
310,1.8056,0.0386,0.0245894,0.00583051,0.0964992,120,0,0.0819048,3.33089,0.321429,14.0476
311,1.04993,0.0386,0.0362495,0.00583051,0.142258,120,0,0.0819048,2.25947,0.321429,14.0476
312,1.24353,0.0386,0.00691804,0.00583051,0.0271493,120,0,0.0819048,11.8393,0.321429,14.0476
313,1.19185,0.0386,0.00750291,0.00583051,0.0294446,120,0,0.0819048,10.9164,0.321429,14.0476
314,1.84136,0.0386,0.0235056,0.00583051,0.0922456,120,0,0.0819048,3.48449,0.321429,14.0476
315,1.00452,0.0386,0.0194398,0.00583051,0.0762899,120,0,0.0819048,4.21325,0.321429,14.0476
316,1.05144,0.0386,0.451572,0.00583051,1.77216,120,0,0.0819048,0.181377,0.321429,14.0476
317,1.09915,0.0386,0.0333706,0.00583051,0.13096,120,0,0.0819048,2.4544,0.321429,14.0476
318,1.22643,0.0386,0.0290684,0.00583051,0.114076,120,0,0.0819048,2.81766,0.321429,14.0476
319,1.26096,0.0386,0.0363265,0.00583051,0.14256,120,0,0.0819048,2.25468,0.321429,14.0476
320,0.972352,0.0386,0.0175071,0.00583051,0.0687054,120,0,0.0819048,4.67836,0.321429,14.0476
321,1.24316,0.0386,0.0991709,0.00583051,0.389188,120,0,0.0819048,0.825895,0.321429,14.0476
322,0.332285,0.0386,0.0331086,0.00583051,0.129932,120,0,0.0819048,2.47383,0.321429,14.0476
323,2.38361,0.0386,0.0185333,0.00583051,0.0727326,120,0,0.0819048,4.41932,0.321429,14.0476
324,1.74326,0.0386,0.0942633,0.00583051,0.369929,120,0,0.0819048,0.868893,0.321429,14.0476
325,0.897491,0.0386,0.0938394,0.00583051,0.368265,120,0,0.0819048,0.872819,0.321429,14.0476
326,0.944932,0.0386,0.0874077,0.00583051,0.343025,120,0,0.0819048,0.937042,0.321429,14.0476
327,1.44323,0.0386,0.0374237,0.00583051,0.146866,120,0,0.0819048,2.18858,0.321429,14.0476
328,1.26728,0.0386,0.0149681,0.00583051,0.0587411,120,0,0.0819048,5.47195,0.321429,14.0476
329,0.931373,0.0386,0.00645368,0.00583051,0.025327,120,0,0.0819048,12.6912,0.321429,14.0476
330,0.368088,0.0386,0.040177,0.00583051,0.157671,120,0,0.0819048,2.0386,0.321429,14.0476
331,0.812529,0.0386,0.0129317,0.00583051,0.0507495,120,0,0.0819048,6.33363,0.321429,14.0476
332,0.338819,0.0386,0.0544722,0.00583051,0.213772,120,0,0.0819048,1.50361,0.321429,14.0476
333,1.48142,0.0386,0.120018,0.00583051,0.471,120,0,0.0819048,0.682439,0.321429,14.0476
334,0.558018,0.0386,0.0172324,0.00583051,0.067627,120,0,0.0819048,4.75296,0.321429,14.0476
335,1.34542,0.0386,0.12903,0.00583051,0.506369,120,0,0.0819048,0.634772,0.321429,14.0476
336,1.53845,0.0386,0.0668989,0.00583051,0.262539,120,0,0.0819048,1.22431,0.321429,14.0476
337,2.0784,0.0386,0.00937332,0.00583051,0.0367848,120,0,0.0819048,8.73807,0.321429,14.0476
338,0.31404,0.0386,0.0261105,0.00583051,0.102468,120,0,0.0819048,3.13685,0.321429,14.0476
339,0.567216,0.0386,0.00468621,0.00583051,0.0183906,120,0,0.0819048,17.4778,0.321429,14.0476
340,2.0691,0.0386,0.00981714,0.00583051,0.0385266,120,0,0.0819048,8.34304,0.321429,14.0476
341,1.51591,0.0386,0.06246,0.00583051,0.245119,120,0,0.0819048,1.31132,0.321429,14.0476
342,0.544983,0.0386,0.00848074,0.00583051,0.033282,120,0,0.0819048,9.65774,0.321429,14.0476
343,0.809875,0.0386,0.0263363,0.00583051,0.103355,120,0,0.0819048,3.10995,0.321429,14.0476
344,0.127359,0.0386,0.0168071,0.00583051,0.0659579,120,0,0.0819048,4.87324,0.321429,14.0476
345,0.658979,0.0386,0.00694689,0.00583051,0.0272625,120,0,0.0819048,11.7901,0.321429,14.0476
346,0.727273,0.0386,0.0179154,0.00583051,0.0703074,120,0,0.0819048,4.57176,0.321429,14.0476
347,0.75435,0.0386,0.0429831,0.00583051,0.168684,120,0,0.0819048,1.90551,0.321429,14.0476
348,3.04609,0.0386,0.0382326,0.00583051,0.150041,120,0,0.0819048,2.14228,0.321429,14.0476
349,1.75491,0.0386,0.00702769,0.00583051,0.0275796,120,0,0.0819048,11.6546,0.321429,14.0476
350,0.84359,0.0386,0.0475591,0.00583051,0.186642,120,0,0.0819048,1.72217,0.321429,14.0476
351,0.17758,0.0386,0.0153959,0.00583051,0.0604201,120,0,0.0819048,5.3199,0.321429,14.0476
352,0.621765,0.0386,0.0521419,0.00583051,0.204627,120,0,0.0819048,1.57081,0.321429,14.0476
353,0.336998,0.0386,0.0215979,0.00583051,0.0847592,120,0,0.0819048,3.79225,0.321429,14.0476
354,0.690384,0.0386,0.0169928,0.00583051,0.066687,120,0,0.0819048,4.81996,0.321429,14.0476
355,2.15618,0.0386,0.0197845,0.00583051,0.0776428,120,0,0.0819048,4.13984,0.321429,14.0476
356,0.545017,0.0386,0.150738,0.00583051,0.591559,120,0,0.0819048,0.543358,0.321429,14.0476
357,1.74956,0.0386,0.0144097,0.00583051,0.0565498,120,0,0.0819048,5.68399,0.321429,14.0476
358,1.14367,0.0386,0.0752815,0.00583051,0.295436,120,0,0.0819048,1.08798,0.321429,14.0476
359,0.432915,0.0386,0.00885107,0.00583051,0.0347353,120,0,0.0819048,9.25365,0.321429,14.0476
360,0.252347,0.0386,0.865234,0.00583051,3.39554,120,0,0.0819048,0.094662,0.321429,14.0476
361,1.23903,0.0386,0.0409349,0.00583051,0.160646,120,0,0.0819048,2.00085,0.321429,14.0476
362,1.89893,0.0386,0.065572,0.00583051,0.257332,120,0,0.0819048,1.24908,0.321429,14.0476
363,0.277699,0.0386,0.0151604,0.00583051,0.0594956,120,0,0.0819048,5.40256,0.321429,14.0476
364,0.562951,0.0386,0.01396,0.00583051,0.0547849,120,0,0.0819048,5.8671,0.321429,14.0476
365,0.590199,0.0386,0.00564278,0.00583051,0.0221446,120,0,0.0819048,14.515,0.321429,14.0476
366,1.00302,0.0386,0.0370078,0.00583051,0.145234,120,0,0.0819048,2.21317,0.321429,14.0476
367,0.941513,0.0386,0.0303075,0.00583051,0.118939,120,0,0.0819048,2.70246,0.321429,14.0476
368,1.66523,0.0386,0.0286033,0.00583051,0.112251,120,0,0.0819048,2.86347,0.321429,14.0476
369,1.62123,0.0386,0.0524771,0.00583051,0.205942,120,0,0.0819048,1.56077,0.321429,14.0476
370,0.551098,0.0386,0.0265151,0.00583051,0.104056,120,0,0.0819048,3.08898,0.321429,14.0476
371,0.399741,0.0386,0.0214014,0.00583051,0.0839879,120,0,0.0819048,3.82708,0.321429,14.0476
372,1.18007,0.0386,0.061304,0.00583051,0.240583,120,0,0.0819048,1.33604,0.321429,14.0476
373,0.391108,0.0386,0.0359613,0.00583051,0.141127,120,0,0.0819048,2.27758,0.321429,14.0476
374,0.838051,0.0386,0.0543846,0.00583051,0.213428,120,0,0.0819048,1.50603,0.321429,14.0476
375,0.552362,0.0386,0.0136461,0.00583051,0.0535531,120,0,0.0819048,6.00206,0.321429,14.0476
376,0.909349,0.0386,0.00201436,0.00583051,0.00790518,120,0,0.0819048,40.6605,0.321429,14.0476
377,0.586919,0.0386,0.011993,0.00583051,0.0470657,120,0,0.0819048,6.82936,0.321429,14.0476
378,0.25096,0.0386,0.0778102,0.00583051,0.30536,120,0,0.0819048,1.05262,0.321429,14.0476
379,0.58988,0.0386,0.0207344,0.00583051,0.0813705,120,0,0.0819048,3.95019,0.321429,14.0476
380,0.201038,0.0386,0.0659765,0.00583051,0.25892,120,0,0.0819048,1.24142,0.321429,14.0476
381,0.941771,0.0386,0.0847606,0.00583051,0.332636,120,0,0.0819048,0.966307,0.321429,14.0476
382,0.947589,0.0386,0.0265146,0.00583051,0.104054,120,0,0.0819048,3.08905,0.321429,14.0476
383,0.956914,0.0386,0.0509425,0.00583051,0.19992,120,0,0.0819048,1.60779,0.321429,14.0476
384,1.57531,0.0386,0.0574541,0.00583051,0.225474,120,0,0.0819048,1.42557,0.321429,14.0476
385,1.22926,0.0386,0.0591894,0.00583051,0.232284,120,0,0.0819048,1.38377,0.321429,14.0476
386,1.78338,0.0386,0.010567,0.00583051,0.0414693,120,0,0.0819048,7.75099,0.321429,14.0476
387,0.718148,0.0386,0.142118,0.00583051,0.557729,120,0,0.0819048,0.576317,0.321429,14.0476
388,3.0847,0.0386,0.025414,0.00583051,0.0997354,120,0,0.0819048,3.22281,0.321429,14.0476
389,0.629509,0.0386,0.136017,0.00583051,0.533787,120,0,0.0819048,0.602167,0.321429,14.0476
390,0.545351,0.0386,0.0210391,0.00583051,0.0825662,120,0,0.0819048,3.89298,0.321429,14.0476
391,0.595194,0.0386,0.0532832,0.00583051,0.209106,120,0,0.0819048,1.53716,0.321429,14.0476
392,0.825155,0.0386,0.0830866,0.00583051,0.326067,120,0,0.0819048,0.985776,0.321429,14.0476
393,1.87465,0.0386,0.00970019,0.00583051,0.0380676,120,0,0.0819048,8.44362,0.321429,14.0476
394,2.2309,0.0386,0.1466,0.00583051,0.575318,120,0,0.0819048,0.558697,0.321429,14.0476
395,0.73436,0.0386,0.00913226,0.00583051,0.0358388,120,0,0.0819048,8.96873,0.321429,14.0476
396,0.917285,0.0386,0.00644858,0.00583051,0.0253069,120,0,0.0819048,12.7012,0.321429,14.0476
397,1.50441,0.0386,0.0197185,0.00583051,0.0773838,120,0,0.0819048,4.15369,0.321429,14.0476
398,0.620657,0.0386,0.00773733,0.00583051,0.0303645,120,0,0.0819048,10.5857,0.321429,14.0476
399,0.234236,0.0386,0.00778763,0.00583051,0.0305619,120,0,0.0819048,10.5173,0.321429,14.0476
400,1.56353,0.0386,0.0497412,0.00583051,0.195205,120,0,0.0819048,1.64662,0.321429,14.0476
401,1.47419,0.0386,0.045488,0.00583051,0.178514,120,0,0.0819048,1.80058,0.321429,14.0476
402,1.91078,0.0386,0.0328528,0.00583051,0.128928,120,0,0.0819048,2.49308,0.321429,14.0476
403,1.57111,0.0386,0.0139826,0.00583051,0.0548736,120,0,0.0819048,5.85762,0.321429,14.0476
404,2.04737,0.0386,0.0623637,0.00583051,0.244741,120,0,0.0819048,1.31334,0.321429,14.0476
405,1.97043,0.0386,0.0655552,0.00583051,0.257266,120,0,0.0819048,1.2494,0.321429,14.0476
406,0.935629,0.0386,0.00635344,0.00583051,0.0249336,120,0,0.0819048,12.8914,0.321429,14.0476
407,3.19922,0.0386,0.0218472,0.00583051,0.0857376,120,0,0.0819048,3.74898,0.321429,14.0476
408,0.432605,0.0386,0.0269269,0.00583051,0.105672,120,0,0.0819048,3.04175,0.321429,14.0476
409,0.395957,0.0386,0.0135206,0.00583051,0.0530604,120,0,0.0819048,6.05778,0.321429,14.0476
410,0.642415,0.0386,0.0133158,0.00583051,0.0522569,120,0,0.0819048,6.15093,0.321429,14.0476
411,0.817603,0.0386,0.0122241,0.00583051,0.0479726,120,0,0.0819048,6.70025,0.321429,14.0476
412,1.03113,0.0386,0.0126587,0.00583051,0.0496781,120,0,0.0819048,6.47022,0.321429,14.0476
413,1.86241,0.0386,0.0288266,0.00583051,0.113128,120,0,0.0819048,2.84129,0.321429,14.0476
414,1.88284,0.0386,0.0162251,0.00583051,0.063674,120,0,0.0819048,5.04804,0.321429,14.0476
415,0.608129,0.0386,0.0102283,0.00583051,0.0401401,120,0,0.0819048,8.00766,0.321429,14.0476
416,2.22382,0.0386,0.08367,0.00583051,0.328356,120,0,0.0819048,0.978902,0.321429,14.0476
417,0.860696,0.0386,0.0395294,0.00583051,0.15513,120,0,0.0819048,2.07199,0.321429,14.0476
418,1.59258,0.0386,0.0177393,0.00583051,0.0696166,120,0,0.0819048,4.61713,0.321429,14.0476
419,2.1049,0.0386,0.0581294,0.00583051,0.228124,120,0,0.0819048,1.40901,0.321429,14.0476
420,1.73619,0.0386,0.00195074,0.00583051,0.00765553,120,0,0.0819048,41.9865,0.321429,14.0476
421,0.285177,0.0386,0.0544108,0.00583051,0.213531,120,0,0.0819048,1.5053,0.321429,14.0476
422,2.74187,0.0386,0.0140983,0.00583051,0.0553276,120,0,0.0819048,5.80955,0.321429,14.0476
423,1.19769,0.0386,0.0346507,0.00583051,0.135984,120,0,0.0819048,2.36373,0.321429,14.0476
424,0.178969,0.0386,0.0813118,0.00583051,0.319102,120,0,0.0819048,1.00729,0.321429,14.0476
425,0.513324,0.0386,0.196312,0.00583051,0.77041,120,0,0.0819048,0.417218,0.321429,14.0476
426,0.564301,0.0386,0.0678666,0.00583051,0.266337,120,0,0.0819048,1.20685,0.321429,14.0476
427,1.55139,0.0386,0.00406283,0.00583051,0.0159443,120,0,0.0819048,20.1595,0.321429,14.0476
428,0.710608,0.0386,0.00566006,0.00583051,0.0222124,120,0,0.0819048,14.4707,0.321429,14.0476
429,1.06631,0.0386,0.00890822,0.00583051,0.0349596,120,0,0.0819048,9.1943,0.321429,14.0476
430,1.00489,0.0386,0.0102115,0.00583051,0.0400742,120,0,0.0819048,8.02083,0.321429,14.0476
431,1.15894,0.0386,0.00906624,0.00583051,0.0355797,120,0,0.0819048,9.03404,0.321429,14.0476
432,1.02967,0.0386,0.13161,0.00583051,0.516494,120,0,0.0819048,0.622327,0.321429,14.0476
433,1.75608,0.0386,0.0785665,0.00583051,0.308328,120,0,0.0819048,1.04249,0.321429,14.0476
434,0.980676,0.0386,0.131361,0.00583051,0.515516,120,0,0.0819048,0.623509,0.321429,14.0476
435,1.56056,0.0386,0.065599,0.00583051,0.257438,120,0,0.0819048,1.24857,0.321429,14.0476
436,0.923886,0.0386,0.0314258,0.00583051,0.123328,120,0,0.0819048,2.60629,0.321429,14.0476
437,1.30694,0.0386,0.0492357,0.00583051,0.193221,120,0,0.0819048,1.66352,0.321429,14.0476
438,1.68741,0.0386,0.0150999,0.00583051,0.0592584,120,0,0.0819048,5.42419,0.321429,14.0476
439,0.639907,0.0386,0.0819771,0.00583051,0.321713,120,0,0.0819048,0.999117,0.321429,14.0476
440,0.701107,0.0386,0.0432381,0.00583051,0.169684,120,0,0.0819048,1.89427,0.321429,14.0476
441,0.326209,0.0386,0.00202233,0.00583051,0.00793648,120,0,0.0819048,40.5001,0.321429,14.0476
442,0.771829,0.0386,0.0100672,0.00583051,0.0395077,120,0,0.0819048,8.13584,0.321429,14.0476
443,0.752121,0.0386,0.0313786,0.00583051,0.123143,120,0,0.0819048,2.61021,0.321429,14.0476
444,1.2383,0.0386,0.0173685,0.00583051,0.0681612,120,0,0.0819048,4.71571,0.321429,14.0476
445,1.29553,0.0386,0.0190694,0.00583051,0.0748362,120,0,0.0819048,4.29509,0.321429,14.0476
446,0.705191,0.0386,0.0450796,0.00583051,0.176911,120,0,0.0819048,1.81689,0.321429,14.0476
447,3.11975,0.0386,0.0222194,0.00583051,0.0871982,120,0,0.0819048,3.68618,0.321429,14.0476
448,1.5081,0.0386,0.00542881,0.00583051,0.0213049,120,0,0.0819048,15.0871,0.321429,14.0476
449,0.728786,0.0386,0.10762,0.00583051,0.422347,120,0,0.0819048,0.761054,0.321429,14.0476
450,1.95834,0.0386,0.0283611,0.00583051,0.111301,120,0,0.0819048,2.88793,0.321429,14.0476
451,1.099,0.0386,0.0184089,0.00583051,0.0722444,120,0,0.0819048,4.44919,0.321429,14.0476
452,0.927876,0.0386,0.00730142,0.00583051,0.0286538,120,0,0.0819048,11.2177,0.321429,14.0476
453,1.01462,0.0386,0.0160378,0.00583051,0.0629391,120,0,0.0819048,5.10698,0.321429,14.0476
454,1.41798,0.0386,0.0251891,0.00583051,0.0988526,120,0,0.0819048,3.2516,0.321429,14.0476
455,1.24339,0.0386,0.0357773,0.00583051,0.140405,120,0,0.0819048,2.2893,0.321429,14.0476
456,1.55609,0.0386,0.0174763,0.00583051,0.0685845,120,0,0.0819048,4.68661,0.321429,14.0476
457,3.67716,0.0386,0.0191744,0.00583051,0.0752482,120,0,0.0819048,4.27158,0.321429,14.0476
458,1.13719,0.0386,0.00993182,0.00583051,0.0389766,120,0,0.0819048,8.24671,0.321429,14.0476
459,1.15981,0.0386,0.0251908,0.00583051,0.0988592,120,0,0.0819048,3.25138,0.321429,14.0476
460,0.226178,0.0386,0.0870618,0.00583051,0.341667,120,0,0.0819048,0.940766,0.321429,14.0476
461,2.49143,0.0386,0.0599336,0.00583051,0.235205,120,0,0.0819048,1.36659,0.321429,14.0476
462,0.59282,0.0386,0.0149407,0.00583051,0.0586337,120,0,0.0819048,5.48198,0.321429,14.0476
463,0.797648,0.0386,0.100391,0.00583051,0.393978,120,0,0.0819048,0.815854,0.321429,14.0476
464,0.862796,0.0386,0.0255204,0.00583051,0.100153,120,0,0.0819048,3.20938,0.321429,14.0476
465,0.577668,0.0386,0.00589182,0.00583051,0.023122,120,0,0.0819048,13.9014,0.321429,14.0476
466,1.89675,0.0386,0.116604,0.00583051,0.457601,120,0,0.0819048,0.702421,0.321429,14.0476
467,2.5373,0.0386,0.0144418,0.00583051,0.0566758,120,0,0.0819048,5.67136,0.321429,14.0476
468,0.89197,0.0386,0.0421314,0.00583051,0.165341,120,0,0.0819048,1.94403,0.321429,14.0476
469,1.38589,0.0386,0.00621398,0.00583051,0.0243863,120,0,0.0819048,13.1807,0.321429,14.0476
470,1.66806,0.0386,0.0145232,0.00583051,0.0569951,120,0,0.0819048,5.63959,0.321429,14.0476
471,2.70338,0.0386,0.00663878,0.00583051,0.0260534,120,0,0.0819048,12.3373,0.321429,14.0476
472,0.395296,0.0386,0.0146015,0.00583051,0.0573024,120,0,0.0819048,5.60934,0.321429,14.0476
473,0.675921,0.0386,0.104549,0.00583051,0.410293,120,0,0.0819048,0.783413,0.321429,14.0476
474,0.832412,0.0386,0.0340214,0.00583051,0.133514,120,0,0.0819048,2.40745,0.321429,14.0476
475,1.69957,0.0386,0.0433789,0.00583051,0.170237,120,0,0.0819048,1.88812,0.321429,14.0476
476,0.613827,0.0386,0.0092226,0.00583051,0.0361934,120,0,0.0819048,8.88087,0.321429,14.0476
477,1.39076,0.0386,0.076359,0.00583051,0.299665,120,0,0.0819048,1.07263,0.321429,14.0476
478,0.971953,0.0386,0.0460945,0.00583051,0.180894,120,0,0.0819048,1.77689,0.321429,14.0476
479,2.60117,0.0386,0.0149265,0.00583051,0.0585777,120,0,0.0819048,5.48722,0.321429,14.0476
480,1.35694,0.0386,0.0229268,0.00583051,0.0899745,120,0,0.0819048,3.57244,0.321429,14.0476
481,1.08565,0.0386,0.0411508,0.00583051,0.161493,120,0,0.0819048,1.99036,0.321429,14.0476
482,0.665171,0.0386,0.0235162,0.00583051,0.0922873,120,0,0.0819048,3.48291,0.321429,14.0476
483,2.27378,0.0386,0.0130039,0.00583051,0.0510329,120,0,0.0819048,6.29846,0.321429,14.0476
484,0.307767,0.0386,0.0100553,0.00583051,0.0394611,120,0,0.0819048,8.14546,0.321429,14.0476
485,0.430094,0.0386,0.00692796,0.00583051,0.0271882,120,0,0.0819048,11.8223,0.321429,14.0476
486,0.499405,0.0386,0.373366,0.00583051,1.46524,120,0,0.0819048,0.219369,0.321429,14.0476
487,1.24519,0.0386,0.157067,0.00583051,0.616397,120,0,0.0819048,0.521464,0.321429,14.0476
488,1.0095,0.0386,0.00875044,0.00583051,0.0343404,120,0,0.0819048,9.36007,0.321429,14.0476
489,1.09395,0.0386,0.0268098,0.00583051,0.105213,120,0,0.0819048,3.05503,0.321429,14.0476
490,0.570742,0.0386,0.00429484,0.00583051,0.0168547,120,0,0.0819048,19.0705,0.321429,14.0476
491,2.08641,0.0386,0.0496944,0.00583051,0.195022,120,0,0.0819048,1.64817,0.321429,14.0476
492,0.843375,0.0386,0.0673654,0.00583051,0.26437,120,0,0.0819048,1.21583,0.321429,14.0476
493,0.393206,0.0386,0.0014307,0.00583051,0.00561465,120,0,0.0819048,57.2482,0.321429,14.0476
494,0.322236,0.0386,0.0371336,0.00583051,0.145728,120,0,0.0819048,2.20568,0.321429,14.0476
495,0.586352,0.0386,0.044183,0.00583051,0.173393,120,0,0.0819048,1.85376,0.321429,14.0476
496,0.617233,0.0386,0.0487517,0.00583051,0.191322,120,0,0.0819048,1.68004,0.321429,14.0476
497,0.992382,0.0386,0.0175294,0.00583051,0.0687926,120,0,0.0819048,4.67243,0.321429,14.0476
498,0.840418,0.0386,0.00587533,0.00583051,0.0230572,120,0,0.0819048,13.9405,0.321429,14.0476
499,1.98868,0.0386,0.0311008,0.00583051,0.122053,120,0,0.0819048,2.63352,0.321429,14.0476
