-0,0
1.21288e-11,1
1.64141e-08,2
3.57013e-07,3
1.58234e-06,4
3.1485e-06,5
3.97423e-06,6
3.80565e-06,7
3.06121e-06,8
2.20001e-06,9
1.46846e-06,10
9.33418e-07,11
5.74375e-07,12
0.00015837,13
0.00195947,14
0.00636002,15
0.0104441,16
0.0119085,17
0.0109657,18
0.00878173,19
0.00637561,20
0.00431325,21
0.00277484,22
0.00172369,23
0.00104558,24
0.0251199,25
0.0703038,26
0.0986937,27
0.109931,28
0.109843,29
0.102621,30
0.0910485,31
0.0770873,32
0.0622582,33
0.0478348,34
0.0348799,35
0.0241452,36
0.107404,37
0.159904,38
0.183999,39
0.191403,40
0.188746,41
0.179683,42
0.1664,43
0.150342,44
0.132549,45
0.113834,46
0.0948962,47
0.0764176,48
0.168572,49
0.214058,50
0.233031,51
0.237772,52
0.234188,53
0.225113,54
0.212134,55
0.196344,56
0.178594,57
0.159562,58
0.1398,59
0.119784,60
0.206545,61
0.245545,62
0.260468,63
0.26357,64
0.259945,65
0.251649,66
0.239712,67
0.224898,68
0.207903,69
0.18936,70
0.169809,71
0.149699,72
0.129412,73
0.109318,74
0.0898206,75
0.0713982,76
0.0546078,77
0.040018,78
0.0280634,79
0.0188852,80
0.0122744,81
0.00776962,82
0.00482892,83
0.00296656,84
0.00181023,85
0.00110086,86
0.000668629,87
0.000406155,88
0.000246961,89
0.000150394,90
9.17605e-05,91
5.61055e-05,92
3.43835e-05,93
2.11225e-05,94
1.30086e-05,95
8.03228e-06,96
4.97285e-06,97
3.08713e-06,98
1.92184e-06,99
1.19982e-06,100
7.51236e-07,101
4.71764e-07,102
2.97157e-07,103
1.87751e-07,104
1.18999e-07,105
7.56633e-08,106
4.82656e-08,107
3.08904e-08,108
1.98365e-08,109
1.27816e-08,110
8.26436e-09,111
5.36237e-09,112
3.49182e-09,113
2.28199e-09,114
1.49681e-09,115
9.85439e-10,116
6.51213e-10,117
4.31983e-10,118
2.8766e-10,119
1.923e-10,120
1.29058e-10,121
8.69582e-11,122
5.88268e-11,123
3.99571e-11,124
2.72509e-11,125
1.86616e-11,126
1.28325e-11,127
8.86097e-12,128
6.14425e-12,129
4.27842e-12,130
2.99182e-12,131
2.10103e-12,132
1.48177e-12,133
1.04952e-12,134
7.46551e-13,135
5.33333e-13,136
3.82652e-13,137
2.75729e-13,138
1.99544e-13,139
1.45032e-13,140
1.05864e-13,141
7.76092e-14,142
5.71395e-14,143
4.22486e-14,144
3.13731e-14,145
2.3398e-14,146
1.7523e-14,147
1.31793e-14,148
9.955e-15,149
7.54952e-15,150
5.75003e-15,151
4.39463e-15,152
3.37693e-15,153
2.59977e-15,154
2.01228e-15,155
1.56356e-15,156
1.22125e-15,157
9.57567e-16,158
7.54026e-16,159
5.92119e-16,160
4.71845e-16,161
3.747e-16,162
3.00685e-16,163
2.40548e-16,164
1.94289e-16,165
1.57282e-16,166
1.249e-16,167
1.0177e-16,168
8.32667e-17,169
6.93889e-17,170
5.55112e-17,171
4.62593e-17,172
3.70074e-17,173
3.23815e-17,174
2.77556e-17,175
2.31296e-17,176
1.85037e-17,177
1.38778e-17,178
1.38778e-17,179
9.25186e-18,180
9.25186e-18,181
9.25186e-18,182
4.62593e-18,183
4.62593e-18,184
4.62593e-18,185
4.62593e-18,186
4.62593e-18,187
4.62593e-18,188
4.62593e-18,189
-0,190
-0,191
-0,192
-0,193
-0,194
-0,195
-0,196
-0,197
-0,198
-0,199
-0,200
-0,201
-0,202
-0,203
-0,204
-0,205
-0,206
-0,207
-0,208
-0,209
-0,210
-0,211
-0,212
-0,213
-0,214
-0,215
-0,216
-0,217
-0,218
-0,219
-0,220
-0,221
-0,222
-0,223
-0,224
-0,225
-0,226
-0,227
-0,228
-0,229
-0,230
-0,231
-0,232
-0,233
-0,234
-0,235
-0,236
-0,237
-0,238
-0,239
-0,240
-0,241
-0,242
-0,243
-0,244
-0,245
-0,246
-0,247
-0,248
-0,249
-0,250
-0,251
-0,252
-0,253
-0,254
-0,255
-0,256
-0,257
-0,258
-0,259
-0,260
-0,261
-0,262
-0,263
-0,264
-0,265
-0,266
-0,267
-0,268
-0,269
-0,270
-0,271
-0,272
-0,273
-0,274
-0,275
-0,276
-0,277
-0,278
-0,279
-0,280
-0,281
-0,282
-0,283
-0,284
-0,285
-0,286
-0,287
-0,288
-0,289
-0,290
-0,291
-0,292
-0,293
-0,294
-0,295
-0,296
-0,297
-0,298
-0,299
-0,300
-0,301
-0,302
-0,303
-0,304
-0,305
-0,306
-0,307
-0,308
-0,309
-0,310
-0,311
-0,312
-0,313
-0,314
-0,315
-0,316
-0,317
-0,318
-0,319
-0,320
-0,321
-0,322
-0,323
-0,324
-0,325
-0,326
-0,327
-0,328
-0,329
-0,330
-0,331
-0,332
-0,333
-0,334
-0,335
-0,336
-0,337
-0,338
-0,339
-0,340
-0,341
-0,342
-0,343
-0,344
-0,345
-0,346
-0,347
-0,348
-0,349
-0,350
-0,351
-0,352
-0,353
-0,354
-0,355
-0,356
-0,357
-0,358
-0,359
-0,360
-0,361
-0,362
-0,363
-0,364
-0,365
-0,366
-0,367
-0,368
-0,369
-0,370
-0,371
-0,372
-0,373
-0,374
-0,375
-0,376
-0,377
-0,378
-0,379
-0,380
-0,381
-0,382
-0,383
-0,384
-0,385
-0,386
-0,387
-0,388
-0,389
-0,390
-0,391
-0,392
-0,393
-0,394
-0,395
-0,396
-0,397
-0,398
-0,399
-0,400
-0,401
-0,402
-0,403
-0,404
-0,405
-0,406
-0,407
-0,408
-0,409
-0,410
-0,411
-0,412
-0,413
-0,414
-0,415
-0,416
-0,417
-0,418
-0,419
-0,420
-0,421
-0,422
-0,423
-0,424
-0,425
-0,426
-0,427
-0,428
-0,429
-0,430
-0,431
-0,432
-0,433
-0,434
-0,435
-0,436
-0,437
-0,438
-0,439
-0,440
-0,441
-0,442
-0,443
-0,444
-0,445
-0,446
-0,447
-0,448
-0,449
-0,450
-0,451
-0,452
-0,453
-0,454
-0,455
-0,456
-0,457
-0,458
-0,459
-0,460
-0,461
-0,462
-0,463
-0,464
-0,465
-0,466
-0,467
-0,468
-0,469
-0,470
-0,471
-0,472
-0,473
-0,474
-0,475
-0,476
-0,477
-0,478
-0,479
-0,480
-0,481
-0,482
-0,483
-0,484
-0,485
-0,486
-0,487
-0,488
-0,489
-0,490
-0,491
-0,492
-0,493
-0,494
-0,495
-0,496
-0,497
-0,498
-0,499
-0,500
-0,501
-0,502
-0,503
-0,504
-0,505
-0,506
-0,507
-0,508
-0,509
-0,510
-0,511
-0,512
-0,513
-0,514
-0,515
-0,516
-0,517
-0,518
-0,519
-0,520
-0,521
-0,522
-0,523
-0,524
-0,525
-0,526
-0,527
-0,528
-0,529
-0,530
-0,531
-0,532
-0,533
-0,534
-0,535
-0,536
-0,537
-0,538
-0,539
-0,540
-0,541
-0,542
-0,543
-0,544
-0,545
-0,546
-0,547
-0,548
-0,549
-0,550
-0,551
-0,552
-0,553
-0,554
-0,555
-0,556
-0,557
-0,558
-0,559
-0,560
-0,561
-0,562
-0,563
-0,564
-0,565
-0,566
-0,567
-0,568
-0,569
-0,570
-0,571
-0,572
-0,573
-0,574
-0,575
-0,576
-0,577
-0,578
-0,579
-0,580
-0,581
-0,582
-0,583
-0,584
-0,585
-0,586
-0,587
-0,588
-0,589
-0,590
-0,591
-0,592
-0,593
-0,594
-0,595
-0,596
-0,597
-0,598
-0,599
-0,600
-0,601
-0,602
-0,603
-0,604
-0,605
-0,606
-0,607
-0,608
-0,609
-0,610
-0,611
-0,612
-0,613
-0,614
-0,615
-0,616
-0,617
-0,618
-0,619
-0,620
-0,621
-0,622
-0,623
-0,624
-0,625
-0,626
-0,627
-0,628
-0,629
-0,630
-0,631
-0,632
-0,633
-0,634
-0,635
-0,636
-0,637
-0,638
-0,639
-0,640
-0,641
-0,642
-0,643
-0,644
-0,645
-0,646
-0,647
-0,648
-0,649
-0,650
-0,651
-0,652
-0,653
-0,654
-0,655
-0,656
-0,657
-0,658
-0,659
-0,660
-0,661
-0,662
-0,663
-0,664
-0,665
-0,666
-0,667
-0,668
-0,669
-0,670
-0,671
-0,672
