-0,0
-0,1
6.56882e-16,2
7.32886e-14,3
1.41859e-12,4
1.06031e-11,5
4.36775e-11,6
1.19868e-10,7
2.4543e-10,8
4.03282e-10,9
5.58929e-10,10
6.76954e-10,11
7.35457e-10,12
1.38726e-08,13
1.0216e-07,14
4.16908e-07,15
1.1371e-06,16
2.31851e-06,17
3.79896e-06,18
5.25545e-06,19
6.35812e-06,20
6.90383e-06,21
6.86173e-06,22
6.33836e-06,23
5.50739e-06,24
2.52383e-05,25
7.4679e-05,26
0.000161663,27
0.000277239,28
0.000397514,29
0.000495112,30
0.000550883,31
0.000559149,32
0.000526115,33
0.000464685,34
0.000389128,35
0.000311452,36
0.000902491,37
0.00191302,38
0.00321176,39
0.00451751,40
0.00554524,41
0.00611865,42
0.0061987,43
0.00585353,44
0.0052093,45
0.00440549,46
0.0035641,47
0.00277385,48
0.00631686,49
0.0109942,50
0.0157366,51
0.0195673,52
0.021954,53
0.0227838,54
0.0222145,55
0.0205464,56
0.0181359,57
0.0153384,58
0.0124677,59
0.00976801,60
0.0186109,61
0.0279699,62
0.0358658,63
0.0413349,64
0.0441884,65
0.0446364,66
0.0430583,67
0.0398972,68
0.035614,69
0.0306647,70
0.0254801,71
0.0204399,72
0.0158437,73
0.0118874,74
0.00865573,75
0.00613693,76
0.00425222,77
0.00288985,78
0.00193279,79
0.00127588,80
0.00083332,81
0.000539601,82
0.000346984,83
0.000221874,84
0.000141238,85
8.9587e-05,86
5.66665e-05,87
3.57673e-05,88
2.25411e-05,89
1.41909e-05,90
8.92858e-06,91
5.61646e-06,92
3.53348e-06,93
2.22401e-06,94
1.40083e-06,95
8.83209e-07,96
5.57528e-07,97
3.52441e-07,98
2.23154e-07,99
1.41547e-07,100
8.99576e-08,101
5.72906e-08,102
3.65676e-08,103
2.33953e-08,104
1.50048e-08,105
9.64831e-09,106
6.22058e-09,107
4.02171e-09,108
2.60752e-09,109
1.69558e-09,110
1.10589e-09,111
7.23509e-10,112
4.74831e-10,113
3.12627e-10,114
2.06505e-10,115
1.36859e-10,116
9.10083e-11,117
6.07255e-11,118
4.06598e-11,119
2.73199e-11,120
1.84218e-11,121
1.24664e-11,122
8.46674e-12,123
5.77131e-12,124
3.94846e-12,125
2.71136e-12,126
1.86881e-12,127
1.29291e-12,128
8.97847e-13,129
6.25865e-13,130
4.37932e-13,131
3.07601e-13,132
2.16882e-13,133
1.53502e-13,134
1.09066e-13,135
7.7785e-14,136
5.56916e-14,137
4.00282e-14,138
2.88797e-14,139
2.09138e-14,140
1.52054e-14,141
1.10976e-14,142
8.12776e-15,143
5.9767e-15,144
4.41314e-15,145
3.27053e-15,146
2.42861e-15,147
1.81336e-15,148
1.36002e-15,149
1.02233e-15,150
7.7253e-16,151
5.82867e-16,152
4.44089e-16,153
3.37693e-16,154
2.59052e-16,155
1.98915e-16,156
1.52656e-16,157
1.20274e-16,158
9.25186e-17,159
7.40149e-17,160
5.55112e-17,161
4.62593e-17,162
3.23815e-17,163
2.77556e-17,164
2.31296e-17,165
1.85037e-17,166
1.38778e-17,167
9.25186e-18,168
9.25186e-18,169
9.25186e-18,170
4.62593e-18,171
4.62593e-18,172
4.62593e-18,173
4.62593e-18,174
4.62593e-18,175
-0,176
-0,177
-0,178
-0,179
-0,180
-0,181
-0,182
-0,183
-0,184
-0,185
-0,186
-0,187
-0,188
-0,189
-0,190
-0,191
-0,192
-0,193
-0,194
-0,195
-0,196
-0,197
-0,198
-0,199
-0,200
-0,201
-0,202
-0,203
-0,204
-0,205
-0,206
-0,207
-0,208
-0,209
-0,210
-0,211
-0,212
-0,213
-0,214
-0,215
-0,216
-0,217
-0,218
-0,219
-0,220
-0,221
-0,222
-0,223
-0,224
-0,225
-0,226
-0,227
-0,228
-0,229
-0,230
-0,231
-0,232
-0,233
-0,234
-0,235
-0,236
-0,237
-0,238
-0,239
-0,240
-0,241
-0,242
-0,243
-0,244
-0,245
-0,246
-0,247
-0,248
-0,249
-0,250
-0,251
-0,252
-0,253
-0,254
-0,255
-0,256
-0,257
-0,258
-0,259
-0,260
-0,261
-0,262
-0,263
-0,264
-0,265
-0,266
-0,267
-0,268
-0,269
-0,270
-0,271
-0,272
-0,273
-0,274
-0,275
-0,276
-0,277
-0,278
-0,279
-0,280
-0,281
-0,282
-0,283
-0,284
-0,285
-0,286
-0,287
-0,288
-0,289
-0,290
-0,291
-0,292
-0,293
-0,294
-0,295
-0,296
-0,297
-0,298
-0,299
-0,300
-0,301
-0,302
-0,303
-0,304
-0,305
-0,306
-0,307
-0,308
-0,309
-0,310
-0,311
-0,312
-0,313
-0,314
-0,315
-0,316
-0,317
-0,318
-0,319
-0,320
-0,321
-0,322
-0,323
-0,324
-0,325
-0,326
-0,327
-0,328
-0,329
-0,330
-0,331
-0,332
-0,333
-0,334
-0,335
-0,336
-0,337
-0,338
-0,339
-0,340
-0,341
-0,342
-0,343
-0,344
-0,345
-0,346
-0,347
-0,348
-0,349
-0,350
-0,351
-0,352
-0,353
-0,354
-0,355
-0,356
-0,357
-0,358
-0,359
-0,360
-0,361
-0,362
-0,363
-0,364
-0,365
-0,366
-0,367
-0,368
-0,369
-0,370
-0,371
-0,372
-0,373
-0,374
-0,375
-0,376
-0,377
-0,378
-0,379
-0,380
-0,381
-0,382
-0,383
-0,384
-0,385
-0,386
-0,387
-0,388
-0,389
-0,390
-0,391
-0,392
-0,393
-0,394
-0,395
-0,396
-0,397
-0,398
-0,399
-0,400
-0,401
-0,402
-0,403
-0,404
-0,405
-0,406
-0,407
-0,408
-0,409
-0,410
-0,411
-0,412
-0,413
-0,414
-0,415
-0,416
-0,417
-0,418
-0,419
-0,420
-0,421
-0,422
-0,423
-0,424
-0,425
-0,426
-0,427
-0,428
-0,429
-0,430
-0,431
-0,432
-0,433
-0,434
-0,435
-0,436
-0,437
-0,438
-0,439
-0,440
-0,441
-0,442
-0,443
-0,444
-0,445
-0,446
-0,447
-0,448
-0,449
-0,450
-0,451
-0,452
-0,453
-0,454
-0,455
-0,456
-0,457
-0,458
-0,459
-0,460
-0,461
-0,462
-0,463
-0,464
-0,465
-0,466
-0,467
-0,468
-0,469
-0,470
-0,471
-0,472
-0,473
-0,474
-0,475
-0,476
-0,477
-0,478
-0,479
-0,480
-0,481
-0,482
-0,483
-0,484
-0,485
-0,486
-0,487
-0,488
-0,489
-0,490
-0,491
-0,492
-0,493
-0,494
-0,495
-0,496
-0,497
-0,498
-0,499
-0,500
-0,501
-0,502
-0,503
-0,504
-0,505
-0,506
-0,507
-0,508
-0,509
-0,510
-0,511
-0,512
-0,513
-0,514
-0,515
-0,516
-0,517
-0,518
-0,519
-0,520
-0,521
-0,522
-0,523
-0,524
-0,525
-0,526
-0,527
-0,528
-0,529
-0,530
-0,531
-0,532
-0,533
-0,534
-0,535
-0,536
-0,537
-0,538
-0,539
-0,540
-0,541
-0,542
-0,543
-0,544
-0,545
-0,546
-0,547
-0,548
-0,549
-0,550
-0,551
-0,552
-0,553
-0,554
-0,555
-0,556
-0,557
-0,558
-0,559
-0,560
-0,561
-0,562
-0,563
-0,564
-0,565
-0,566
-0,567
-0,568
-0,569
-0,570
-0,571
-0,572
-0,573
-0,574
-0,575
-0,576
-0,577
-0,578
-0,579
-0,580
-0,581
-0,582
-0,583
-0,584
-0,585
-0,586
-0,587
-0,588
-0,589
-0,590
-0,591
-0,592
-0,593
-0,594
-0,595
-0,596
-0,597
-0,598
-0,599
-0,600
-0,601
-0,602
-0,603
-0,604
-0,605
-0,606
-0,607
-0,608
-0,609
-0,610
-0,611
-0,612
-0,613
-0,614
-0,615
-0,616
-0,617
-0,618
-0,619
-0,620
-0,621
-0,622
-0,623
-0,624
-0,625
-0,626
-0,627
-0,628
-0,629
-0,630
-0,631
-0,632
-0,633
-0,634
-0,635
-0,636
-0,637
-0,638
-0,639
-0,640
-0,641
-0,642
-0,643
-0,644
-0,645
-0,646
-0,647
-0,648
-0,649
-0,650
-0,651
-0,652
-0,653
-0,654
-0,655
-0,656
-0,657
-0,658
-0,659
-0,660
-0,661
-0,662
-0,663
-0,664
-0,665
-0,666
-0,667
-0,668
-0,669
-0,670
-0,671
-0,672
