-0,0
2.51033e-12,1
4.41404e-08,2
1.03743e-05,3
0.000414857,4
0.00592328,5
0.034047,6
0.0858116,7
0.13883,8
0.184409,9
0.22146,10
0.250169,11
0.271153,12
0.309592,13
0.315526,14
0.316442,15
0.316629,16
0.316678,17
0.316693,18
0.316699,19
0.316701,20
0.316703,21
0.316703,22
0.316704,23
0.316704,24
0.316704,25
0.316704,26
0.316704,27
0.316704,28
0.316704,29
0.316704,30
0.316704,31
0.316704,32
0.316704,33
0.316704,34
0.316704,35
0.316704,36
0.316704,37
0.316704,38
0.316704,39
0.316704,40
0.316704,41
0.316704,42
0.316704,43
0.316704,44
0.316704,45
0.316704,46
0.316704,47
0.316704,48
0.316704,49
0.316704,50
0.316704,51
0.316704,52
0.316704,53
0.316704,54
0.316704,55
0.316704,56
0.316704,57
0.316704,58
0.316704,59
0.316704,60
0.316704,61
0.316704,62
0.316704,63
0.316704,64
0.316704,65
0.316704,66
0.316704,67
0.316704,68
0.316704,69
0.316704,70
0.316704,71
0.316704,72
0.316704,73
0.316704,74
0.316704,75
0.316704,76
0.316704,77
0.316704,78
0.316704,79
0.316704,80
0.316704,81
0.316704,82
0.316704,83
0.316704,84
0.316704,85
0.316704,86
0.316704,87
0.316704,88
0.316704,89
0.316704,90
0.316704,91
0.316704,92
0.316704,93
0.316704,94
0.316704,95
0.316704,96
0.316704,97
0.316704,98
0.316704,99
0.316704,100
0.316704,101
0.316704,102
0.316704,103
0.316704,104
0.316704,105
0.316704,106
0.316704,107
0.316704,108
0.316704,109
0.316704,110
0.316704,111
0.316704,112
0.316704,113
0.316704,114
0.316704,115
0.316704,116
0.316704,117
0.316704,118
0.316704,119
0.316704,120
0.316704,121
0.316704,122
0.316704,123
0.316704,124
0.316703,125
0.316703,126
0.316703,127
0.316702,128
0.316701,129
0.3167,130
0.316698,131
0.316695,132
0.316691,133
0.316686,134
0.316678,135
0.316668,136
0.316653,137
0.316632,138
0.316602,139
0.316562,140
0.316505,141
0.316425,142
0.316315,143
0.316163,144
0.315952,145
0.315662,146
0.315265,147
0.314722,148
0.313987,149
0.312996,150
0.311674,151
0.30993,152
0.307659,153
0.304751,154
0.301097,155
0.296601,156
0.291198,157
0.284864,158
0.277617,159
0.269522,160
0.260675,161
0.251192,162
0.241194,163
0.230799,164
0.220114,165
0.20923,166
0.198226,167
0.187165,168
0.176102,169
0.165082,170
0.154146,171
0.143329,172
0.132667,173
0.122195,174
0.111951,175
0.101974,176
0.0923065,177
0.0829968,178
0.0740941,179
0.0656493,180
0.0577126,181
0.05033,182
0.0435399,183
0.0373694,184
0.0318316,185
0.0269238,186
0.0226277,187
0.0189107,188
0.0157294,189
0.0130327,190
0.0107659,191
0.00887375,192
0.00730352,193
0.00600632,194
0.00493838,195
0.00406135,196
0.00334227,197
0.00275323,198
0.00227088,199
0.00187581,200
0.00155203,201
0.00128645,202
0.00106833,203
0.000888953,204
0.0007412,205
0.000619289,206
0.000518519,207
0.000435067,208
0.000365824,209
0.000308256,210
0.000260298,211
0.000220264,212
0.000186778,213
0.000158712,214
0.000135139,215
0.000115301,216
9.85721e-05,217
8.44366e-05,218
7.24689e-05,219
6.23165e-05,220
5.36873e-05,221
4.63387e-05,222
4.00689e-05,223
3.47093e-05,224
3.01195e-05,225
2.61816e-05,226
2.27971e-05,227
1.9883e-05,228
1.73697e-05,229
1.51982e-05,230
1.33189e-05,231
1.16899e-05,232
1.02755e-05,233
9.04539e-06,234
7.974e-06,235
7.03936e-06,236
6.2228e-06,237
5.50834e-06,238
4.8823e-06,239
4.33295e-06,240
3.85022e-06,241
3.42546e-06,242
3.0512e-06,243
2.72099e-06,244
2.42928e-06,245
2.17126e-06,246
1.94274e-06,247
1.74011e-06,248
1.56022e-06,249
1.40033e-06,250
1.25807e-06,251
1.13133e-06,252
1.01831e-06,253
9.17412e-07,254
8.27243e-07,255
7.46578e-07,256
6.74345e-07,257
6.09598e-07,258
5.51507e-07,259
4.99337e-07,260
4.52444e-07,261
4.10256e-07,262
3.72267e-07,263
3.38031e-07,264
3.07151e-07,265
2.79275e-07,266
2.54092e-07,267
2.31324e-07,268
2.10723e-07,269
1.92071e-07,270
1.75169e-07,271
1.59843e-07,272
1.45938e-07,273
1.33312e-07,274
1.2184e-07,275
1.11412e-07,276
1.01924e-07,277
9.32888e-08,278
8.54238e-08,279
7.82564e-08,280
7.17213e-08,281
6.57593e-08,282
6.03173e-08,283
5.53475e-08,284
5.08066e-08,285
4.66555e-08,286
4.28591e-08,287
3.93853e-08,288
3.62053e-08,289
3.32931e-08,290
3.06249e-08,291
2.81793e-08,292
2.59368e-08,293
2.38798e-08,294
2.19921e-08,295
2.02592e-08,296
1.86678e-08,297
1.72059e-08,298
1.58625e-08,299
1.46275e-08,300
1.34919e-08,301
1.24473e-08,302
1.14861e-08,303
1.06014e-08,304
9.78693e-09,305
9.03685e-09,306
8.3459e-09,307
7.70925e-09,308
7.12248e-09,309
6.58156e-09,310
6.08277e-09,311
5.62273e-09,312
5.19833e-09,313
4.80673e-09,314
4.44531e-09,315
4.11168e-09,316
3.80363e-09,317
3.51916e-09,318
3.2564e-09,319
3.01366e-09,320
2.78937e-09,321
2.58209e-09,322
2.3905e-09,323
2.21338e-09,324
2.04961e-09,325
1.89817e-09,326
1.75811e-09,327
1.62854e-09,328
1.50867e-09,329
1.39776e-09,330
1.29513e-09,331
1.20013e-09,332
1.11221e-09,333
1.03081e-09,334
9.55445e-10,335
8.85662e-10,336
8.21039e-10,337
7.61187e-10,338
7.0575e-10,339
6.54396e-10,340
6.06819e-10,341
5.62739e-10,342
5.21893e-10,343
4.84042e-10,344
4.48963e-10,345
4.16451e-10,346
3.86314e-10,347
3.58377e-10,348
3.32478e-10,349
3.08467e-10,350
2.86204e-10,351
2.6556e-10,352
2.46416e-10,353
2.28663e-10,354
2.12198e-10,355
1.96926e-10,356
1.82761e-10,357
1.69622e-10,358
1.57433e-10,359
1.46126e-10,360
1.35635e-10,361
1.25902e-10,362
1.16872e-10,363
1.08492e-10,364
1.00717e-10,365
9.35013e-11,366
8.68053e-11,367
8.05912e-11,368
7.48239e-11,369
6.94712e-11,370
6.45031e-11,371
5.98918e-11,372
5.56115e-11,373
5.16383e-11,374
4.795e-11,375
4.45262e-11,376
4.13477e-11,377
3.83969e-11,378
3.56574e-11,379
3.3114e-11,380
3.07525e-11,381
2.856e-11,382
2.65243e-11,383
2.46341e-11,384
2.28789e-11,385
2.12492e-11,386
1.97358e-11,387
1.83305e-11,388
1.70255e-11,389
1.58137e-11,390
1.46882e-11,391
1.36431e-11,392
1.26725e-11,393
1.17711e-11,394
1.09339e-11,395
1.01564e-11,396
9.43426e-12,397
8.76358e-12,398
8.14066e-12,399
7.56209e-12,400
7.02471e-12,401
6.52558e-12,402
6.06197e-12,403
5.63135e-12,404
5.23136e-12,405
4.85982e-12,406
4.5147e-12,407
4.19413e-12,408
3.89635e-12,409
3.61973e-12,410
3.36278e-12,411
3.12408e-12,412
2.90235e-12,413
2.69638e-12,414
2.50504e-12,415
2.32729e-12,416
2.16216e-12,417
2.00876e-12,418
1.86626e-12,419
1.73387e-12,420
1.61088e-12,421
1.49663e-12,422
1.39048e-12,423
1.29187e-12,424
1.20025e-12,425
1.11515e-12,426
1.03607e-12,427
9.6261e-13,428
8.94359e-13,429
8.30956e-13,430
7.72044e-13,431
7.17315e-13,432
6.66467e-13,433
6.19222e-13,434
5.75331e-13,435
5.34554e-13,436
4.96668e-13,437
4.61469e-13,438
4.28764e-13,439
3.98376e-13,440
3.70148e-13,441
3.43919e-13,442
3.19545e-13,443
2.96906e-13,444
2.75867e-13,445
2.56323e-13,446
2.38161e-13,447
2.21286e-13,448
2.05609e-13,449
1.91042e-13,450
1.77506e-13,451
1.64933e-13,452
1.53248e-13,453
1.42391e-13,454
1.32306e-13,455
1.22934e-13,456
1.14223e-13,457
1.06133e-13,458
9.86156e-14,459
9.16304e-14,460
8.51402e-14,461
7.9108e-14,462
7.3506e-14,463
6.83018e-14,464
6.34631e-14,465
5.89667e-14,466
5.47941e-14,467
5.0913e-14,468
4.73048e-14,469
4.39556e-14,470
4.08423e-14,471
3.79511e-14,472
3.52635e-14,473
3.27655e-14,474
3.04432e-14,475
2.82876e-14,476
2.62845e-14,477
2.44249e-14,478
2.26948e-14,479
2.10896e-14,480
1.95954e-14,481
1.82077e-14,482
1.6917e-14,483
1.57189e-14,484
1.46087e-14,485
1.35725e-14,486
1.26103e-14,487
1.17175e-14,488
1.08894e-14,489
1.01169e-14,490
9.39989e-15,491
8.73375e-15,492
8.11851e-15,493
7.54026e-15,494
7.00828e-15,495
6.51331e-15,496
6.05072e-15,497
5.6205e-15,498
5.22267e-15,499
4.8526e-15,500
4.51028e-15,501
4.19109e-15,502
3.89503e-15,503
3.61748e-15,504
3.36305e-15,505
3.1225e-15,506
2.90508e-15,507
2.69692e-15,508
2.50725e-15,509
2.33147e-15,510
2.16493e-15,511
2.01228e-15,512
1.86888e-15,513
1.73472e-15,514
1.61445e-15,515
1.4988e-15,516
1.3924e-15,517
1.29526e-15,518
1.20274e-15,519
1.11947e-15,520
1.04083e-15,521
9.66819e-16,522
8.9743e-16,523
8.32667e-16,524
7.7253e-16,525
7.21645e-16,526
6.7076e-16,527
6.19875e-16,528
5.78241e-16,529
5.36608e-16,530
4.996e-16,531
4.62593e-16,532
4.30211e-16,533
3.9783e-16,534
3.70074e-16,535
3.46945e-16,536
3.19189e-16,537
2.96059e-16,538
2.77556e-16,539
2.59052e-16,540
2.40548e-16,541
2.22045e-16,542
2.08167e-16,543
1.89663e-16,544
1.80411e-16,545
1.66533e-16,546
1.52656e-16,547
1.43404e-16,548
1.34152e-16,549
1.249e-16,550
1.15648e-16,551
1.06396e-16,552
9.71445e-17,553
9.25186e-17,554
8.32667e-17,555
7.86408e-17,556
7.40149e-17,557
6.93889e-17,558
6.4763e-17,559
6.01371e-17,560
5.55112e-17,561
5.08852e-17,562
4.62593e-17,563
4.62593e-17,564
4.16334e-17,565
3.70074e-17,566
3.70074e-17,567
3.23815e-17,568
3.23815e-17,569
2.77556e-17,570
2.77556e-17,571
2.31296e-17,572
2.31296e-17,573
2.31296e-17,574
1.85037e-17,575
1.85037e-17,576
1.85037e-17,577
1.38778e-17,578
1.38778e-17,579
1.38778e-17,580
1.38778e-17,581
1.38778e-17,582
9.25186e-18,583
9.25186e-18,584
9.25186e-18,585
9.25186e-18,586
9.25186e-18,587
9.25186e-18,588
9.25186e-18,589
4.62593e-18,590
4.62593e-18,591
4.62593e-18,592
4.62593e-18,593
4.62593e-18,594
4.62593e-18,595
4.62593e-18,596
4.62593e-18,597
4.62593e-18,598
4.62593e-18,599
4.62593e-18,600
4.62593e-18,601
4.62593e-18,602
4.62593e-18,603
4.62593e-18,604
-0,605
-0,606
-0,607
-0,608
-0,609
-0,610
-0,611
-0,612
-0,613
-0,614
-0,615
-0,616
-0,617
-0,618
-0,619
-0,620
-0,621
-0,622
-0,623
-0,624
-0,625
-0,626
-0,627
-0,628
-0,629
-0,630
-0,631
-0,632
-0,633
-0,634
-0,635
-0,636
-0,637
-0,638
-0,639
-0,640
-0,641
-0,642
-0,643
-0,644
-0,645
-0,646
-0,647
-0,648
-0,649
-0,650
-0,651
-0,652
-0,653
-0,654
-0,655
-0,656
-0,657
-0,658
-0,659
-0,660
-0,661
-0,662
-0,663
-0,664
-0,665
-0,666
-0,667
-0,668
-0,669
-0,670
-0,671
-0,672
