PID,i_lum_F1_indiv,i_lum_k12(KA),i_lum_k23(Q/V),i_lum_k32(Q/VP),i_lum_k20(CL/V),total_mg_dose_per_occassion,DS,Q,V,CL,VP
0,0.158226,0.0386,0.00902957,0.00634218,0.0354358,360,0.24338,0.267278,29.6002,1.04891,42.1429
1,0.520399,0.0386,0.0430882,0.00634218,0.169096,360,0.24338,0.267278,6.20304,1.04891,42.1429
2,0.126507,0.0386,0.0169893,0.00634218,0.066673,360,0.24338,0.267278,15.7321,1.04891,42.1429
3,0.324277,0.0386,0.0819078,0.00634218,0.32144,360,0.24338,0.267278,3.26315,1.04891,42.1429
4,0.0540771,0.0386,0.040902,0.00634218,0.160517,360,0.24338,0.267278,6.53458,1.04891,42.1429
5,0.276679,0.0386,0.187258,0.00634218,0.73488,360,0.24338,0.267278,1.42732,1.04891,42.1429
6,0.387101,0.0386,0.016034,0.00634218,0.0629242,360,0.24338,0.267278,16.6694,1.04891,42.1429
7,0.138791,0.0386,0.0521843,0.00634218,0.204793,360,0.24338,0.267278,5.1218,1.04891,42.1429
8,0.538173,0.0386,0.030509,0.00634218,0.11973,360,0.24338,0.267278,8.76061,1.04891,42.1429
9,0.539066,0.0386,0.0778788,0.00634218,0.305629,360,0.24338,0.267278,3.43197,1.04891,42.1429
10,0.13931,0.0386,0.00747874,0.00634218,0.0293497,360,0.24338,0.267278,35.7383,1.04891,42.1429
11,0.423507,0.0386,0.00479275,0.00634218,0.0188088,360,0.24338,0.267278,55.767,1.04891,42.1429
12,0.198369,0.0386,0.0657795,0.00634218,0.258146,360,0.24338,0.267278,4.06323,1.04891,42.1429
13,0.121169,0.0386,0.043246,0.00634218,0.169715,360,0.24338,0.267278,6.1804,1.04891,42.1429
14,0.218106,0.0386,0.0162371,0.00634218,0.0637211,360,0.24338,0.267278,16.4609,1.04891,42.1429
15,0.0821561,0.0386,0.047592,0.00634218,0.186771,360,0.24338,0.267278,5.61602,1.04891,42.1429
16,0.253489,0.0386,0.0380604,0.00634218,0.149365,360,0.24338,0.267278,7.02246,1.04891,42.1429
17,0.103106,0.0386,0.0192354,0.00634218,0.0754877,360,0.24338,0.267278,13.8951,1.04891,42.1429
18,0.112311,0.0386,0.0379014,0.00634218,0.148741,360,0.24338,0.267278,7.05191,1.04891,42.1429
19,0.252355,0.0386,0.0209112,0.00634218,0.0820643,360,0.24338,0.267278,12.7815,1.04891,42.1429
20,0.212247,0.0386,0.00698929,0.00634218,0.0274289,360,0.24338,0.267278,38.241,1.04891,42.1429
21,0.189895,0.0386,0.0685864,0.00634218,0.269162,360,0.24338,0.267278,3.89695,1.04891,42.1429
22,0.241136,0.0386,0.0712488,0.00634218,0.27961,360,0.24338,0.267278,3.75133,1.04891,42.1429
23,0.320891,0.0386,0.0280484,0.00634218,0.110074,360,0.24338,0.267278,9.52914,1.04891,42.1429
24,0.239888,0.0386,0.0253993,0.00634218,0.0996774,360,0.24338,0.267278,10.523,1.04891,42.1429
25,0.164279,0.0386,0.0220915,0.00634218,0.0866963,360,0.24338,0.267278,12.0987,1.04891,42.1429
26,0.339521,0.0386,0.0628432,0.00634218,0.246623,360,0.24338,0.267278,4.25308,1.04891,42.1429
27,0.216514,0.0386,0.38869,0.00634218,1.52538,360,0.24338,0.267278,0.687637,1.04891,42.1429
28,0.500297,0.0386,0.00757743,0.00634218,0.029737,360,0.24338,0.267278,35.2728,1.04891,42.1429
29,0.0426403,0.0386,0.00615559,0.00634218,0.0241571,360,0.24338,0.267278,43.4203,1.04891,42.1429
30,0.24127,0.0386,0.00710943,0.00634218,0.0279004,360,0.24338,0.267278,37.5948,1.04891,42.1429
31,0.383504,0.0386,0.0213677,0.00634218,0.0838558,360,0.24338,0.267278,12.5085,1.04891,42.1429
32,0.102631,0.0386,0.0702771,0.00634218,0.275797,360,0.24338,0.267278,3.8032,1.04891,42.1429
33,0.399745,0.0386,0.0172681,0.00634218,0.0677671,360,0.24338,0.267278,15.4781,1.04891,42.1429
34,0.599696,0.0386,0.0638161,0.00634218,0.250441,360,0.24338,0.267278,4.18825,1.04891,42.1429
35,0.211424,0.0386,0.0523106,0.00634218,0.205289,360,0.24338,0.267278,5.10943,1.04891,42.1429
36,0.306498,0.0386,0.0314904,0.00634218,0.123582,360,0.24338,0.267278,8.48758,1.04891,42.1429
37,0.742505,0.0386,0.0171073,0.00634218,0.0671363,360,0.24338,0.267278,15.6236,1.04891,42.1429
38,0.0845857,0.0386,0.0231744,0.00634218,0.0909462,360,0.24338,0.267278,11.5333,1.04891,42.1429
39,0.0608514,0.0386,0.00558097,0.00634218,0.0219021,360,0.24338,0.267278,47.8909,1.04891,42.1429
40,0.165782,0.0386,0.0577199,0.00634218,0.226517,360,0.24338,0.267278,4.63059,1.04891,42.1429
41,0.359612,0.0386,0.0626904,0.00634218,0.246023,360,0.24338,0.267278,4.26345,1.04891,42.1429
42,0.232795,0.0386,0.0330189,0.00634218,0.12958,360,0.24338,0.267278,8.09469,1.04891,42.1429
43,0.328701,0.0386,0.0119036,0.00634218,0.0467148,360,0.24338,0.267278,22.4534,1.04891,42.1429
44,0.368161,0.0386,0.189374,0.00634218,0.743181,360,0.24338,0.267278,1.41138,1.04891,42.1429
45,0.161517,0.0386,0.0193187,0.00634218,0.0758146,360,0.24338,0.267278,13.8352,1.04891,42.1429
46,0.169072,0.0386,0.0452573,0.00634218,0.177609,360,0.24338,0.267278,5.90573,1.04891,42.1429
47,0.190094,0.0386,0.0120499,0.00634218,0.0472888,360,0.24338,0.267278,22.1809,1.04891,42.1429
48,0.16377,0.0386,0.0133786,0.00634218,0.0525031,360,0.24338,0.267278,19.9781,1.04891,42.1429
49,0.315467,0.0386,0.0169925,0.00634218,0.0666857,360,0.24338,0.267278,15.7291,1.04891,42.1429
50,0.315887,0.0386,0.0299652,0.00634218,0.117596,360,0.24338,0.267278,8.91961,1.04891,42.1429
51,0.678863,0.0386,0.0659267,0.00634218,0.258724,360,0.24338,0.267278,4.05416,1.04891,42.1429
52,0.381547,0.0386,0.0158642,0.00634218,0.0622579,360,0.24338,0.267278,16.8478,1.04891,42.1429
53,0.203384,0.0386,0.00518522,0.00634218,0.020349,360,0.24338,0.267278,51.5461,1.04891,42.1429
54,0.412216,0.0386,0.0355812,0.00634218,0.139635,360,0.24338,0.267278,7.51177,1.04891,42.1429
55,0.380533,0.0386,0.0572346,0.00634218,0.224613,360,0.24338,0.267278,4.66986,1.04891,42.1429
56,0.275549,0.0386,0.0166074,0.00634218,0.0651744,360,0.24338,0.267278,16.0939,1.04891,42.1429
57,0.13882,0.0386,0.0185853,0.00634218,0.0729363,360,0.24338,0.267278,14.3812,1.04891,42.1429
58,0.459366,0.0386,0.386404,0.00634218,1.51641,360,0.24338,0.267278,0.691706,1.04891,42.1429
59,0.135274,0.0386,0.0136606,0.00634218,0.05361,360,0.24338,0.267278,19.5656,1.04891,42.1429
60,0.372366,0.0386,0.00405156,0.00634218,0.0159,360,0.24338,0.267278,65.969,1.04891,42.1429
61,0.198256,0.0386,0.0231678,0.00634218,0.0909202,360,0.24338,0.267278,11.5366,1.04891,42.1429
62,0.101446,0.0386,0.0560534,0.00634218,0.219977,360,0.24338,0.267278,4.76827,1.04891,42.1429
63,0.027117,0.0386,0.0241725,0.00634218,0.094863,360,0.24338,0.267278,11.0571,1.04891,42.1429
64,0.321303,0.0386,0.0150403,0.00634218,0.0590244,360,0.24338,0.267278,17.7708,1.04891,42.1429
65,0.0904798,0.0386,0.0121788,0.00634218,0.0477947,360,0.24338,0.267278,21.9461,1.04891,42.1429
66,0.524921,0.0386,0.027577,0.00634218,0.108224,360,0.24338,0.267278,9.69203,1.04891,42.1429
67,0.113786,0.0386,0.0645565,0.00634218,0.253347,360,0.24338,0.267278,4.14021,1.04891,42.1429
68,0.161077,0.0386,0.0199441,0.00634218,0.0782688,360,0.24338,0.267278,13.4014,1.04891,42.1429
69,0.894223,0.0386,0.0750498,0.00634218,0.294527,360,0.24338,0.267278,3.56134,1.04891,42.1429
70,0.133104,0.0386,0.0383322,0.00634218,0.150432,360,0.24338,0.267278,6.97266,1.04891,42.1429
71,0.127712,0.0386,0.0356891,0.00634218,0.140059,360,0.24338,0.267278,7.48904,1.04891,42.1429
72,0.221488,0.0386,0.0128281,0.00634218,0.0503427,360,0.24338,0.267278,20.8354,1.04891,42.1429
73,0.414546,0.0386,0.176928,0.00634218,0.694339,360,0.24338,0.267278,1.51066,1.04891,42.1429
74,0.197861,0.0386,0.309267,0.00634218,1.21369,360,0.24338,0.267278,0.864228,1.04891,42.1429
75,0.297984,0.0386,0.0191572,0.00634218,0.075181,360,0.24338,0.267278,13.9518,1.04891,42.1429
76,0.340551,0.0386,0.0649177,0.00634218,0.254764,360,0.24338,0.267278,4.11717,1.04891,42.1429
77,0.457483,0.0386,0.0224299,0.00634218,0.0880243,360,0.24338,0.267278,11.9161,1.04891,42.1429
78,0.280337,0.0386,0.0152496,0.00634218,0.0598457,360,0.24338,0.267278,17.5269,1.04891,42.1429
79,0.128717,0.0386,0.0399087,0.00634218,0.156619,360,0.24338,0.267278,6.69722,1.04891,42.1429
80,0.0531463,0.0386,0.0535578,0.00634218,0.210183,360,0.24338,0.267278,4.99045,1.04891,42.1429
81,0.144977,0.0386,0.00615161,0.00634218,0.0241415,360,0.24338,0.267278,43.4484,1.04891,42.1429
82,0.492795,0.0386,0.0630163,0.00634218,0.247302,360,0.24338,0.267278,4.2414,1.04891,42.1429
83,0.218116,0.0386,0.0518404,0.00634218,0.203443,360,0.24338,0.267278,5.15578,1.04891,42.1429
84,0.229441,0.0386,0.0190513,0.00634218,0.0747654,360,0.24338,0.267278,14.0293,1.04891,42.1429
85,0.445481,0.0386,0.0577562,0.00634218,0.22666,360,0.24338,0.267278,4.62768,1.04891,42.1429
86,0.243319,0.0386,0.0191265,0.00634218,0.0750603,360,0.24338,0.267278,13.9742,1.04891,42.1429
87,0.167353,0.0386,0.0228845,0.00634218,0.0898085,360,0.24338,0.267278,11.6794,1.04891,42.1429
88,0.00542015,0.0386,0.0152427,0.00634218,0.0598187,360,0.24338,0.267278,17.5348,1.04891,42.1429
89,0.32478,0.0386,0.00758034,0.00634218,0.0297484,360,0.24338,0.267278,35.2593,1.04891,42.1429
90,0.399276,0.0386,0.0690829,0.00634218,0.27111,360,0.24338,0.267278,3.86894,1.04891,42.1429
91,0.150797,0.0386,0.0514494,0.00634218,0.201909,360,0.24338,0.267278,5.19496,1.04891,42.1429
92,0.201672,0.0386,0.0516645,0.00634218,0.202753,360,0.24338,0.267278,5.17333,1.04891,42.1429
93,0.158345,0.0386,0.0273987,0.00634218,0.107524,360,0.24338,0.267278,9.75511,1.04891,42.1429
94,0.104461,0.0386,0.0135313,0.00634218,0.0531026,360,0.24338,0.267278,19.7525,1.04891,42.1429
95,0.094084,0.0386,0.175722,0.00634218,0.689606,360,0.24338,0.267278,1.52103,1.04891,42.1429
96,0.49189,0.0386,0.90799,0.00634218,3.56333,360,0.24338,0.267278,0.294362,1.04891,42.1429
97,0.185193,0.0386,0.113925,0.00634218,0.447091,360,0.24338,0.267278,2.34607,1.04891,42.1429
98,0.262781,0.0386,0.101158,0.00634218,0.396985,360,0.24338,0.267278,2.64219,1.04891,42.1429
99,0.0719971,0.0386,0.0222797,0.00634218,0.0874348,360,0.24338,0.267278,11.9965,1.04891,42.1429
100,0.212738,0.0386,0.0974748,0.00634218,0.382532,360,0.24338,0.267278,2.74202,1.04891,42.1429
101,0.357224,0.0386,0.00875141,0.00634218,0.0343442,360,0.24338,0.267278,30.5411,1.04891,42.1429
102,0.0973359,0.0386,0.0472142,0.00634218,0.185288,360,0.24338,0.267278,5.66095,1.04891,42.1429
103,0.259196,0.0386,0.022288,0.00634218,0.0874675,360,0.24338,0.267278,11.992,1.04891,42.1429
104,0.0910316,0.0386,0.0452799,0.00634218,0.177697,360,0.24338,0.267278,5.90278,1.04891,42.1429
105,0.421497,0.0386,0.0245729,0.00634218,0.0964343,360,0.24338,0.267278,10.8769,1.04891,42.1429
106,0.0661211,0.0386,0.0265798,0.00634218,0.10431,360,0.24338,0.267278,10.0557,1.04891,42.1429
107,0.360914,0.0386,0.0850814,0.00634218,0.333895,360,0.24338,0.267278,3.14143,1.04891,42.1429
108,0.411776,0.0386,0.0245785,0.00634218,0.0964564,360,0.24338,0.267278,10.8744,1.04891,42.1429
109,0.27871,0.0386,0.0631605,0.00634218,0.247868,360,0.24338,0.267278,4.23172,1.04891,42.1429
110,0.442094,0.0386,0.0973475,0.00634218,0.382032,360,0.24338,0.267278,2.7456,1.04891,42.1429
111,0.200974,0.0386,0.0585391,0.00634218,0.229732,360,0.24338,0.267278,4.5658,1.04891,42.1429
112,0.201744,0.0386,0.0784416,0.00634218,0.307838,360,0.24338,0.267278,3.40734,1.04891,42.1429
113,0.0719836,0.0386,0.00413694,0.00634218,0.0162351,360,0.24338,0.267278,64.6075,1.04891,42.1429
114,0.138731,0.0386,0.74405,0.00634218,2.91996,360,0.24338,0.267278,0.35922,1.04891,42.1429
115,0.666582,0.0386,0.1938,0.00634218,0.760551,360,0.24338,0.267278,1.37914,1.04891,42.1429
116,0.149263,0.0386,0.0386127,0.00634218,0.151532,360,0.24338,0.267278,6.92201,1.04891,42.1429
117,0.404595,0.0386,0.0868969,0.00634218,0.34102,360,0.24338,0.267278,3.0758,1.04891,42.1429
118,0.317099,0.0386,0.273571,0.00634218,1.07361,360,0.24338,0.267278,0.976996,1.04891,42.1429
119,0.0923028,0.0386,0.0593852,0.00634218,0.233052,360,0.24338,0.267278,4.50075,1.04891,42.1429
120,0.353728,0.0386,0.0944869,0.00634218,0.370806,360,0.24338,0.267278,2.82873,1.04891,42.1429
121,0.264552,0.0386,0.070196,0.00634218,0.275479,360,0.24338,0.267278,3.80759,1.04891,42.1429
122,0.29366,0.0386,0.00333087,0.00634218,0.0130717,360,0.24338,0.267278,80.2425,1.04891,42.1429
123,0.11975,0.0386,0.0114153,0.00634218,0.0447984,360,0.24338,0.267278,23.414,1.04891,42.1429
124,0.522023,0.0386,0.0352511,0.00634218,0.13834,360,0.24338,0.267278,7.58211,1.04891,42.1429
125,0.300261,0.0386,0.0280212,0.00634218,0.109967,360,0.24338,0.267278,9.53839,1.04891,42.1429
126,0.579143,0.0386,0.11647,0.00634218,0.457078,360,0.24338,0.267278,2.29481,1.04891,42.1429
127,0.234338,0.0386,0.081466,0.00634218,0.319707,360,0.24338,0.267278,3.28085,1.04891,42.1429
128,0.0969313,0.0386,0.0101214,0.00634218,0.0397204,360,0.24338,0.267278,26.4073,1.04891,42.1429
129,0.357108,0.0386,0.0654647,0.00634218,0.256911,360,0.24338,0.267278,4.08277,1.04891,42.1429
130,0.24123,0.0386,0.0522698,0.00634218,0.205128,360,0.24338,0.267278,5.11343,1.04891,42.1429
131,0.438842,0.0386,0.0526677,0.00634218,0.20669,360,0.24338,0.267278,5.07479,1.04891,42.1429
132,0.281375,0.0386,0.0399357,0.00634218,0.156725,360,0.24338,0.267278,6.69269,1.04891,42.1429
133,0.248661,0.0386,0.0237567,0.00634218,0.0932314,360,0.24338,0.267278,11.2506,1.04891,42.1429
134,0.139565,0.0386,0.0400104,0.00634218,0.157018,360,0.24338,0.267278,6.68019,1.04891,42.1429
135,0.108299,0.0386,0.0241589,0.00634218,0.0948094,360,0.24338,0.267278,11.0633,1.04891,42.1429
136,0.0733527,0.0386,0.0848553,0.00634218,0.333008,360,0.24338,0.267278,3.1498,1.04891,42.1429
137,0.267532,0.0386,0.0366237,0.00634218,0.143727,360,0.24338,0.267278,7.29794,1.04891,42.1429
138,0.245951,0.0386,0.019638,0.00634218,0.0770678,360,0.24338,0.267278,13.6102,1.04891,42.1429
139,0.277833,0.0386,0.314875,0.00634218,1.2357,360,0.24338,0.267278,0.848836,1.04891,42.1429
140,0.165278,0.0386,0.0212337,0.00634218,0.0833298,360,0.24338,0.267278,12.5874,1.04891,42.1429
141,0.325723,0.0386,0.0120023,0.00634218,0.0471021,360,0.24338,0.267278,22.2688,1.04891,42.1429
142,0.104246,0.0386,0.0622815,0.00634218,0.244419,360,0.24338,0.267278,4.29145,1.04891,42.1429
143,0.523216,0.0386,0.0251649,0.00634218,0.0987575,360,0.24338,0.267278,10.6211,1.04891,42.1429
144,0.0864056,0.0386,0.00545117,0.00634218,0.0213927,360,0.24338,0.267278,49.0312,1.04891,42.1429
145,0.177756,0.0386,0.0440768,0.00634218,0.172976,360,0.24338,0.267278,6.06391,1.04891,42.1429
146,0.448872,0.0386,0.0240423,0.00634218,0.094352,360,0.24338,0.267278,11.117,1.04891,42.1429
147,0.308392,0.0386,0.0122488,0.00634218,0.0480693,360,0.24338,0.267278,21.8208,1.04891,42.1429
148,0.423608,0.0386,0.110198,0.00634218,0.432461,360,0.24338,0.267278,2.42544,1.04891,42.1429
149,0.245542,0.0386,0.0886317,0.00634218,0.347828,360,0.24338,0.267278,3.0156,1.04891,42.1429
150,0.488835,0.0386,0.0229277,0.00634218,0.0899779,360,0.24338,0.267278,11.6574,1.04891,42.1429
151,0.453373,0.0386,0.0120956,0.00634218,0.0474682,360,0.24338,0.267278,22.0971,1.04891,42.1429
152,0.275434,0.0386,0.00831542,0.00634218,0.0326332,360,0.24338,0.267278,32.1424,1.04891,42.1429
153,0.14838,0.0386,0.036749,0.00634218,0.144218,360,0.24338,0.267278,7.27306,1.04891,42.1429
154,0.220766,0.0386,0.027903,0.00634218,0.109503,360,0.24338,0.267278,9.57879,1.04891,42.1429
155,0.510988,0.0386,0.040359,0.00634218,0.158385,360,0.24338,0.267278,6.62251,1.04891,42.1429
156,0.259999,0.0386,0.0301451,0.00634218,0.118302,360,0.24338,0.267278,8.86637,1.04891,42.1429
157,0.118625,0.0386,0.0605942,0.00634218,0.237797,360,0.24338,0.267278,4.41094,1.04891,42.1429
158,0.54313,0.0386,0.0893388,0.00634218,0.350603,360,0.24338,0.267278,2.99173,1.04891,42.1429
159,0.379991,0.0386,0.0199429,0.00634218,0.0782644,360,0.24338,0.267278,13.4021,1.04891,42.1429
160,0.110625,0.0386,0.0152167,0.00634218,0.0597166,360,0.24338,0.267278,17.5648,1.04891,42.1429
161,0.220199,0.0386,0.0253982,0.00634218,0.0996731,360,0.24338,0.267278,10.5235,1.04891,42.1429
162,0.347827,0.0386,0.00787776,0.00634218,0.0309156,360,0.24338,0.267278,33.9281,1.04891,42.1429
163,0.197598,0.0386,0.0736595,0.00634218,0.289071,360,0.24338,0.267278,3.62855,1.04891,42.1429
164,0.281923,0.0386,0.0136338,0.00634218,0.0535049,360,0.24338,0.267278,19.604,1.04891,42.1429
165,0.162152,0.0386,0.054231,0.00634218,0.212825,360,0.24338,0.267278,4.9285,1.04891,42.1429
166,0.411376,0.0386,0.00489885,0.00634218,0.0192251,360,0.24338,0.267278,54.5592,1.04891,42.1429
167,0.581137,0.0386,0.0209343,0.00634218,0.0821549,360,0.24338,0.267278,12.7675,1.04891,42.1429
168,0.139506,0.0386,0.019247,0.00634218,0.0755334,360,0.24338,0.267278,13.8867,1.04891,42.1429
169,0.296346,0.0386,0.0280061,0.00634218,0.109908,360,0.24338,0.267278,9.54353,1.04891,42.1429
170,0.480286,0.0386,0.0359425,0.00634218,0.141054,360,0.24338,0.267278,7.43624,1.04891,42.1429
171,0.084586,0.0386,0.0191053,0.00634218,0.0749771,360,0.24338,0.267278,13.9897,1.04891,42.1429
172,0.256508,0.0386,0.0120844,0.00634218,0.0474243,360,0.24338,0.267278,22.1176,1.04891,42.1429
173,0.273209,0.0386,0.00563961,0.00634218,0.0221322,360,0.24338,0.267278,47.3929,1.04891,42.1429
174,0.433928,0.0386,0.0452683,0.00634218,0.177652,360,0.24338,0.267278,5.9043,1.04891,42.1429
175,0.288659,0.0386,0.0308245,0.00634218,0.120968,360,0.24338,0.267278,8.67094,1.04891,42.1429
176,0.208721,0.0386,0.00663873,0.00634218,0.0260531,360,0.24338,0.267278,40.2603,1.04891,42.1429
177,0.381779,0.0386,0.00504596,0.00634218,0.0198025,360,0.24338,0.267278,52.9686,1.04891,42.1429
178,0.180771,0.0386,0.034864,0.00634218,0.136821,360,0.24338,0.267278,7.66628,1.04891,42.1429
179,0.187371,0.0386,0.0351713,0.00634218,0.138027,360,0.24338,0.267278,7.59931,1.04891,42.1429
180,0.417847,0.0386,0.0112902,0.00634218,0.0443073,360,0.24338,0.267278,23.6735,1.04891,42.1429
181,0.151934,0.0386,0.0150061,0.00634218,0.0588904,360,0.24338,0.267278,17.8112,1.04891,42.1429
182,0.167739,0.0386,0.999475,0.00634218,3.92236,360,0.24338,0.267278,0.267418,1.04891,42.1429
183,0.0881251,0.0386,0.00348655,0.00634218,0.0136827,360,0.24338,0.267278,76.6595,1.04891,42.1429
184,0.151916,0.0386,0.0489689,0.00634218,0.192174,360,0.24338,0.267278,5.45811,1.04891,42.1429
185,0.209949,0.0386,0.278322,0.00634218,1.09225,360,0.24338,0.267278,0.960318,1.04891,42.1429
186,0.0724596,0.0386,0.0573576,0.00634218,0.225095,360,0.24338,0.267278,4.65985,1.04891,42.1429
187,0.45375,0.0386,0.0406844,0.00634218,0.159663,360,0.24338,0.267278,6.56953,1.04891,42.1429
188,0.583642,0.0386,0.0482801,0.00634218,0.189472,360,0.24338,0.267278,5.53597,1.04891,42.1429
189,0.156974,0.0386,0.0120138,0.00634218,0.0471473,360,0.24338,0.267278,22.2475,1.04891,42.1429
190,0.128042,0.0386,0.0495623,0.00634218,0.194503,360,0.24338,0.267278,5.39275,1.04891,42.1429
191,0.670105,0.0386,0.340204,0.00634218,1.3351,360,0.24338,0.267278,0.785638,1.04891,42.1429
192,0.205226,0.0386,0.154596,0.00634218,0.6067,360,0.24338,0.267278,1.72888,1.04891,42.1429
193,0.604417,0.0386,0.0230392,0.00634218,0.0904156,360,0.24338,0.267278,11.601,1.04891,42.1429
194,0.329284,0.0386,0.0872181,0.00634218,0.34228,360,0.24338,0.267278,3.06447,1.04891,42.1429
195,0.182408,0.0386,0.00618415,0.00634218,0.0242692,360,0.24338,0.267278,43.2198,1.04891,42.1429
196,0.278452,0.0386,0.0312996,0.00634218,0.122833,360,0.24338,0.267278,8.53934,1.04891,42.1429
197,0.228618,0.0386,0.0123458,0.00634218,0.0484501,360,0.24338,0.267278,21.6493,1.04891,42.1429
198,0.252043,0.0386,0.00588741,0.00634218,0.0231047,360,0.24338,0.267278,45.3981,1.04891,42.1429
199,0.227329,0.0386,0.0576598,0.00634218,0.226281,360,0.24338,0.267278,4.63542,1.04891,42.1429
200,0.412034,0.0386,0.0179493,0.00634218,0.0704405,360,0.24338,0.267278,14.8907,1.04891,42.1429
201,0.139352,0.0386,0.00672512,0.00634218,0.0263922,360,0.24338,0.267278,39.7432,1.04891,42.1429
202,0.286826,0.0386,0.15618,0.00634218,0.612915,360,0.24338,0.267278,1.71135,1.04891,42.1429
203,0.263253,0.0386,0.0102298,0.00634218,0.0401461,360,0.24338,0.267278,26.1273,1.04891,42.1429
204,0.232867,0.0386,0.0231336,0.00634218,0.090786,360,0.24338,0.267278,11.5536,1.04891,42.1429
205,0.18166,0.0386,0.0692635,0.00634218,0.271819,360,0.24338,0.267278,3.85885,1.04891,42.1429
206,0.0428401,0.0386,0.0557818,0.00634218,0.218911,360,0.24338,0.267278,4.79148,1.04891,42.1429
207,0.197038,0.0386,0.0434457,0.00634218,0.170499,360,0.24338,0.267278,6.15198,1.04891,42.1429
208,0.211138,0.0386,0.0104214,0.00634218,0.0408978,360,0.24338,0.267278,25.647,1.04891,42.1429
209,0.255653,0.0386,0.0544708,0.00634218,0.213766,360,0.24338,0.267278,4.9068,1.04891,42.1429
210,0.251011,0.0386,0.0416926,0.00634218,0.163619,360,0.24338,0.267278,6.41067,1.04891,42.1429
211,0.0627815,0.0386,0.0333322,0.00634218,0.13081,360,0.24338,0.267278,8.01859,1.04891,42.1429
212,0.0522225,0.0386,0.0303718,0.00634218,0.119192,360,0.24338,0.267278,8.80018,1.04891,42.1429
213,0.0557736,0.0386,0.0154157,0.00634218,0.0604977,360,0.24338,0.267278,17.338,1.04891,42.1429
214,0.350154,0.0386,0.0184535,0.00634218,0.0724193,360,0.24338,0.267278,14.4838,1.04891,42.1429
215,0.623398,0.0386,0.00634725,0.00634218,0.0249092,360,0.24338,0.267278,42.1092,1.04891,42.1429
216,0.25224,0.0386,0.0458485,0.00634218,0.179929,360,0.24338,0.267278,5.82959,1.04891,42.1429
217,0.295335,0.0386,0.0106559,0.00634218,0.0418182,360,0.24338,0.267278,25.0826,1.04891,42.1429
218,0.160407,0.0386,0.101938,0.00634218,0.400049,360,0.24338,0.267278,2.62195,1.04891,42.1429
219,0.0944891,0.0386,0.0263851,0.00634218,0.103546,360,0.24338,0.267278,10.1299,1.04891,42.1429
220,0.327798,0.0386,0.232275,0.00634218,0.911544,360,0.24338,0.267278,1.15069,1.04891,42.1429
221,0.218461,0.0386,0.0735385,0.00634218,0.288596,360,0.24338,0.267278,3.63452,1.04891,42.1429
222,0.169765,0.0386,0.0122458,0.00634218,0.0480576,360,0.24338,0.267278,21.8261,1.04891,42.1429
223,0.451461,0.0386,0.0280326,0.00634218,0.110012,360,0.24338,0.267278,9.53451,1.04891,42.1429
224,0.226607,0.0386,0.0174066,0.00634218,0.0683106,360,0.24338,0.267278,15.355,1.04891,42.1429
225,0.391821,0.0386,0.0188911,0.00634218,0.0741365,360,0.24338,0.267278,14.1483,1.04891,42.1429
226,0.573559,0.0386,0.0401199,0.00634218,0.157447,360,0.24338,0.267278,6.66196,1.04891,42.1429
227,0.336389,0.0386,0.39349,0.00634218,1.54422,360,0.24338,0.267278,0.679248,1.04891,42.1429
228,0.367948,0.0386,0.0837055,0.00634218,0.328496,360,0.24338,0.267278,3.19307,1.04891,42.1429
229,0.293889,0.0386,0.0112644,0.00634218,0.0442064,360,0.24338,0.267278,23.7275,1.04891,42.1429
230,0.711788,0.0386,0.00469696,0.00634218,0.0184329,360,0.24338,0.267278,56.9043,1.04891,42.1429
231,0.140751,0.0386,0.0442963,0.00634218,0.173837,360,0.24338,0.267278,6.03386,1.04891,42.1429
232,0.102532,0.0386,0.0105568,0.00634218,0.0414292,360,0.24338,0.267278,25.3181,1.04891,42.1429
233,0.265941,0.0386,0.264566,0.00634218,1.03827,360,0.24338,0.267278,1.01025,1.04891,42.1429
234,0.204213,0.0386,0.0791117,0.00634218,0.310468,360,0.24338,0.267278,3.37848,1.04891,42.1429
235,0.192696,0.0386,0.0106416,0.00634218,0.0417622,360,0.24338,0.267278,25.1163,1.04891,42.1429
236,0.574238,0.0386,0.0147473,0.00634218,0.0578746,360,0.24338,0.267278,18.1238,1.04891,42.1429
237,0.331214,0.0386,0.00448194,0.00634218,0.017589,360,0.24338,0.267278,59.6343,1.04891,42.1429
238,0.0441109,0.0386,0.0323933,0.00634218,0.127125,360,0.24338,0.267278,8.25102,1.04891,42.1429
239,0.0917752,0.0386,0.0181489,0.00634218,0.071224,360,0.24338,0.267278,14.7269,1.04891,42.1429
240,0.169905,0.0386,0.0185335,0.00634218,0.0727332,360,0.24338,0.267278,14.4213,1.04891,42.1429
241,0.148696,0.0386,0.0581979,0.00634218,0.228393,360,0.24338,0.267278,4.59256,1.04891,42.1429
242,0.364999,0.0386,0.407798,0.00634218,1.60037,360,0.24338,0.267278,0.655417,1.04891,42.1429
243,0.172269,0.0386,0.0496867,0.00634218,0.194991,360,0.24338,0.267278,5.37925,1.04891,42.1429
244,0.3179,0.0386,0.0127652,0.00634218,0.0500961,360,0.24338,0.267278,20.9379,1.04891,42.1429
245,0.375959,0.0386,0.099536,0.00634218,0.390621,360,0.24338,0.267278,2.68523,1.04891,42.1429
246,0.089831,0.0386,0.0857779,0.00634218,0.336628,360,0.24338,0.267278,3.11592,1.04891,42.1429
247,0.425899,0.0386,0.0171287,0.00634218,0.0672203,360,0.24338,0.267278,15.6041,1.04891,42.1429
248,0.183535,0.0386,0.0740225,0.00634218,0.290495,360,0.24338,0.267278,3.61076,1.04891,42.1429
249,0.348424,0.0386,0.00375583,0.00634218,0.0147395,360,0.24338,0.267278,71.1633,1.04891,42.1429
250,0.230596,0.0386,0.0113904,0.00634218,0.0447008,360,0.24338,0.267278,23.4651,1.04891,42.1429
251,0.273465,0.0386,0.120869,0.00634218,0.474341,360,0.24338,0.267278,2.2113,1.04891,42.1429
252,0.279331,0.0386,0.0489996,0.00634218,0.192295,360,0.24338,0.267278,5.45469,1.04891,42.1429
253,0.138821,0.0386,0.0368692,0.00634218,0.14469,360,0.24338,0.267278,7.24935,1.04891,42.1429
254,0.095845,0.0386,0.110469,0.00634218,0.433527,360,0.24338,0.267278,2.41948,1.04891,42.1429
255,0.345027,0.0386,0.044638,0.00634218,0.175178,360,0.24338,0.267278,5.98766,1.04891,42.1429
256,0.228223,0.0386,0.115222,0.00634218,0.452178,360,0.24338,0.267278,2.31968,1.04891,42.1429
257,0.15457,0.0386,0.0324906,0.00634218,0.127507,360,0.24338,0.267278,8.22629,1.04891,42.1429
258,0.217649,0.0386,0.00397047,0.00634218,0.0155818,360,0.24338,0.267278,67.3163,1.04891,42.1429
259,0.322382,0.0386,0.37654,0.00634218,1.4777,360,0.24338,0.267278,0.709825,1.04891,42.1429
260,0.152123,0.0386,0.0338854,0.00634218,0.132981,360,0.24338,0.267278,7.88768,1.04891,42.1429
261,0.183821,0.0386,0.00228971,0.00634218,0.0089858,360,0.24338,0.267278,116.73,1.04891,42.1429
262,0.252202,0.0386,0.0174405,0.00634218,0.0684438,360,0.24338,0.267278,15.3251,1.04891,42.1429
263,0.400176,0.0386,0.0942503,0.00634218,0.369878,360,0.24338,0.267278,2.83583,1.04891,42.1429
264,0.530233,0.0386,0.00111695,0.00634218,0.00438338,360,0.24338,0.267278,239.292,1.04891,42.1429
265,0.289758,0.0386,0.0206913,0.00634218,0.0812013,360,0.24338,0.267278,12.9174,1.04891,42.1429
266,0.252798,0.0386,0.218428,0.00634218,0.857202,360,0.24338,0.267278,1.22364,1.04891,42.1429
267,0.714233,0.0386,0.0385672,0.00634218,0.151354,360,0.24338,0.267278,6.93017,1.04891,42.1429
268,0.304544,0.0386,0.0220017,0.00634218,0.0863438,360,0.24338,0.267278,12.1481,1.04891,42.1429
269,0.282192,0.0386,0.0489352,0.00634218,0.192042,360,0.24338,0.267278,5.46186,1.04891,42.1429
270,0.0618177,0.0386,0.0271472,0.00634218,0.106537,360,0.24338,0.267278,9.84551,1.04891,42.1429
271,0.164262,0.0386,0.0451149,0.00634218,0.17705,360,0.24338,0.267278,5.92438,1.04891,42.1429
272,0.493174,0.0386,0.00290639,0.00634218,0.0114059,360,0.24338,0.267278,91.962,1.04891,42.1429
273,0.162623,0.0386,0.0124885,0.00634218,0.0490102,360,0.24338,0.267278,21.4019,1.04891,42.1429
274,0.130101,0.0386,0.0256569,0.00634218,0.100688,360,0.24338,0.267278,10.4174,1.04891,42.1429
275,0.461661,0.0386,0.0107579,0.00634218,0.0422183,360,0.24338,0.267278,24.8449,1.04891,42.1429
276,0.269521,0.0386,0.0656495,0.00634218,0.257636,360,0.24338,0.267278,4.07128,1.04891,42.1429
277,0.343761,0.0386,0.0184121,0.00634218,0.0722567,360,0.24338,0.267278,14.5164,1.04891,42.1429
278,0.126616,0.0386,0.022474,0.00634218,0.0881973,360,0.24338,0.267278,11.8928,1.04891,42.1429
279,0.22591,0.0386,0.144483,0.00634218,0.567013,360,0.24338,0.267278,1.84989,1.04891,42.1429
280,0.43483,0.0386,0.156973,0.00634218,0.616027,360,0.24338,0.267278,1.7027,1.04891,42.1429
281,0.214813,0.0386,0.307688,0.00634218,1.2075,360,0.24338,0.267278,0.868664,1.04891,42.1429
282,0.246055,0.0386,0.129644,0.00634218,0.508777,360,0.24338,0.267278,2.06163,1.04891,42.1429
283,0.199441,0.0386,0.00345535,0.00634218,0.0135602,360,0.24338,0.267278,77.3519,1.04891,42.1429
284,0.320982,0.0386,0.00349237,0.00634218,0.0137055,360,0.24338,0.267278,76.5319,1.04891,42.1429
285,0.229372,0.0386,0.0475271,0.00634218,0.186516,360,0.24338,0.267278,5.62368,1.04891,42.1429
286,0.492948,0.0386,0.013452,0.00634218,0.0527914,360,0.24338,0.267278,19.8689,1.04891,42.1429
287,0.281067,0.0386,0.0623025,0.00634218,0.244501,360,0.24338,0.267278,4.29,1.04891,42.1429
288,0.430989,0.0386,0.0030612,0.00634218,0.0120134,360,0.24338,0.267278,87.3114,1.04891,42.1429
289,0.490724,0.0386,0.0598596,0.00634218,0.234914,360,0.24338,0.267278,4.46508,1.04891,42.1429
290,0.19095,0.0386,0.00919057,0.00634218,0.0360676,360,0.24338,0.267278,29.0817,1.04891,42.1429
291,0.2894,0.0386,0.104706,0.00634218,0.410911,360,0.24338,0.267278,2.55264,1.04891,42.1429
292,0.257067,0.0386,0.0558362,0.00634218,0.219125,360,0.24338,0.267278,4.78682,1.04891,42.1429
293,0.425931,0.0386,0.0327898,0.00634218,0.128681,360,0.24338,0.267278,8.15123,1.04891,42.1429
294,0.99403,0.0386,0.0508598,0.00634218,0.199595,360,0.24338,0.267278,5.25518,1.04891,42.1429
295,0.42392,0.0386,0.0184732,0.00634218,0.0724966,360,0.24338,0.267278,14.4684,1.04891,42.1429
296,0.0800327,0.0386,0.0636501,0.00634218,0.24979,360,0.24338,0.267278,4.19917,1.04891,42.1429
297,0.127917,0.0386,0.0708472,0.00634218,0.278034,360,0.24338,0.267278,3.77259,1.04891,42.1429
298,0.0902775,0.0386,0.0284093,0.00634218,0.11149,360,0.24338,0.267278,9.4081,1.04891,42.1429
299,0.495031,0.0386,0.0463077,0.00634218,0.181731,360,0.24338,0.267278,5.77177,1.04891,42.1429
300,0.0645231,0.0386,0.00304687,0.00634218,0.0119572,360,0.24338,0.267278,87.7219,1.04891,42.1429
301,0.166922,0.0386,0.00868464,0.00634218,0.0340822,360,0.24338,0.267278,30.7759,1.04891,42.1429
302,0.219308,0.0386,0.0211224,0.00634218,0.0828931,360,0.24338,0.267278,12.6538,1.04891,42.1429
303,0.253793,0.0386,0.0183812,0.00634218,0.0721354,360,0.24338,0.267278,14.5408,1.04891,42.1429
304,0.0550175,0.0386,0.0162911,0.00634218,0.0639329,360,0.24338,0.267278,16.4064,1.04891,42.1429
305,0.594245,0.0386,0.0236649,0.00634218,0.0928711,360,0.24338,0.267278,11.2942,1.04891,42.1429
306,0.157037,0.0386,0.0402733,0.00634218,0.158049,360,0.24338,0.267278,6.63659,1.04891,42.1429
307,0.248843,0.0386,0.0438455,0.00634218,0.172068,360,0.24338,0.267278,6.09589,1.04891,42.1429
308,0.400767,0.0386,0.00945717,0.00634218,0.0371139,360,0.24338,0.267278,28.2619,1.04891,42.1429
309,0.171344,0.0386,0.0104762,0.00634218,0.041113,360,0.24338,0.267278,25.5128,1.04891,42.1429
310,0.179943,0.0386,0.296704,0.00634218,1.16439,360,0.24338,0.267278,0.900822,1.04891,42.1429
311,0.621633,0.0386,0.0280038,0.00634218,0.109899,360,0.24338,0.267278,9.54432,1.04891,42.1429
312,0.513691,0.0386,0.00743619,0.00634218,0.0291827,360,0.24338,0.267278,35.9428,1.04891,42.1429
313,0.317477,0.0386,0.00810783,0.00634218,0.0318185,360,0.24338,0.267278,32.9654,1.04891,42.1429
314,0.288368,0.0386,0.287086,0.00634218,1.12665,360,0.24338,0.267278,0.931001,1.04891,42.1429
315,0.275816,0.0386,0.0242303,0.00634218,0.0950899,360,0.24338,0.267278,11.0307,1.04891,42.1429
316,0.166609,0.0386,0.0257767,0.00634218,0.101158,360,0.24338,0.267278,10.369,1.04891,42.1429
317,0.249557,0.0386,0.0314753,0.00634218,0.123522,360,0.24338,0.267278,8.49165,1.04891,42.1429
318,0.355159,0.0386,0.00483525,0.00634218,0.0189756,360,0.24338,0.267278,55.2769,1.04891,42.1429
319,0.228674,0.0386,0.0572175,0.00634218,0.224546,360,0.24338,0.267278,4.67125,1.04891,42.1429
320,0.581085,0.0386,0.00850408,0.00634218,0.0333736,360,0.24338,0.267278,31.4293,1.04891,42.1429
321,0.193657,0.0386,0.033171,0.00634218,0.130177,360,0.24338,0.267278,8.05756,1.04891,42.1429
322,0.548376,0.0386,0.00982396,0.00634218,0.0385533,360,0.24338,0.267278,27.2067,1.04891,42.1429
323,0.69676,0.0386,0.0527648,0.00634218,0.207071,360,0.24338,0.267278,5.06545,1.04891,42.1429
324,0.779906,0.0386,0.0468741,0.00634218,0.183954,360,0.24338,0.267278,5.70203,1.04891,42.1429
325,0.182857,0.0386,0.0547039,0.00634218,0.214681,360,0.24338,0.267278,4.88589,1.04891,42.1429
326,0.113615,0.0386,0.0318882,0.00634218,0.125143,360,0.24338,0.267278,8.38171,1.04891,42.1429
327,0.214264,0.0386,0.0276088,0.00634218,0.108348,360,0.24338,0.267278,9.68089,1.04891,42.1429
328,0.475949,0.0386,0.153138,0.00634218,0.60098,360,0.24338,0.267278,1.74533,1.04891,42.1429
329,0.234453,0.0386,0.0615039,0.00634218,0.241367,360,0.24338,0.267278,4.3457,1.04891,42.1429
330,0.278423,0.0386,0.0994295,0.00634218,0.390203,360,0.24338,0.267278,2.68811,1.04891,42.1429
331,0.315583,0.0386,0.0463879,0.00634218,0.182046,360,0.24338,0.267278,5.76179,1.04891,42.1429
332,0.124991,0.0386,0.0715621,0.00634218,0.28084,360,0.24338,0.267278,3.7349,1.04891,42.1429
333,0.533773,0.0386,0.0289516,0.00634218,0.113618,360,0.24338,0.267278,9.23188,1.04891,42.1429
334,0.200551,0.0386,0.063765,0.00634218,0.25024,360,0.24338,0.267278,4.19161,1.04891,42.1429
335,0.55258,0.0386,0.0709122,0.00634218,0.278289,360,0.24338,0.267278,3.76913,1.04891,42.1429
336,0.17123,0.0386,0.0153719,0.00634218,0.0603259,360,0.24338,0.267278,17.3874,1.04891,42.1429
337,0.199384,0.0386,0.141074,0.00634218,0.553632,360,0.24338,0.267278,1.89459,1.04891,42.1429
338,0.250711,0.0386,0.0577241,0.00634218,0.226534,360,0.24338,0.267278,4.63026,1.04891,42.1429
339,0.240829,0.0386,0.0237486,0.00634218,0.0931993,360,0.24338,0.267278,11.2545,1.04891,42.1429
340,0.140296,0.0386,0.0329463,0.00634218,0.129295,360,0.24338,0.267278,8.11251,1.04891,42.1429
341,0.0941847,0.0386,0.0857404,0.00634218,0.336481,360,0.24338,0.267278,3.11729,1.04891,42.1429
342,0.125831,0.0386,0.082424,0.00634218,0.323466,360,0.24338,0.267278,3.24272,1.04891,42.1429
343,0.102165,0.0386,0.0138427,0.00634218,0.0543247,360,0.24338,0.267278,19.3081,1.04891,42.1429
344,0.370626,0.0386,0.0503967,0.00634218,0.197778,360,0.24338,0.267278,5.30347,1.04891,42.1429
345,0.204117,0.0386,0.235212,0.00634218,0.92307,360,0.24338,0.267278,1.13633,1.04891,42.1429
346,0.15343,0.0386,0.0131316,0.00634218,0.051534,360,0.24338,0.267278,20.3537,1.04891,42.1429
347,0.350459,0.0386,0.0759397,0.00634218,0.298019,360,0.24338,0.267278,3.5196,1.04891,42.1429
348,0.405825,0.0386,0.0525494,0.00634218,0.206226,360,0.24338,0.267278,5.08621,1.04891,42.1429
349,0.0819437,0.0386,0.0274755,0.00634218,0.107825,360,0.24338,0.267278,9.72785,1.04891,42.1429
350,0.125959,0.0386,0.0786456,0.00634218,0.308638,360,0.24338,0.267278,3.39851,1.04891,42.1429
351,0.198999,0.0386,0.01154,0.00634218,0.0452878,360,0.24338,0.267278,23.161,1.04891,42.1429
352,0.325523,0.0386,0.0133488,0.00634218,0.0523863,360,0.24338,0.267278,20.0226,1.04891,42.1429
353,0.221998,0.0386,0.0386464,0.00634218,0.151665,360,0.24338,0.267278,6.91597,1.04891,42.1429
354,0.219312,0.0386,0.0512104,0.00634218,0.200971,360,0.24338,0.267278,5.2192,1.04891,42.1429
355,0.213634,0.0386,0.0465656,0.00634218,0.182743,360,0.24338,0.267278,5.73981,1.04891,42.1429
356,0.424681,0.0386,0.0901345,0.00634218,0.353725,360,0.24338,0.267278,2.96532,1.04891,42.1429
357,0.152341,0.0386,0.0513263,0.00634218,0.201426,360,0.24338,0.267278,5.20742,1.04891,42.1429
358,0.175685,0.0386,0.0240331,0.00634218,0.0943161,360,0.24338,0.267278,11.1212,1.04891,42.1429
359,0.265075,0.0386,0.00295949,0.00634218,0.0116143,360,0.24338,0.267278,90.3119,1.04891,42.1429
360,0.120921,0.0386,0.00635077,0.00634218,0.0249231,360,0.24338,0.267278,42.0858,1.04891,42.1429
361,0.3859,0.0386,0.0754849,0.00634218,0.296234,360,0.24338,0.267278,3.54081,1.04891,42.1429
362,0.31665,0.0386,0.00914399,0.00634218,0.0358848,360,0.24338,0.267278,29.2299,1.04891,42.1429
363,0.487295,0.0386,0.0562831,0.00634218,0.220878,360,0.24338,0.267278,4.74881,1.04891,42.1429
364,0.0982651,0.0386,0.0433306,0.00634218,0.170047,360,0.24338,0.267278,6.16834,1.04891,42.1429
365,0.224948,0.0386,0.00754498,0.00634218,0.0296096,360,0.24338,0.267278,35.4246,1.04891,42.1429
366,0.198579,0.0386,0.136735,0.00634218,0.536606,360,0.24338,0.267278,1.95471,1.04891,42.1429
367,0.126261,0.0386,0.161746,0.00634218,0.634758,360,0.24338,0.267278,1.65246,1.04891,42.1429
368,0.211726,0.0386,0.0502758,0.00634218,0.197303,360,0.24338,0.267278,5.31622,1.04891,42.1429
369,0.240645,0.0386,0.0124068,0.00634218,0.0486896,360,0.24338,0.267278,21.5428,1.04891,42.1429
370,0.23251,0.0386,0.0657266,0.00634218,0.257939,360,0.24338,0.267278,4.0665,1.04891,42.1429
371,0.214879,0.0386,0.00981815,0.00634218,0.0385305,360,0.24338,0.267278,27.2228,1.04891,42.1429
372,0.0444917,0.0386,0.151897,0.00634218,0.596107,360,0.24338,0.267278,1.7596,1.04891,42.1429
373,0.173616,0.0386,0.0408151,0.00634218,0.160176,360,0.24338,0.267278,6.54849,1.04891,42.1429
374,0.158849,0.0386,0.0361261,0.00634218,0.141774,360,0.24338,0.267278,7.39846,1.04891,42.1429
375,0.198827,0.0386,0.0091303,0.00634218,0.0358311,360,0.24338,0.267278,29.2737,1.04891,42.1429
376,0.373617,0.0386,0.0732999,0.00634218,0.287659,360,0.24338,0.267278,3.64636,1.04891,42.1429
377,0.258414,0.0386,0.0139215,0.00634218,0.054634,360,0.24338,0.267278,19.1988,1.04891,42.1429
378,0.129408,0.0386,0.155153,0.00634218,0.608886,360,0.24338,0.267278,1.72267,1.04891,42.1429
379,0.304398,0.0386,0.0681399,0.00634218,0.26741,360,0.24338,0.267278,3.92248,1.04891,42.1429
380,0.208898,0.0386,0.161385,0.00634218,0.633342,360,0.24338,0.267278,1.65615,1.04891,42.1429
381,0.183956,0.0386,0.0230975,0.00634218,0.0906441,360,0.24338,0.267278,11.5717,1.04891,42.1429
382,0.265259,0.0386,0.0803758,0.00634218,0.315428,360,0.24338,0.267278,3.32535,1.04891,42.1429
383,0.249139,0.0386,0.0654137,0.00634218,0.256711,360,0.24338,0.267278,4.08595,1.04891,42.1429
384,0.124049,0.0386,0.0137591,0.00634218,0.0539963,360,0.24338,0.267278,19.4256,1.04891,42.1429
385,0.119536,0.0386,0.00592636,0.00634218,0.0232575,360,0.24338,0.267278,45.0998,1.04891,42.1429
386,0.195827,0.0386,0.0199504,0.00634218,0.0782935,360,0.24338,0.267278,13.3971,1.04891,42.1429
387,0.576024,0.0386,0.0471974,0.00634218,0.185222,360,0.24338,0.267278,5.66297,1.04891,42.1429
388,0.0737239,0.0386,0.0677213,0.00634218,0.265767,360,0.24338,0.267278,3.94673,1.04891,42.1429
389,0.19842,0.0386,0.0364514,0.00634218,0.14305,360,0.24338,0.267278,7.33244,1.04891,42.1429
390,0.170493,0.0386,0.0372068,0.00634218,0.146015,360,0.24338,0.267278,7.18357,1.04891,42.1429
391,0.465597,0.0386,0.0141349,0.00634218,0.0554714,360,0.24338,0.267278,18.909,1.04891,42.1429
392,0.296437,0.0386,0.038666,0.00634218,0.151741,360,0.24338,0.267278,6.91247,1.04891,42.1429
393,0.29214,0.0386,0.00290726,0.00634218,0.0114093,360,0.24338,0.267278,91.9345,1.04891,42.1429
394,0.181143,0.0386,0.0110262,0.00634218,0.0432712,360,0.24338,0.267278,24.2403,1.04891,42.1429
395,0.601436,0.0386,0.0254647,0.00634218,0.0999341,360,0.24338,0.267278,10.496,1.04891,42.1429
396,0.302445,0.0386,0.215244,0.00634218,0.844707,360,0.24338,0.267278,1.24174,1.04891,42.1429
397,0.142733,0.0386,0.0693893,0.00634218,0.272313,360,0.24338,0.267278,3.85186,1.04891,42.1429
398,0.256875,0.0386,0.0766257,0.00634218,0.300711,360,0.24338,0.267278,3.48809,1.04891,42.1429
399,0.326663,0.0386,0.0552161,0.00634218,0.216691,360,0.24338,0.267278,4.84057,1.04891,42.1429
400,0.272737,0.0386,0.0153148,0.00634218,0.0601017,360,0.24338,0.267278,17.4522,1.04891,42.1429
401,0.0975833,0.0386,0.0959177,0.00634218,0.376421,360,0.24338,0.267278,2.78653,1.04891,42.1429
402,0.513767,0.0386,0.0343392,0.00634218,0.134761,360,0.24338,0.267278,7.78346,1.04891,42.1429
403,0.350203,0.0386,0.0686678,0.00634218,0.269481,360,0.24338,0.267278,3.89233,1.04891,42.1429
404,0.212532,0.0386,0.216804,0.00634218,0.850829,360,0.24338,0.267278,1.23281,1.04891,42.1429
405,0.453804,0.0386,0.0177477,0.00634218,0.0696494,360,0.24338,0.267278,15.0598,1.04891,42.1429
406,0.264984,0.0386,0.0673266,0.00634218,0.264218,360,0.24338,0.267278,3.96986,1.04891,42.1429
407,0.238667,0.0386,0.0611248,0.00634218,0.239879,360,0.24338,0.267278,4.37265,1.04891,42.1429
408,0.0985558,0.0386,0.0411429,0.00634218,0.161462,360,0.24338,0.267278,6.49632,1.04891,42.1429
409,0.397636,0.0386,0.0185678,0.00634218,0.072868,360,0.24338,0.267278,14.3946,1.04891,42.1429
410,0.180685,0.0386,0.0855089,0.00634218,0.335573,360,0.24338,0.267278,3.12573,1.04891,42.1429
411,0.097131,0.0386,0.0220431,0.00634218,0.0865064,360,0.24338,0.267278,12.1252,1.04891,42.1429
412,0.224238,0.0386,0.0565198,0.00634218,0.221807,360,0.24338,0.267278,4.72892,1.04891,42.1429
413,0.191932,0.0386,0.222401,0.00634218,0.872793,360,0.24338,0.267278,1.20178,1.04891,42.1429
414,0.562285,0.0386,0.0198202,0.00634218,0.0777829,360,0.24338,0.267278,13.4851,1.04891,42.1429
415,0.33458,0.0386,0.0370365,0.00634218,0.145347,360,0.24338,0.267278,7.21659,1.04891,42.1429
416,0.310825,0.0386,0.293093,0.00634218,1.15022,360,0.24338,0.267278,0.911919,1.04891,42.1429
417,0.168843,0.0386,0.0420309,0.00634218,0.164947,360,0.24338,0.267278,6.35907,1.04891,42.1429
418,0.32903,0.0386,0.0120069,0.00634218,0.0471199,360,0.24338,0.267278,22.2604,1.04891,42.1429
419,0.604138,0.0386,0.0131855,0.00634218,0.0517452,360,0.24338,0.267278,20.2706,1.04891,42.1429
420,0.590986,0.0386,0.023753,0.00634218,0.0932167,360,0.24338,0.267278,11.2524,1.04891,42.1429
421,0.123085,0.0386,0.0321306,0.00634218,0.126094,360,0.24338,0.267278,8.31846,1.04891,42.1429
422,0.236207,0.0386,0.0132061,0.00634218,0.0518262,360,0.24338,0.267278,20.239,1.04891,42.1429
423,0.255511,0.0386,0.00611769,0.00634218,0.0240084,360,0.24338,0.267278,43.6893,1.04891,42.1429
424,0.109616,0.0386,0.0177803,0.00634218,0.0697775,360,0.24338,0.267278,15.0322,1.04891,42.1429
425,0.0955133,0.0386,0.10185,0.00634218,0.399702,360,0.24338,0.267278,2.62423,1.04891,42.1429
426,0.559057,0.0386,0.00825903,0.00634218,0.0324119,360,0.24338,0.267278,32.3618,1.04891,42.1429
427,0.514184,0.0386,0.205717,0.00634218,0.80732,360,0.24338,0.267278,1.29925,1.04891,42.1429
428,0.189585,0.0386,0.0848405,0.00634218,0.332949,360,0.24338,0.267278,3.15035,1.04891,42.1429
429,0.265746,0.0386,0.092052,0.00634218,0.36125,360,0.24338,0.267278,2.90355,1.04891,42.1429
430,0.222285,0.0386,0.0615421,0.00634218,0.241517,360,0.24338,0.267278,4.343,1.04891,42.1429
431,0.16033,0.0386,0.0470721,0.00634218,0.184731,360,0.24338,0.267278,5.67804,1.04891,42.1429
432,0.410602,0.0386,0.0122142,0.00634218,0.0479337,360,0.24338,0.267278,21.8825,1.04891,42.1429
433,0.143163,0.0386,0.0584116,0.00634218,0.229232,360,0.24338,0.267278,4.57576,1.04891,42.1429
434,0.0672049,0.0386,0.0132911,0.00634218,0.0521597,360,0.24338,0.267278,20.1095,1.04891,42.1429
435,0.0840674,0.0386,0.0446899,0.00634218,0.175382,360,0.24338,0.267278,5.98072,1.04891,42.1429
436,0.266672,0.0386,0.206645,0.00634218,0.81096,360,0.24338,0.267278,1.29342,1.04891,42.1429
437,0.183975,0.0386,0.00497661,0.00634218,0.0195303,360,0.24338,0.267278,53.7067,1.04891,42.1429
438,0.290287,0.0386,0.102963,0.00634218,0.404071,360,0.24338,0.267278,2.59585,1.04891,42.1429
439,0.206837,0.0386,0.0488256,0.00634218,0.191612,360,0.24338,0.267278,5.47412,1.04891,42.1429
440,0.408557,0.0386,0.0258576,0.00634218,0.101476,360,0.24338,0.267278,10.3365,1.04891,42.1429
441,0.256831,0.0386,0.0113936,0.00634218,0.0447134,360,0.24338,0.267278,23.4585,1.04891,42.1429
442,0.0612648,0.0386,0.0234551,0.00634218,0.0920475,360,0.24338,0.267278,11.3953,1.04891,42.1429
443,0.180448,0.0386,0.0410735,0.00634218,0.16119,360,0.24338,0.267278,6.5073,1.04891,42.1429
444,0.15274,0.0386,0.0186557,0.00634218,0.0732127,360,0.24338,0.267278,14.3269,1.04891,42.1429
445,0.0706628,0.0386,0.0653097,0.00634218,0.256302,360,0.24338,0.267278,4.09247,1.04891,42.1429
446,0.139452,0.0386,0.0871991,0.00634218,0.342206,360,0.24338,0.267278,3.06514,1.04891,42.1429
447,0.325133,0.0386,0.291231,0.00634218,1.14291,360,0.24338,0.267278,0.917752,1.04891,42.1429
448,0.162493,0.0386,0.0276495,0.00634218,0.108508,360,0.24338,0.267278,9.66662,1.04891,42.1429
449,0.102075,0.0386,0.0420425,0.00634218,0.164992,360,0.24338,0.267278,6.35732,1.04891,42.1429
450,0.323932,0.0386,0.0380493,0.00634218,0.149321,360,0.24338,0.267278,7.02451,1.04891,42.1429
451,0.510614,0.0386,0.010794,0.00634218,0.0423603,360,0.24338,0.267278,24.7616,1.04891,42.1429
452,0.133733,0.0386,0.0286958,0.00634218,0.112614,360,0.24338,0.267278,9.31418,1.04891,42.1429
453,0.196017,0.0386,0.037525,0.00634218,0.147264,360,0.24338,0.267278,7.12265,1.04891,42.1429
454,0.219315,0.0386,0.0599907,0.00634218,0.235429,360,0.24338,0.267278,4.45532,1.04891,42.1429
455,0.32473,0.0386,0.00133384,0.00634218,0.00523453,360,0.24338,0.267278,200.383,1.04891,42.1429
456,0.443613,0.0386,0.0723086,0.00634218,0.283769,360,0.24338,0.267278,3.69635,1.04891,42.1429
457,0.136794,0.0386,0.0212511,0.00634218,0.0833984,360,0.24338,0.267278,12.5771,1.04891,42.1429
458,0.126898,0.0386,0.0213941,0.00634218,0.0839594,360,0.24338,0.267278,12.493,1.04891,42.1429
459,0.24764,0.0386,0.0375505,0.00634218,0.147364,360,0.24338,0.267278,7.11782,1.04891,42.1429
460,0.0506929,0.0386,0.154721,0.00634218,0.607189,360,0.24338,0.267278,1.72748,1.04891,42.1429
461,0.245175,0.0386,0.0240879,0.00634218,0.094531,360,0.24338,0.267278,11.0959,1.04891,42.1429
462,0.152888,0.0386,0.0437258,0.00634218,0.171598,360,0.24338,0.267278,6.11258,1.04891,42.1429
463,0.798309,0.0386,1.16412,0.00634218,4.5685,360,0.24338,0.267278,0.229596,1.04891,42.1429
464,0.490007,0.0386,0.0241664,0.00634218,0.0948392,360,0.24338,0.267278,11.0599,1.04891,42.1429
465,0.513061,0.0386,0.048529,0.00634218,0.190448,360,0.24338,0.267278,5.50758,1.04891,42.1429
466,0.252686,0.0386,0.0834076,0.00634218,0.327326,360,0.24338,0.267278,3.20447,1.04891,42.1429
467,0.33047,0.0386,0.00597018,0.00634218,0.0234295,360,0.24338,0.267278,44.7687,1.04891,42.1429
468,0.110895,0.0386,0.0196513,0.00634218,0.0771199,360,0.24338,0.267278,13.601,1.04891,42.1429
469,0.0896478,0.0386,0.0481944,0.00634218,0.189135,360,0.24338,0.267278,5.54582,1.04891,42.1429
470,0.432052,0.0386,0.00736319,0.00634218,0.0288962,360,0.24338,0.267278,36.2992,1.04891,42.1429
471,0.310897,0.0386,0.240977,0.00634218,0.945695,360,0.24338,0.267278,1.10914,1.04891,42.1429
472,0.108598,0.0386,0.0464149,0.00634218,0.182151,360,0.24338,0.267278,5.75844,1.04891,42.1429
473,0.167191,0.0386,0.0267196,0.00634218,0.104859,360,0.24338,0.267278,10.0031,1.04891,42.1429
474,0.680996,0.0386,0.0272653,0.00634218,0.107001,360,0.24338,0.267278,9.80283,1.04891,42.1429
475,0.427915,0.0386,0.0398489,0.00634218,0.156384,360,0.24338,0.267278,6.70728,1.04891,42.1429
476,0.110453,0.0386,0.0192732,0.00634218,0.0756363,360,0.24338,0.267278,13.8678,1.04891,42.1429
477,0.292274,0.0386,0.00920678,0.00634218,0.0361312,360,0.24338,0.267278,29.0305,1.04891,42.1429
478,0.0932313,0.0386,0.14315,0.00634218,0.56178,360,0.24338,0.267278,1.86712,1.04891,42.1429
479,0.480702,0.0386,0.291856,0.00634218,1.14536,360,0.24338,0.267278,0.915786,1.04891,42.1429
480,0.53394,0.0386,0.0250429,0.00634218,0.0982789,360,0.24338,0.267278,10.6728,1.04891,42.1429
481,0.343923,0.0386,0.101435,0.00634218,0.398074,360,0.24338,0.267278,2.63496,1.04891,42.1429
482,0.545939,0.0386,0.00822444,0.00634218,0.0322761,360,0.24338,0.267278,32.498,1.04891,42.1429
483,0.479486,0.0386,0.0135953,0.00634218,0.0533537,360,0.24338,0.267278,19.6596,1.04891,42.1429
484,0.214598,0.0386,0.0952991,0.00634218,0.373993,360,0.24338,0.267278,2.80462,1.04891,42.1429
485,0.32358,0.0386,0.0222201,0.00634218,0.0872009,360,0.24338,0.267278,12.0286,1.04891,42.1429
486,0.446104,0.0386,0.015405,0.00634218,0.0604555,360,0.24338,0.267278,17.3501,1.04891,42.1429
487,0.261425,0.0386,0.0115692,0.00634218,0.0454025,360,0.24338,0.267278,23.1025,1.04891,42.1429
488,0.276175,0.0386,0.0588122,0.00634218,0.230804,360,0.24338,0.267278,4.5446,1.04891,42.1429
489,0.169079,0.0386,0.0305518,0.00634218,0.119898,360,0.24338,0.267278,8.74835,1.04891,42.1429
490,0.728234,0.0386,0.0170003,0.00634218,0.0667164,360,0.24338,0.267278,15.7219,1.04891,42.1429
491,0.165672,0.0386,0.0107711,0.00634218,0.0422704,360,0.24338,0.267278,24.8143,1.04891,42.1429
492,0.419084,0.0386,0.0696307,0.00634218,0.27326,360,0.24338,0.267278,3.8385,1.04891,42.1429
493,0.26703,0.0386,0.00592946,0.00634218,0.0232697,360,0.24338,0.267278,45.0762,1.04891,42.1429
494,0.193208,0.0386,0.0925731,0.00634218,0.363296,360,0.24338,0.267278,2.8872,1.04891,42.1429
495,0.326727,0.0386,0.0480066,0.00634218,0.188398,360,0.24338,0.267278,5.56752,1.04891,42.1429
496,0.509244,0.0386,0.0468788,0.00634218,0.183972,360,0.24338,0.267278,5.70146,1.04891,42.1429
497,0.162467,0.0386,0.0134176,0.00634218,0.0526562,360,0.24338,0.267278,19.92,1.04891,42.1429
498,0.11831,0.0386,0.0711607,0.00634218,0.279264,360,0.24338,0.267278,3.75597,1.04891,42.1429
499,0.394457,0.0386,0.0329454,0.00634218,0.129292,360,0.24338,0.267278,8.11274,1.04891,42.1429
