PID,i_lum_F1_indiv,i_lum_k12(KA),i_lum_k23(Q/V),i_lum_k32(Q/VP),i_lum_k20(CL/V),total_mg_dose_per_occassion,DS,Q,V,CL,VP
0,0.212435,0.0386,0.0277073,0.00701877,0.108735,240,0.24338,0.197194,7.11704,0.773872,28.0952
1,0.426764,0.0386,0.0399507,0.00701877,0.156783,240,0.24338,0.197194,4.93593,0.773872,28.0952
2,0.0869821,0.0386,0.0580623,0.00701877,0.227861,240,0.24338,0.197194,3.39625,0.773872,28.0952
3,0.244248,0.0386,0.301076,0.00701877,1.18155,240,0.24338,0.197194,0.654965,0.773872,28.0952
4,0.126362,0.0386,0.0624921,0.00701877,0.245245,240,0.24338,0.197194,3.15551,0.773872,28.0952
5,0.367535,0.0386,0.0216729,0.00701877,0.0850536,240,0.24338,0.197194,9.09864,0.773872,28.0952
6,0.186702,0.0386,0.018493,0.00701877,0.0725741,240,0.24338,0.197194,10.6632,0.773872,28.0952
7,0.228964,0.0386,0.0663626,0.00701877,0.260434,240,0.24338,0.197194,2.97147,0.773872,28.0952
8,0.142041,0.0386,0.0584848,0.00701877,0.229519,240,0.24338,0.197194,3.37171,0.773872,28.0952
9,0.191321,0.0386,0.0690867,0.00701877,0.271125,240,0.24338,0.197194,2.8543,0.773872,28.0952
10,0.547112,0.0386,0.00539031,0.00701877,0.0211538,240,0.24338,0.197194,36.5831,0.773872,28.0952
11,0.191326,0.0386,0.00848281,0.00701877,0.0332901,240,0.24338,0.197194,23.2463,0.773872,28.0952
12,0.267388,0.0386,0.0550582,0.00701877,0.216072,240,0.24338,0.197194,3.58156,0.773872,28.0952
13,0.13788,0.0386,0.0222554,0.00701877,0.0873395,240,0.24338,0.197194,8.86051,0.773872,28.0952
14,0.295577,0.0386,0.386404,0.00701877,1.51641,240,0.24338,0.197194,0.510331,0.773872,28.0952
15,0.288957,0.0386,0.0263896,0.00701877,0.103564,240,0.24338,0.197194,7.47243,0.773872,28.0952
16,0.116163,0.0386,0.022121,0.00701877,0.086812,240,0.24338,0.197194,8.91435,0.773872,28.0952
17,0.321365,0.0386,0.213935,0.00701877,0.839569,240,0.24338,0.197194,0.921749,0.773872,28.0952
18,0.408612,0.0386,0.00655716,0.00701877,0.025733,240,0.24338,0.197194,30.0731,0.773872,28.0952
19,0.297587,0.0386,0.0318765,0.00701877,0.125097,240,0.24338,0.197194,6.18619,0.773872,28.0952
20,0.0780054,0.0386,0.0581346,0.00701877,0.228145,240,0.24338,0.197194,3.39203,0.773872,28.0952
21,0.0267716,0.0386,0.018396,0.00701877,0.0721935,240,0.24338,0.197194,10.7194,0.773872,28.0952
22,0.433915,0.0386,0.0342065,0.00701877,0.134241,240,0.24338,0.197194,5.76481,0.773872,28.0952
23,0.154301,0.0386,0.0147356,0.00701877,0.0578288,240,0.24338,0.197194,13.3821,0.773872,28.0952
24,0.190819,0.0386,0.0530998,0.00701877,0.208386,240,0.24338,0.197194,3.71365,0.773872,28.0952
25,0.261932,0.0386,0.0124691,0.00701877,0.0489341,240,0.24338,0.197194,15.8146,0.773872,28.0952
26,0.314474,0.0386,0.0152121,0.00701877,0.0596988,240,0.24338,0.197194,12.9629,0.773872,28.0952
27,0.81094,0.0386,0.0179004,0.00701877,0.0702487,240,0.24338,0.197194,11.0162,0.773872,28.0952
28,0.129168,0.0386,0.0119529,0.00701877,0.0469081,240,0.24338,0.197194,16.4976,0.773872,28.0952
29,0.372065,0.0386,0.0207903,0.00701877,0.0815898,240,0.24338,0.197194,9.48492,0.773872,28.0952
30,0.409239,0.0386,0.0432272,0.00701877,0.169642,240,0.24338,0.197194,4.5618,0.773872,28.0952
31,0.12477,0.0386,0.0448404,0.00701877,0.175973,240,0.24338,0.197194,4.39768,0.773872,28.0952
32,0.28962,0.0386,0.0865541,0.00701877,0.339675,240,0.24338,0.197194,2.27828,0.773872,28.0952
33,0.411132,0.0386,0.023829,0.00701877,0.0935148,240,0.24338,0.197194,8.2754,0.773872,28.0952
34,0.790811,0.0386,0.0563717,0.00701877,0.221226,240,0.24338,0.197194,3.4981,0.773872,28.0952
35,0.139926,0.0386,0.00979184,0.00701877,0.0384273,240,0.24338,0.197194,20.1386,0.773872,28.0952
36,0.143527,0.0386,0.0461187,0.00701877,0.180989,240,0.24338,0.197194,4.2758,0.773872,28.0952
37,0.31834,0.0386,0.038294,0.00701877,0.150282,240,0.24338,0.197194,5.14948,0.773872,28.0952
38,0.167095,0.0386,0.071077,0.00701877,0.278936,240,0.24338,0.197194,2.77437,0.773872,28.0952
39,0.357019,0.0386,0.275702,0.00701877,1.08197,240,0.24338,0.197194,0.715243,0.773872,28.0952
40,0.016272,0.0386,0.0126718,0.00701877,0.0497295,240,0.24338,0.197194,15.5616,0.773872,28.0952
41,0.290072,0.0386,0.0316179,0.00701877,0.124082,240,0.24338,0.197194,6.23679,0.773872,28.0952
42,0.255265,0.0386,0.104418,0.00701877,0.40978,240,0.24338,0.197194,1.88851,0.773872,28.0952
43,0.237234,0.0386,0.0690908,0.00701877,0.271141,240,0.24338,0.197194,2.85413,0.773872,28.0952
44,0.182136,0.0386,0.0203058,0.00701877,0.0796886,240,0.24338,0.197194,9.7112,0.773872,28.0952
45,0.0775113,0.0386,0.0449332,0.00701877,0.176337,240,0.24338,0.197194,4.38861,0.773872,28.0952
46,0.0672431,0.0386,0.0112128,0.00701877,0.0440036,240,0.24338,0.197194,17.5866,0.773872,28.0952
47,0.192315,0.0386,0.020115,0.00701877,0.0789397,240,0.24338,0.197194,9.80334,0.773872,28.0952
48,0.108145,0.0386,0.0274413,0.00701877,0.107691,240,0.24338,0.197194,7.18603,0.773872,28.0952
49,0.270229,0.0386,0.0709108,0.00701877,0.278284,240,0.24338,0.197194,2.78088,0.773872,28.0952
50,0.120589,0.0386,0.0477251,0.00701877,0.187293,240,0.24338,0.197194,4.13187,0.773872,28.0952
51,0.270258,0.0386,0.0579461,0.00701877,0.227405,240,0.24338,0.197194,3.40306,0.773872,28.0952
52,0.195608,0.0386,0.0042341,0.00701877,0.0166164,240,0.24338,0.197194,46.5729,0.773872,28.0952
53,0.151982,0.0386,0.085377,0.00701877,0.335055,240,0.24338,0.197194,2.30969,0.773872,28.0952
54,0.114397,0.0386,0.0431821,0.00701877,0.169465,240,0.24338,0.197194,4.56657,0.773872,28.0952
55,0.0849089,0.0386,0.0611196,0.00701877,0.239859,240,0.24338,0.197194,3.22637,0.773872,28.0952
56,0.415653,0.0386,0.0517201,0.00701877,0.202971,240,0.24338,0.197194,3.81272,0.773872,28.0952
57,0.257133,0.0386,0.177951,0.00701877,0.698354,240,0.24338,0.197194,1.10814,0.773872,28.0952
58,0.239703,0.0386,0.0894892,0.00701877,0.351193,240,0.24338,0.197194,2.20355,0.773872,28.0952
59,0.405607,0.0386,0.0303685,0.00701877,0.119179,240,0.24338,0.197194,6.49338,0.773872,28.0952
60,0.234972,0.0386,0.0412893,0.00701877,0.162036,240,0.24338,0.197194,4.77592,0.773872,28.0952
61,0.0442745,0.0386,0.0252402,0.00701877,0.0990533,240,0.24338,0.197194,7.81269,0.773872,28.0952
62,0.296874,0.0386,0.0535372,0.00701877,0.210102,240,0.24338,0.197194,3.68331,0.773872,28.0952
63,0.296477,0.0386,0.016154,0.00701877,0.0633952,240,0.24338,0.197194,12.2071,0.773872,28.0952
64,0.122042,0.0386,0.0347292,0.00701877,0.136292,240,0.24338,0.197194,5.67805,0.773872,28.0952
65,0.41023,0.0386,0.0140395,0.00701877,0.0550969,240,0.24338,0.197194,14.0456,0.773872,28.0952
66,0.363415,0.0386,0.107234,0.00701877,0.42083,240,0.24338,0.197194,1.83892,0.773872,28.0952
67,0.140407,0.0386,0.0240005,0.00701877,0.0941881,240,0.24338,0.197194,8.21624,0.773872,28.0952
68,0.127617,0.0386,0.0164926,0.00701877,0.0647237,240,0.24338,0.197194,11.9566,0.773872,28.0952
69,0.262289,0.0386,0.034252,0.00701877,0.134419,240,0.24338,0.197194,5.75715,0.773872,28.0952
70,0.305924,0.0386,0.0504081,0.00701877,0.197823,240,0.24338,0.197194,3.91195,0.773872,28.0952
71,0.277412,0.0386,0.0339285,0.00701877,0.13315,240,0.24338,0.197194,5.81205,0.773872,28.0952
72,0.228434,0.0386,0.0129791,0.00701877,0.0509355,240,0.24338,0.197194,15.1932,0.773872,28.0952
73,0.418028,0.0386,0.0716653,0.00701877,0.281244,240,0.24338,0.197194,2.7516,0.773872,28.0952
74,0.203629,0.0386,0.128596,0.00701877,0.504663,240,0.24338,0.197194,1.53344,0.773872,28.0952
75,0.0499062,0.0386,0.0430219,0.00701877,0.168836,240,0.24338,0.197194,4.58358,0.773872,28.0952
76,0.350042,0.0386,0.0382723,0.00701877,0.150196,240,0.24338,0.197194,5.1524,0.773872,28.0952
77,0.186883,0.0386,0.022891,0.00701877,0.0898338,240,0.24338,0.197194,8.61449,0.773872,28.0952
78,0.312806,0.0386,0.0223075,0.00701877,0.087544,240,0.24338,0.197194,8.83981,0.773872,28.0952
79,0.434219,0.0386,0.0769143,0.00701877,0.301844,240,0.24338,0.197194,2.56381,0.773872,28.0952
80,0.213907,0.0386,0.0443127,0.00701877,0.173901,240,0.24338,0.197194,4.45006,0.773872,28.0952
81,0.0968877,0.0386,0.0297077,0.00701877,0.116585,240,0.24338,0.197194,6.63781,0.773872,28.0952
82,0.210052,0.0386,0.0280141,0.00701877,0.109939,240,0.24338,0.197194,7.0391,0.773872,28.0952
83,0.256396,0.0386,0.129839,0.00701877,0.509542,240,0.24338,0.197194,1.51876,0.773872,28.0952
84,0.14848,0.0386,0.0108575,0.00701877,0.0426095,240,0.24338,0.197194,18.1619,0.773872,28.0952
85,0.38732,0.0386,0.00821134,0.00701877,0.0322247,240,0.24338,0.197194,24.0148,0.773872,28.0952
86,0.0591543,0.0386,0.106062,0.00701877,0.416233,240,0.24338,0.197194,1.85923,0.773872,28.0952
87,0.314147,0.0386,0.1415,0.00701877,0.555307,240,0.24338,0.197194,1.39359,0.773872,28.0952
88,0.384067,0.0386,0.0933051,0.00701877,0.366168,240,0.24338,0.197194,2.11343,0.773872,28.0952
89,0.0743723,0.0386,0.0719123,0.00701877,0.282214,240,0.24338,0.197194,2.74215,0.773872,28.0952
90,0.403001,0.0386,0.0429981,0.00701877,0.168742,240,0.24338,0.197194,4.58612,0.773872,28.0952
91,0.234954,0.0386,0.0219738,0.00701877,0.0862342,240,0.24338,0.197194,8.97407,0.773872,28.0952
92,0.127709,0.0386,0.0521952,0.00701877,0.204836,240,0.24338,0.197194,3.77802,0.773872,28.0952
93,0.216598,0.0386,0.0374678,0.00701877,0.147039,240,0.24338,0.197194,5.26303,0.773872,28.0952
94,0.156178,0.0386,0.0423297,0.00701877,0.166119,240,0.24338,0.197194,4.65853,0.773872,28.0952
95,0.207434,0.0386,0.0392566,0.00701877,0.154059,240,0.24338,0.197194,5.02321,0.773872,28.0952
96,0.705015,0.0386,0.0136387,0.00701877,0.0535238,240,0.24338,0.197194,14.4585,0.773872,28.0952
97,0.0477996,0.0386,0.0191345,0.00701877,0.0750917,240,0.24338,0.197194,10.3057,0.773872,28.0952
98,0.0272009,0.0386,0.0857927,0.00701877,0.336686,240,0.24338,0.197194,2.2985,0.773872,28.0952
99,0.115072,0.0386,0.0369589,0.00701877,0.145042,240,0.24338,0.197194,5.3355,0.773872,28.0952
100,0.120131,0.0386,0.0308395,0.00701877,0.121027,240,0.24338,0.197194,6.3942,0.773872,28.0952
101,0.152742,0.0386,0.0880219,0.00701877,0.345435,240,0.24338,0.197194,2.24029,0.773872,28.0952
102,0.48518,0.0386,0.0653874,0.00701877,0.256608,240,0.24338,0.197194,3.01578,0.773872,28.0952
103,0.475332,0.0386,0.0527901,0.00701877,0.20717,240,0.24338,0.197194,3.73544,0.773872,28.0952
104,0.0393439,0.0386,0.0124212,0.00701877,0.0487459,240,0.24338,0.197194,15.8756,0.773872,28.0952
105,0.241143,0.0386,0.137316,0.00701877,0.538884,240,0.24338,0.197194,1.43606,0.773872,28.0952
106,0.279325,0.0386,0.0057348,0.00701877,0.0225058,240,0.24338,0.197194,34.3855,0.773872,28.0952
107,0.206087,0.0386,0.0601956,0.00701877,0.236233,240,0.24338,0.197194,3.27589,0.773872,28.0952
108,0.0990468,0.0386,0.00619813,0.00701877,0.024324,240,0.24338,0.197194,31.8151,0.773872,28.0952
109,0.133808,0.0386,0.0179908,0.00701877,0.0706034,240,0.24338,0.197194,10.9608,0.773872,28.0952
110,0.417285,0.0386,0.00923362,0.00701877,0.0362366,240,0.24338,0.197194,21.3561,0.773872,28.0952
111,0.373273,0.0386,0.0178701,0.00701877,0.0701299,240,0.24338,0.197194,11.0348,0.773872,28.0952
112,0.757236,0.0386,0.0372275,0.00701877,0.146096,240,0.24338,0.197194,5.297,0.773872,28.0952
113,0.57364,0.0386,0.0556848,0.00701877,0.218531,240,0.24338,0.197194,3.54125,0.773872,28.0952
114,0.414371,0.0386,0.0538679,0.00701877,0.2114,240,0.24338,0.197194,3.6607,0.773872,28.0952
115,0.288389,0.0386,0.358309,0.00701877,1.40615,240,0.24338,0.197194,0.550347,0.773872,28.0952
116,0.119251,0.0386,0.0456778,0.00701877,0.179259,240,0.24338,0.197194,4.31707,0.773872,28.0952
117,0.443954,0.0386,0.034521,0.00701877,0.135475,240,0.24338,0.197194,5.71229,0.773872,28.0952
118,0.329575,0.0386,0.0647522,0.00701877,0.254115,240,0.24338,0.197194,3.04536,0.773872,28.0952
119,0.126419,0.0386,0.090759,0.00701877,0.356176,240,0.24338,0.197194,2.17272,0.773872,28.0952
120,0.265211,0.0386,0.0841272,0.00701877,0.33015,240,0.24338,0.197194,2.344,0.773872,28.0952
121,0.333046,0.0386,0.087401,0.00701877,0.342998,240,0.24338,0.197194,2.2562,0.773872,28.0952
122,0.187992,0.0386,0.0128373,0.00701877,0.0503791,240,0.24338,0.197194,15.361,0.773872,28.0952
123,0.507429,0.0386,0.103878,0.00701877,0.407661,240,0.24338,0.197194,1.89832,0.773872,28.0952
124,0.206054,0.0386,0.0344415,0.00701877,0.135163,240,0.24338,0.197194,5.72548,0.773872,28.0952
125,0.0806791,0.0386,0.013969,0.00701877,0.0548202,240,0.24338,0.197194,14.1165,0.773872,28.0952
126,0.499445,0.0386,0.00471511,0.00701877,0.0185041,240,0.24338,0.197194,41.8218,0.773872,28.0952
127,0.269146,0.0386,0.0219906,0.00701877,0.0863002,240,0.24338,0.197194,8.96721,0.773872,28.0952
128,0.317765,0.0386,0.0521287,0.00701877,0.204575,240,0.24338,0.197194,3.78283,0.773872,28.0952
129,0.0760148,0.0386,0.350171,0.00701877,1.37422,240,0.24338,0.197194,0.563137,0.773872,28.0952
130,0.377515,0.0386,0.0173535,0.00701877,0.0681025,240,0.24338,0.197194,11.3633,0.773872,28.0952
131,0.17096,0.0386,0.052104,0.00701877,0.204478,240,0.24338,0.197194,3.78462,0.773872,28.0952
132,0.0937353,0.0386,0.0554157,0.00701877,0.217475,240,0.24338,0.197194,3.55845,0.773872,28.0952
133,0.488062,0.0386,0.133672,0.00701877,0.524586,240,0.24338,0.197194,1.47521,0.773872,28.0952
134,0.0575631,0.0386,0.152036,0.00701877,0.596652,240,0.24338,0.197194,1.29702,0.773872,28.0952
135,0.128006,0.0386,0.00783655,0.00701877,0.0307539,240,0.24338,0.197194,25.1634,0.773872,28.0952
136,0.153556,0.0386,0.109588,0.00701877,0.43007,240,0.24338,0.197194,1.79941,0.773872,28.0952
137,0.374179,0.0386,0.141426,0.00701877,0.555013,240,0.24338,0.197194,1.39433,0.773872,28.0952
138,0.127836,0.0386,0.0450518,0.00701877,0.176802,240,0.24338,0.197194,4.37705,0.773872,28.0952
139,0.419141,0.0386,0.0216307,0.00701877,0.084888,240,0.24338,0.197194,9.11639,0.773872,28.0952
140,0.364976,0.0386,0.0429152,0.00701877,0.168417,240,0.24338,0.197194,4.59497,0.773872,28.0952
141,0.239153,0.0386,0.0121696,0.00701877,0.0477586,240,0.24338,0.197194,16.2038,0.773872,28.0952
142,0.267542,0.0386,0.00627788,0.00701877,0.024637,240,0.24338,0.197194,31.411,0.773872,28.0952
143,0.440853,0.0386,0.0894498,0.00701877,0.351038,240,0.24338,0.197194,2.20452,0.773872,28.0952
144,0.407166,0.0386,0.132189,0.00701877,0.518764,240,0.24338,0.197194,1.49176,0.773872,28.0952
145,0.167287,0.0386,0.00623885,0.00701877,0.0244839,240,0.24338,0.197194,31.6075,0.773872,28.0952
146,0.310645,0.0386,0.0293024,0.00701877,0.114995,240,0.24338,0.197194,6.72962,0.773872,28.0952
147,0.215342,0.0386,0.0137743,0.00701877,0.0540561,240,0.24338,0.197194,14.3161,0.773872,28.0952
148,0.302839,0.0386,0.04184,0.00701877,0.164198,240,0.24338,0.197194,4.71305,0.773872,28.0952
149,0.035922,0.0386,0.0424773,0.00701877,0.166699,240,0.24338,0.197194,4.64235,0.773872,28.0952
150,0.108215,0.0386,0.0510993,0.00701877,0.200535,240,0.24338,0.197194,3.85904,0.773872,28.0952
151,0.172051,0.0386,0.0137803,0.00701877,0.0540796,240,0.24338,0.197194,14.3099,0.773872,28.0952
152,0.268936,0.0386,0.0770957,0.00701877,0.302556,240,0.24338,0.197194,2.55778,0.773872,28.0952
153,0.617961,0.0386,0.00955925,0.00701877,0.0375145,240,0.24338,0.197194,20.6286,0.773872,28.0952
154,0.227021,0.0386,0.0392308,0.00701877,0.153958,240,0.24338,0.197194,5.02651,0.773872,28.0952
155,0.393215,0.0386,0.0378132,0.00701877,0.148395,240,0.24338,0.197194,5.21495,0.773872,28.0952
156,0.109229,0.0386,0.0485722,0.00701877,0.190618,240,0.24338,0.197194,4.05981,0.773872,28.0952
157,0.157165,0.0386,0.0335816,0.00701877,0.131788,240,0.24338,0.197194,5.87208,0.773872,28.0952
158,0.364064,0.0386,0.0122821,0.00701877,0.0482,240,0.24338,0.197194,16.0554,0.773872,28.0952
159,0.165597,0.0386,0.0591154,0.00701877,0.231994,240,0.24338,0.197194,3.33575,0.773872,28.0952
160,0.257637,0.0386,0.00635983,0.00701877,0.0249586,240,0.24338,0.197194,31.0062,0.773872,28.0952
161,0.527269,0.0386,0.0327114,0.00701877,0.128373,240,0.24338,0.197194,6.0283,0.773872,28.0952
162,0.276016,0.0386,0.104564,0.00701877,0.410352,240,0.24338,0.197194,1.88587,0.773872,28.0952
163,0.348329,0.0386,0.054251,0.00701877,0.212904,240,0.24338,0.197194,3.63485,0.773872,28.0952
164,0.443759,0.0386,0.03592,0.00701877,0.140965,240,0.24338,0.197194,5.48981,0.773872,28.0952
165,0.152197,0.0386,0.0532868,0.00701877,0.20912,240,0.24338,0.197194,3.70062,0.773872,28.0952
166,0.867301,0.0386,0.0320054,0.00701877,0.125603,240,0.24338,0.197194,6.16127,0.773872,28.0952
167,0.17678,0.0386,0.055042,0.00701877,0.216008,240,0.24338,0.197194,3.58261,0.773872,28.0952
168,0.225287,0.0386,0.00668352,0.00701877,0.0262289,240,0.24338,0.197194,29.5045,0.773872,28.0952
169,0.358488,0.0386,0.0341775,0.00701877,0.134127,240,0.24338,0.197194,5.7697,0.773872,28.0952
170,0.109499,0.0386,0.0112194,0.00701877,0.0440295,240,0.24338,0.197194,17.5762,0.773872,28.0952
171,0.286273,0.0386,0.0269182,0.00701877,0.105638,240,0.24338,0.197194,7.32569,0.773872,28.0952
172,0.323399,0.0386,0.0784188,0.00701877,0.307748,240,0.24338,0.197194,2.51463,0.773872,28.0952
173,0.47187,0.0386,0.028378,0.00701877,0.111367,240,0.24338,0.197194,6.94883,0.773872,28.0952
174,0.67794,0.0386,0.0799237,0.00701877,0.313654,240,0.24338,0.197194,2.46728,0.773872,28.0952
175,0.352915,0.0386,0.00606692,0.00701877,0.0238091,240,0.24338,0.197194,32.5032,0.773872,28.0952
176,0.280258,0.0386,0.134761,0.00701877,0.52886,240,0.24338,0.197194,1.46328,0.773872,28.0952
177,0.245541,0.0386,0.027015,0.00701877,0.106018,240,0.24338,0.197194,7.29942,0.773872,28.0952
178,0.215215,0.0386,0.0179773,0.00701877,0.0705503,240,0.24338,0.197194,10.9691,0.773872,28.0952
179,0.340405,0.0386,0.188056,0.00701877,0.738009,240,0.24338,0.197194,1.04859,0.773872,28.0952
180,0.195794,0.0386,0.0837681,0.00701877,0.328741,240,0.24338,0.197194,2.35405,0.773872,28.0952
181,0.487795,0.0386,0.317833,0.00701877,1.24731,240,0.24338,0.197194,0.620433,0.773872,28.0952
182,0.215797,0.0386,0.0969648,0.00701877,0.380531,240,0.24338,0.197194,2.03367,0.773872,28.0952
183,0.1483,0.0386,0.0280791,0.00701877,0.110194,240,0.24338,0.197194,7.02282,0.773872,28.0952
184,0.303989,0.0386,0.0164954,0.00701877,0.0647347,240,0.24338,0.197194,11.9545,0.773872,28.0952
185,0.349592,0.0386,0.0164097,0.00701877,0.0643987,240,0.24338,0.197194,12.0169,0.773872,28.0952
186,0.136767,0.0386,0.0399464,0.00701877,0.156766,240,0.24338,0.197194,4.93647,0.773872,28.0952
187,0.134581,0.0386,0.0433491,0.00701877,0.17012,240,0.24338,0.197194,4.54898,0.773872,28.0952
188,0.652884,0.0386,0.0668784,0.00701877,0.262459,240,0.24338,0.197194,2.94855,0.773872,28.0952
189,0.126062,0.0386,0.0176873,0.00701877,0.0694123,240,0.24338,0.197194,11.1489,0.773872,28.0952
190,0.337152,0.0386,0.0148602,0.00701877,0.0583177,240,0.24338,0.197194,13.2699,0.773872,28.0952
191,0.52108,0.0386,0.0521223,0.00701877,0.20455,240,0.24338,0.197194,3.78329,0.773872,28.0952
192,0.415861,0.0386,0.0100835,0.00701877,0.0395718,240,0.24338,0.197194,19.5561,0.773872,28.0952
193,0.223158,0.0386,0.0524935,0.00701877,0.206007,240,0.24338,0.197194,3.75654,0.773872,28.0952
194,0.520862,0.0386,0.211046,0.00701877,0.828233,240,0.24338,0.197194,0.934366,0.773872,28.0952
195,0.276481,0.0386,0.0135011,0.00701877,0.0529839,240,0.24338,0.197194,14.6058,0.773872,28.0952
196,0.259363,0.0386,0.00689875,0.00701877,0.0270736,240,0.24338,0.197194,28.584,0.773872,28.0952
197,0.0751759,0.0386,0.0349185,0.00701877,0.137035,240,0.24338,0.197194,5.64727,0.773872,28.0952
198,0.326916,0.0386,0.144358,0.00701877,0.566521,240,0.24338,0.197194,1.36601,0.773872,28.0952
199,0.310792,0.0386,0.0515361,0.00701877,0.202249,240,0.24338,0.197194,3.82633,0.773872,28.0952
200,0.207011,0.0386,0.0340484,0.00701877,0.13362,240,0.24338,0.197194,5.79159,0.773872,28.0952
201,0.515326,0.0386,0.0226281,0.00701877,0.0888023,240,0.24338,0.197194,8.71456,0.773872,28.0952
202,0.113924,0.0386,0.0308557,0.00701877,0.121091,240,0.24338,0.197194,6.39086,0.773872,28.0952
203,0.317154,0.0386,0.0308302,0.00701877,0.120991,240,0.24338,0.197194,6.39613,0.773872,28.0952
204,0.20439,0.0386,0.0593435,0.00701877,0.232889,240,0.24338,0.197194,3.32293,0.773872,28.0952
205,0.645813,0.0386,0.046335,0.00701877,0.181838,240,0.24338,0.197194,4.25583,0.773872,28.0952
206,0.343771,0.0386,0.00930077,0.00701877,0.0365001,240,0.24338,0.197194,21.2019,0.773872,28.0952
207,0.120627,0.0386,0.10443,0.00701877,0.409825,240,0.24338,0.197194,1.8883,0.773872,28.0952
208,0.157465,0.0386,0.534678,0.00701877,2.0983,240,0.24338,0.197194,0.368809,0.773872,28.0952
209,0.267662,0.0386,0.0100641,0.00701877,0.0394959,240,0.24338,0.197194,19.5938,0.773872,28.0952
210,0.227804,0.0386,0.0243452,0.00701877,0.0955409,240,0.24338,0.197194,8.09991,0.773872,28.0952
211,0.07686,0.0386,0.0723189,0.00701877,0.28381,240,0.24338,0.197194,2.72673,0.773872,28.0952
212,0.072528,0.0386,0.0338816,0.00701877,0.132966,240,0.24338,0.197194,5.82009,0.773872,28.0952
213,0.0783254,0.0386,0.0762109,0.00701877,0.299084,240,0.24338,0.197194,2.58748,0.773872,28.0952
214,0.295251,0.0386,0.0156108,0.00701877,0.0612632,240,0.24338,0.197194,12.6319,0.773872,28.0952
215,0.232208,0.0386,0.0220657,0.00701877,0.0865952,240,0.24338,0.197194,8.93666,0.773872,28.0952
216,0.196096,0.0386,0.017305,0.00701877,0.067912,240,0.24338,0.197194,11.3952,0.773872,28.0952
217,0.260889,0.0386,0.0454656,0.00701877,0.178426,240,0.24338,0.197194,4.33722,0.773872,28.0952
218,0.331616,0.0386,0.232183,0.00701877,0.911184,240,0.24338,0.197194,0.849304,0.773872,28.0952
219,0.286909,0.0386,0.0791033,0.00701877,0.310434,240,0.24338,0.197194,2.49287,0.773872,28.0952
220,0.475224,0.0386,0.0346315,0.00701877,0.135909,240,0.24338,0.197194,5.69407,0.773872,28.0952
221,0.27693,0.0386,0.0558333,0.00701877,0.219113,240,0.24338,0.197194,3.53184,0.773872,28.0952
222,0.508816,0.0386,0.0127963,0.00701877,0.050218,240,0.24338,0.197194,15.4103,0.773872,28.0952
223,0.185235,0.0386,0.0305833,0.00701877,0.120022,240,0.24338,0.197194,6.44777,0.773872,28.0952
224,0.120971,0.0386,0.0154512,0.00701877,0.0606369,240,0.24338,0.197194,12.7624,0.773872,28.0952
225,0.199363,0.0386,0.0525915,0.00701877,0.206391,240,0.24338,0.197194,3.74955,0.773872,28.0952
226,0.115288,0.0386,0.0223097,0.00701877,0.0875528,240,0.24338,0.197194,8.83892,0.773872,28.0952
227,0.357177,0.0386,0.251182,0.00701877,0.985743,240,0.24338,0.197194,0.785065,0.773872,28.0952
228,0.427672,0.0386,0.0881599,0.00701877,0.345976,240,0.24338,0.197194,2.23678,0.773872,28.0952
229,0.335178,0.0386,0.02902,0.00701877,0.113887,240,0.24338,0.197194,6.79511,0.773872,28.0952
230,0.366952,0.0386,0.0209763,0.00701877,0.0823198,240,0.24338,0.197194,9.4008,0.773872,28.0952
231,0.270319,0.0386,0.0486397,0.00701877,0.190882,240,0.24338,0.197194,4.05418,0.773872,28.0952
232,0.20562,0.0386,0.0514613,0.00701877,0.201956,240,0.24338,0.197194,3.83189,0.773872,28.0952
233,0.301788,0.0386,0.168757,0.00701877,0.662274,240,0.24338,0.197194,1.16851,0.773872,28.0952
234,0.246921,0.0386,0.140622,0.00701877,0.551861,240,0.24338,0.197194,1.4023,0.773872,28.0952
235,0.13949,0.0386,0.0279389,0.00701877,0.109644,240,0.24338,0.197194,7.05806,0.773872,28.0952
236,0.029869,0.0386,0.0199443,0.00701877,0.07827,240,0.24338,0.197194,9.88722,0.773872,28.0952
237,0.244042,0.0386,0.0196394,0.00701877,0.0770734,240,0.24338,0.197194,10.0407,0.773872,28.0952
238,0.251009,0.0386,0.218219,0.00701877,0.856382,240,0.24338,0.197194,0.903653,0.773872,28.0952
239,0.306252,0.0386,0.0556283,0.00701877,0.218309,240,0.24338,0.197194,3.54485,0.773872,28.0952
240,0.17731,0.0386,0.237416,0.00701877,0.931721,240,0.24338,0.197194,0.830584,0.773872,28.0952
241,0.26879,0.0386,0.0367304,0.00701877,0.144145,240,0.24338,0.197194,5.36869,0.773872,28.0952
242,0.29225,0.0386,0.0388409,0.00701877,0.152428,240,0.24338,0.197194,5.07697,0.773872,28.0952
243,0.173091,0.0386,0.0306017,0.00701877,0.120094,240,0.24338,0.197194,6.44389,0.773872,28.0952
244,0.410439,0.0386,0.0297712,0.00701877,0.116834,240,0.24338,0.197194,6.62366,0.773872,28.0952
245,0.137385,0.0386,0.0468388,0.00701877,0.183815,240,0.24338,0.197194,4.21006,0.773872,28.0952
246,0.135658,0.0386,0.0748087,0.00701877,0.293581,240,0.24338,0.197194,2.63598,0.773872,28.0952
247,0.174879,0.0386,0.0126568,0.00701877,0.0496705,240,0.24338,0.197194,15.5801,0.773872,28.0952
248,0.117667,0.0386,0.247207,0.00701877,0.970145,240,0.24338,0.197194,0.797687,0.773872,28.0952
249,0.414692,0.0386,0.0948067,0.00701877,0.372061,240,0.24338,0.197194,2.07996,0.773872,28.0952
250,0.187925,0.0386,0.277493,0.00701877,1.089,240,0.24338,0.197194,0.710627,0.773872,28.0952
251,0.205255,0.0386,0.0350874,0.00701877,0.137698,240,0.24338,0.197194,5.62009,0.773872,28.0952
252,0.0406539,0.0386,0.134141,0.00701877,0.526425,240,0.24338,0.197194,1.47005,0.773872,28.0952
253,0.24499,0.0386,0.0118701,0.00701877,0.0465834,240,0.24338,0.197194,16.6126,0.773872,28.0952
254,0.177166,0.0386,0.00663911,0.00701877,0.0260546,240,0.24338,0.197194,29.7019,0.773872,28.0952
255,0.449765,0.0386,0.0224168,0.00701877,0.0879727,240,0.24338,0.197194,8.79673,0.773872,28.0952
256,0.0970892,0.0386,0.0477325,0.00701877,0.187322,240,0.24338,0.197194,4.13123,0.773872,28.0952
257,0.202707,0.0386,0.0593382,0.00701877,0.232868,240,0.24338,0.197194,3.32322,0.773872,28.0952
258,0.293601,0.0386,0.0279388,0.00701877,0.109644,240,0.24338,0.197194,7.05807,0.773872,28.0952
259,0.504358,0.0386,0.0253418,0.00701877,0.0994518,240,0.24338,0.197194,7.78138,0.773872,28.0952
260,0.0905194,0.0386,0.0117667,0.00701877,0.0461775,240,0.24338,0.197194,16.7586,0.773872,28.0952
261,0.247582,0.0386,0.012014,0.00701877,0.0471481,240,0.24338,0.197194,16.4136,0.773872,28.0952
262,0.172124,0.0386,0.0819813,0.00701877,0.321729,240,0.24338,0.197194,2.40535,0.773872,28.0952
263,0.397567,0.0386,0.175051,0.00701877,0.686975,240,0.24338,0.197194,1.12649,0.773872,28.0952
264,0.333277,0.0386,0.0458345,0.00701877,0.179874,240,0.24338,0.197194,4.3023,0.773872,28.0952
265,0.390407,0.0386,0.0186897,0.00701877,0.0733461,240,0.24338,0.197194,10.551,0.773872,28.0952
266,0.0728032,0.0386,0.0979292,0.00701877,0.384315,240,0.24338,0.197194,2.01364,0.773872,28.0952
267,0.204149,0.0386,0.059077,0.00701877,0.231843,240,0.24338,0.197194,3.33792,0.773872,28.0952
268,0.898704,0.0386,0.00541897,0.00701877,0.0212663,240,0.24338,0.197194,36.3896,0.773872,28.0952
269,0.508735,0.0386,0.192226,0.00701877,0.754374,240,0.24338,0.197194,1.02585,0.773872,28.0952
270,0.255196,0.0386,0.00511917,0.00701877,0.0200898,240,0.24338,0.197194,38.5207,0.773872,28.0952
271,0.383072,0.0386,0.0231484,0.00701877,0.0908442,240,0.24338,0.197194,8.51868,0.773872,28.0952
272,0.262419,0.0386,0.516866,0.00701877,2.0284,240,0.24338,0.197194,0.381519,0.773872,28.0952
273,0.132259,0.0386,0.103955,0.00701877,0.407963,240,0.24338,0.197194,1.89692,0.773872,28.0952
274,0.41878,0.0386,0.0211827,0.00701877,0.0831299,240,0.24338,0.197194,9.30919,0.773872,28.0952
275,0.150022,0.0386,0.159463,0.00701877,0.625801,240,0.24338,0.197194,1.23661,0.773872,28.0952
276,0.341985,0.0386,0.0367231,0.00701877,0.144117,240,0.24338,0.197194,5.36976,0.773872,28.0952
277,0.470001,0.0386,0.0157436,0.00701877,0.0617845,240,0.24338,0.197194,12.5253,0.773872,28.0952
278,0.259662,0.0386,0.0352897,0.00701877,0.138491,240,0.24338,0.197194,5.58787,0.773872,28.0952
279,0.186918,0.0386,0.0759847,0.00701877,0.298196,240,0.24338,0.197194,2.59518,0.773872,28.0952
280,0.289368,0.0386,0.0751888,0.00701877,0.295072,240,0.24338,0.197194,2.62265,0.773872,28.0952
281,0.0574386,0.0386,0.0111231,0.00701877,0.0436515,240,0.24338,0.197194,17.7284,0.773872,28.0952
282,0.150115,0.0386,0.0879427,0.00701877,0.345124,240,0.24338,0.197194,2.2423,0.773872,28.0952
283,0.4805,0.0386,0.0111185,0.00701877,0.0436336,240,0.24338,0.197194,17.7357,0.773872,28.0952
284,0.179415,0.0386,0.0138118,0.00701877,0.0542034,240,0.24338,0.197194,14.2772,0.773872,28.0952
285,0.267802,0.0386,0.0161724,0.00701877,0.0634674,240,0.24338,0.197194,12.1932,0.773872,28.0952
286,0.246097,0.0386,0.0687096,0.00701877,0.269645,240,0.24338,0.197194,2.86997,0.773872,28.0952
287,0.259269,0.0386,0.0178419,0.00701877,0.070019,240,0.24338,0.197194,11.0523,0.773872,28.0952
288,0.140721,0.0386,0.003358,0.00701877,0.0131782,240,0.24338,0.197194,58.7237,0.773872,28.0952
289,0.102716,0.0386,0.767019,0.00701877,3.0101,240,0.24338,0.197194,0.257092,0.773872,28.0952
290,0.110023,0.0386,0.0193691,0.00701877,0.0760123,240,0.24338,0.197194,10.1809,0.773872,28.0952
291,0.252601,0.0386,0.045872,0.00701877,0.180021,240,0.24338,0.197194,4.29879,0.773872,28.0952
292,0.114614,0.0386,0.0516657,0.00701877,0.202758,240,0.24338,0.197194,3.81673,0.773872,28.0952
293,0.169475,0.0386,0.0147287,0.00701877,0.0578015,240,0.24338,0.197194,13.3885,0.773872,28.0952
294,0.360331,0.0386,0.00581593,0.00701877,0.0228241,240,0.24338,0.197194,33.9059,0.773872,28.0952
295,0.043734,0.0386,0.312827,0.00701877,1.22767,240,0.24338,0.197194,0.630361,0.773872,28.0952
296,0.289052,0.0386,0.0571131,0.00701877,0.224136,240,0.24338,0.197194,3.4527,0.773872,28.0952
297,0.185395,0.0386,0.0626894,0.00701877,0.246019,240,0.24338,0.197194,3.14558,0.773872,28.0952
298,0.46147,0.0386,0.0169848,0.00701877,0.0666556,240,0.24338,0.197194,11.61,0.773872,28.0952
299,0.360395,0.0386,0.129241,0.00701877,0.507194,240,0.24338,0.197194,1.52579,0.773872,28.0952
300,0.160576,0.0386,0.227832,0.00701877,0.894107,240,0.24338,0.197194,0.865525,0.773872,28.0952
301,0.238804,0.0386,0.0307245,0.00701877,0.120576,240,0.24338,0.197194,6.41814,0.773872,28.0952
302,0.493758,0.0386,0.0292828,0.00701877,0.114918,240,0.24338,0.197194,6.73413,0.773872,28.0952
303,0.109422,0.0386,0.127898,0.00701877,0.501925,240,0.24338,0.197194,1.54181,0.773872,28.0952
304,0.306306,0.0386,0.0495474,0.00701877,0.194445,240,0.24338,0.197194,3.97991,0.773872,28.0952
305,0.246263,0.0386,0.0484476,0.00701877,0.190129,240,0.24338,0.197194,4.07025,0.773872,28.0952
306,0.350788,0.0386,0.0665342,0.00701877,0.261108,240,0.24338,0.197194,2.9638,0.773872,28.0952
307,0.291914,0.0386,0.0237103,0.00701877,0.0930492,240,0.24338,0.197194,8.3168,0.773872,28.0952
308,0.356879,0.0386,0.00993374,0.00701877,0.0389842,240,0.24338,0.197194,19.8509,0.773872,28.0952
309,0.302191,0.0386,0.0132997,0.00701877,0.0521936,240,0.24338,0.197194,14.8269,0.773872,28.0952
310,0.432046,0.0386,0.0344765,0.00701877,0.1353,240,0.24338,0.197194,5.71967,0.773872,28.0952
311,0.122514,0.0386,0.0605047,0.00701877,0.237446,240,0.24338,0.197194,3.25915,0.773872,28.0952
312,0.204835,0.0386,0.351748,0.00701877,1.38041,240,0.24338,0.197194,0.560612,0.773872,28.0952
313,0.873421,0.0386,0.339141,0.00701877,1.33093,240,0.24338,0.197194,0.581451,0.773872,28.0952
314,0.495208,0.0386,0.0079249,0.00701877,0.0311006,240,0.24338,0.197194,24.8829,0.773872,28.0952
315,0.270169,0.0386,0.00452229,0.00701877,0.0177474,240,0.24338,0.197194,43.6049,0.773872,28.0952
316,0.648543,0.0386,0.0206077,0.00701877,0.0808734,240,0.24338,0.197194,9.56894,0.773872,28.0952
317,0.204007,0.0386,0.0384474,0.00701877,0.150884,240,0.24338,0.197194,5.12893,0.773872,28.0952
318,0.375016,0.0386,0.0530036,0.00701877,0.208008,240,0.24338,0.197194,3.72039,0.773872,28.0952
319,0.289469,0.0386,0.00702032,0.00701877,0.0275507,240,0.24338,0.197194,28.089,0.773872,28.0952
320,0.1473,0.0386,0.0097253,0.00701877,0.0381661,240,0.24338,0.197194,20.2764,0.773872,28.0952
321,0.239368,0.0386,0.0480089,0.00701877,0.188407,240,0.24338,0.197194,4.10745,0.773872,28.0952
322,0.149635,0.0386,0.0591533,0.00701877,0.232142,240,0.24338,0.197194,3.33361,0.773872,28.0952
323,0.0778775,0.0386,0.0281377,0.00701877,0.110424,240,0.24338,0.197194,7.00817,0.773872,28.0952
324,0.450676,0.0386,0.175489,0.00701877,0.688692,240,0.24338,0.197194,1.12368,0.773872,28.0952
325,0.101433,0.0386,0.0185897,0.00701877,0.0729536,240,0.24338,0.197194,10.6077,0.773872,28.0952
326,0.182975,0.0386,0.102974,0.00701877,0.404112,240,0.24338,0.197194,1.91499,0.773872,28.0952
327,0.12536,0.0386,0.0378716,0.00701877,0.148624,240,0.24338,0.197194,5.20692,0.773872,28.0952
328,0.259904,0.0386,0.0405668,0.00701877,0.159201,240,0.24338,0.197194,4.86098,0.773872,28.0952
329,0.321833,0.0386,0.428346,0.00701877,1.68101,240,0.24338,0.197194,0.460362,0.773872,28.0952
330,0.159066,0.0386,0.0164529,0.00701877,0.0645679,240,0.24338,0.197194,11.9854,0.773872,28.0952
331,0.220268,0.0386,0.114733,0.00701877,0.450261,240,0.24338,0.197194,1.71872,0.773872,28.0952
332,0.37425,0.0386,0.00694307,0.00701877,0.0272475,240,0.24338,0.197194,28.4016,0.773872,28.0952
333,0.443297,0.0386,0.0147694,0.00701877,0.0579615,240,0.24338,0.197194,13.3515,0.773872,28.0952
334,0.136363,0.0386,0.0770697,0.00701877,0.302454,240,0.24338,0.197194,2.55865,0.773872,28.0952
335,0.182395,0.0386,0.02942,0.00701877,0.115457,240,0.24338,0.197194,6.70272,0.773872,28.0952
336,0.183741,0.0386,0.0784646,0.00701877,0.307928,240,0.24338,0.197194,2.51316,0.773872,28.0952
337,0.470981,0.0386,0.0221356,0.00701877,0.0868692,240,0.24338,0.197194,8.90848,0.773872,28.0952
338,0.38866,0.0386,0.0173567,0.00701877,0.0681148,240,0.24338,0.197194,11.3613,0.773872,28.0952
339,0.237689,0.0386,0.0425806,0.00701877,0.167104,240,0.24338,0.197194,4.63108,0.773872,28.0952
340,0.126266,0.0386,0.0197165,0.00701877,0.0773759,240,0.24338,0.197194,10.0015,0.773872,28.0952
341,0.288527,0.0386,0.0142526,0.00701877,0.0559333,240,0.24338,0.197194,13.8356,0.773872,28.0952
342,0.0967816,0.0386,0.0241692,0.00701877,0.0948501,240,0.24338,0.197194,8.1589,0.773872,28.0952
343,0.269141,0.0386,0.0107739,0.00701877,0.0422815,240,0.24338,0.197194,18.3029,0.773872,28.0952
344,0.233686,0.0386,0.0835915,0.00701877,0.328048,240,0.24338,0.197194,2.35902,0.773872,28.0952
345,0.128557,0.0386,0.0886228,0.00701877,0.347793,240,0.24338,0.197194,2.22509,0.773872,28.0952
346,0.175225,0.0386,0.0135001,0.00701877,0.05298,240,0.24338,0.197194,14.6069,0.773872,28.0952
347,0.161991,0.0386,0.0243261,0.00701877,0.0954657,240,0.24338,0.197194,8.10629,0.773872,28.0952
348,0.105096,0.0386,0.0372697,0.00701877,0.146262,240,0.24338,0.197194,5.29101,0.773872,28.0952
349,0.177981,0.0386,0.0209379,0.00701877,0.0821691,240,0.24338,0.197194,9.41805,0.773872,28.0952
350,0.32706,0.0386,0.0538317,0.00701877,0.211258,240,0.24338,0.197194,3.66316,0.773872,28.0952
351,0.151829,0.0386,0.113989,0.00701877,0.447339,240,0.24338,0.197194,1.72995,0.773872,28.0952
352,0.348746,0.0386,0.0395688,0.00701877,0.155284,240,0.24338,0.197194,4.98358,0.773872,28.0952
353,0.687819,0.0386,0.221391,0.00701877,0.868831,240,0.24338,0.197194,0.890705,0.773872,28.0952
354,0.184099,0.0386,0.034225,0.00701877,0.134313,240,0.24338,0.197194,5.7617,0.773872,28.0952
355,0.303982,0.0386,0.025449,0.00701877,0.0998724,240,0.24338,0.197194,7.74861,0.773872,28.0952
356,0.440777,0.0386,0.0319014,0.00701877,0.125194,240,0.24338,0.197194,6.18136,0.773872,28.0952
357,0.0979409,0.0386,0.0342889,0.00701877,0.134564,240,0.24338,0.197194,5.75097,0.773872,28.0952
358,0.239558,0.0386,0.232821,0.00701877,0.913689,240,0.24338,0.197194,0.846976,0.773872,28.0952
359,0.319434,0.0386,0.0659593,0.00701877,0.258852,240,0.24338,0.197194,2.98963,0.773872,28.0952
360,0.283193,0.0386,0.021591,0.00701877,0.0847322,240,0.24338,0.197194,9.13315,0.773872,28.0952
361,0.174737,0.0386,0.20391,0.00701877,0.800227,240,0.24338,0.197194,0.967066,0.773872,28.0952
362,0.377673,0.0386,0.00454431,0.00701877,0.0178338,240,0.24338,0.197194,43.3936,0.773872,28.0952
363,0.156091,0.0386,0.178449,0.00701877,0.700307,240,0.24338,0.197194,1.10505,0.773872,28.0952
364,0.461588,0.0386,0.015799,0.00701877,0.0620019,240,0.24338,0.197194,12.4814,0.773872,28.0952
365,0.220612,0.0386,0.0711467,0.00701877,0.27921,240,0.24338,0.197194,2.77165,0.773872,28.0952
366,0.156269,0.0386,0.00955948,0.00701877,0.0375154,240,0.24338,0.197194,20.6281,0.773872,28.0952
367,0.183096,0.0386,0.0274515,0.00701877,0.107731,240,0.24338,0.197194,7.18337,0.773872,28.0952
368,0.174793,0.0386,0.013945,0.00701877,0.0547258,240,0.24338,0.197194,14.1409,0.773872,28.0952
369,0.0605492,0.0386,0.0117526,0.00701877,0.0461223,240,0.24338,0.197194,16.7787,0.773872,28.0952
370,0.219142,0.0386,0.0530037,0.00701877,0.208009,240,0.24338,0.197194,3.72039,0.773872,28.0952
371,0.162551,0.0386,0.165549,0.00701877,0.649685,240,0.24338,0.197194,1.19115,0.773872,28.0952
372,0.180477,0.0386,0.0604841,0.00701877,0.237365,240,0.24338,0.197194,3.26027,0.773872,28.0952
373,0.142388,0.0386,0.0314288,0.00701877,0.12334,240,0.24338,0.197194,6.27432,0.773872,28.0952
374,0.0546132,0.0386,0.0622179,0.00701877,0.244169,240,0.24338,0.197194,3.16941,0.773872,28.0952
375,0.1475,0.0386,0.0376075,0.00701877,0.147588,240,0.24338,0.197194,5.24347,0.773872,28.0952
376,0.152092,0.0386,0.0200044,0.00701877,0.0785055,240,0.24338,0.197194,9.85755,0.773872,28.0952
377,0.321707,0.0386,0.0668607,0.00701877,0.262389,240,0.24338,0.197194,2.94933,0.773872,28.0952
378,0.0895755,0.0386,0.0420836,0.00701877,0.165153,240,0.24338,0.197194,4.68578,0.773872,28.0952
379,0.292798,0.0386,0.0557,0.00701877,0.21859,240,0.24338,0.197194,3.54029,0.773872,28.0952
380,0.301732,0.0386,0.117056,0.00701877,0.459376,240,0.24338,0.197194,1.68461,0.773872,28.0952
381,0.0904851,0.0386,0.00297917,0.00701877,0.0116915,240,0.24338,0.197194,66.191,0.773872,28.0952
382,0.102829,0.0386,0.0174141,0.00701877,0.0683401,240,0.24338,0.197194,11.3238,0.773872,28.0952
383,0.193911,0.0386,0.0083275,0.00701877,0.0326806,240,0.24338,0.197194,23.6799,0.773872,28.0952
384,0.139553,0.0386,0.0128436,0.00701877,0.0504036,240,0.24338,0.197194,15.3535,0.773872,28.0952
385,0.415609,0.0386,0.0930103,0.00701877,0.365011,240,0.24338,0.197194,2.12013,0.773872,28.0952
386,0.29419,0.0386,0.0333201,0.00701877,0.130762,240,0.24338,0.197194,5.91818,0.773872,28.0952
387,0.286811,0.0386,0.0301199,0.00701877,0.118203,240,0.24338,0.197194,6.54697,0.773872,28.0952
388,0.125009,0.0386,0.00249951,0.00701877,0.00980912,240,0.24338,0.197194,78.8931,0.773872,28.0952
389,0.282771,0.0386,0.0363632,0.00701877,0.142704,240,0.24338,0.197194,5.4229,0.773872,28.0952
390,0.290185,0.0386,0.0171322,0.00701877,0.0672339,240,0.24338,0.197194,11.5101,0.773872,28.0952
391,0.255476,0.0386,0.394629,0.00701877,1.54869,240,0.24338,0.197194,0.499696,0.773872,28.0952
392,0.0385907,0.0386,0.0544822,0.00701877,0.213811,240,0.24338,0.197194,3.61943,0.773872,28.0952
393,0.653235,0.0386,0.250854,0.00701877,0.984456,240,0.24338,0.197194,0.786091,0.773872,28.0952
394,0.276098,0.0386,0.111165,0.00701877,0.436256,240,0.24338,0.197194,1.77389,0.773872,28.0952
395,0.205321,0.0386,0.0426032,0.00701877,0.167193,240,0.24338,0.197194,4.62862,0.773872,28.0952
396,0.350516,0.0386,0.0353375,0.00701877,0.138679,240,0.24338,0.197194,5.58031,0.773872,28.0952
397,0.194367,0.0386,0.0655078,0.00701877,0.25708,240,0.24338,0.197194,3.01024,0.773872,28.0952
398,0.413762,0.0386,0.0260454,0.00701877,0.102213,240,0.24338,0.197194,7.57116,0.773872,28.0952
399,0.571183,0.0386,0.0234848,0.00701877,0.0921644,240,0.24338,0.197194,8.39665,0.773872,28.0952
400,0.815905,0.0386,0.0334692,0.00701877,0.131347,240,0.24338,0.197194,5.89181,0.773872,28.0952
401,0.305032,0.0386,0.0234981,0.00701877,0.0922162,240,0.24338,0.197194,8.39194,0.773872,28.0952
402,0.253231,0.0386,0.0501681,0.00701877,0.196881,240,0.24338,0.197194,3.93067,0.773872,28.0952
403,0.242433,0.0386,0.0486009,0.00701877,0.19073,240,0.24338,0.197194,4.05741,0.773872,28.0952
404,0.366573,0.0386,0.00971318,0.00701877,0.0381186,240,0.24338,0.197194,20.3017,0.773872,28.0952
405,0.194234,0.0386,0.0131083,0.00701877,0.0514424,240,0.24338,0.197194,15.0435,0.773872,28.0952
406,0.293347,0.0386,0.344112,0.00701877,1.35044,240,0.24338,0.197194,0.573052,0.773872,28.0952
407,0.445755,0.0386,0.0174875,0.00701877,0.0686282,240,0.24338,0.197194,11.2763,0.773872,28.0952
408,0.44696,0.0386,0.0236294,0.00701877,0.0927315,240,0.24338,0.197194,8.3453,0.773872,28.0952
409,0.374838,0.0386,0.0155465,0.00701877,0.061011,240,0.24338,0.197194,12.6841,0.773872,28.0952
410,0.374926,0.0386,0.0438289,0.00701877,0.172003,240,0.24338,0.197194,4.49918,0.773872,28.0952
411,0.182572,0.0386,0.0451485,0.00701877,0.177182,240,0.24338,0.197194,4.36768,0.773872,28.0952
412,0.133532,0.0386,0.00602317,0.00701877,0.0236374,240,0.24338,0.197194,32.7393,0.773872,28.0952
413,0.177105,0.0386,0.170245,0.00701877,0.668112,240,0.24338,0.197194,1.1583,0.773872,28.0952
414,0.213159,0.0386,0.157603,0.00701877,0.6185,240,0.24338,0.197194,1.25121,0.773872,28.0952
415,0.256608,0.0386,0.0322273,0.00701877,0.126473,240,0.24338,0.197194,6.11886,0.773872,28.0952
416,0.338211,0.0386,0.0300375,0.00701877,0.11788,240,0.24338,0.197194,6.56492,0.773872,28.0952
417,0.110787,0.0386,0.0201392,0.00701877,0.0790345,240,0.24338,0.197194,9.79158,0.773872,28.0952
418,0.302021,0.0386,0.0349428,0.00701877,0.13713,240,0.24338,0.197194,5.64334,0.773872,28.0952
419,0.33153,0.0386,0.0161802,0.00701877,0.0634977,240,0.24338,0.197194,12.1874,0.773872,28.0952
420,0.16376,0.0386,0.114865,0.00701877,0.45078,240,0.24338,0.197194,1.71674,0.773872,28.0952
421,0.0916142,0.0386,0.0474804,0.00701877,0.186333,240,0.24338,0.197194,4.15316,0.773872,28.0952
422,0.0540798,0.0386,0.0321937,0.00701877,0.126341,240,0.24338,0.197194,6.12525,0.773872,28.0952
423,0.202768,0.0386,0.079306,0.00701877,0.31123,240,0.24338,0.197194,2.4865,0.773872,28.0952
424,0.323323,0.0386,0.00926344,0.00701877,0.0363536,240,0.24338,0.197194,21.2873,0.773872,28.0952
425,0.534919,0.0386,0.1866,0.00701877,0.732296,240,0.24338,0.197194,1.05678,0.773872,28.0952
426,0.210979,0.0386,0.0105304,0.00701877,0.0413258,240,0.24338,0.197194,18.7261,0.773872,28.0952
427,0.0471628,0.0386,0.0132633,0.00701877,0.0520509,240,0.24338,0.197194,14.8676,0.773872,28.0952
428,0.105869,0.0386,0.14362,0.00701877,0.563623,240,0.24338,0.197194,1.37303,0.773872,28.0952
429,0.829951,0.0386,0.00888873,0.00701877,0.0348831,240,0.24338,0.197194,22.1847,0.773872,28.0952
430,0.0477082,0.0386,0.0164728,0.00701877,0.0646463,240,0.24338,0.197194,11.9709,0.773872,28.0952
431,0.469671,0.0386,0.0140695,0.00701877,0.0552145,240,0.24338,0.197194,14.0157,0.773872,28.0952
432,0.23977,0.0386,0.103338,0.00701877,0.405541,240,0.24338,0.197194,1.90825,0.773872,28.0952
433,0.0656054,0.0386,0.00861128,0.00701877,0.0337943,240,0.24338,0.197194,22.8995,0.773872,28.0952
434,0.325935,0.0386,0.0197681,0.00701877,0.0775781,240,0.24338,0.197194,9.97539,0.773872,28.0952
435,0.188987,0.0386,0.0721083,0.00701877,0.282983,240,0.24338,0.197194,2.73469,0.773872,28.0952
436,0.523288,0.0386,0.0129768,0.00701877,0.0509263,240,0.24338,0.197194,15.1959,0.773872,28.0952
437,0.140647,0.0386,0.110563,0.00701877,0.433894,240,0.24338,0.197194,1.78355,0.773872,28.0952
438,0.269929,0.0386,0.315331,0.00701877,1.23749,240,0.24338,0.197194,0.625356,0.773872,28.0952
439,0.0698364,0.0386,0.0175181,0.00701877,0.0687484,240,0.24338,0.197194,11.2566,0.773872,28.0952
440,0.150192,0.0386,0.0676594,0.00701877,0.265524,240,0.24338,0.197194,2.91451,0.773872,28.0952
441,0.1705,0.0386,0.0308873,0.00701877,0.121215,240,0.24338,0.197194,6.3843,0.773872,28.0952
442,0.437702,0.0386,0.0198356,0.00701877,0.0778434,240,0.24338,0.197194,9.9414,0.773872,28.0952
443,0.210786,0.0386,0.199543,0.00701877,0.78309,240,0.24338,0.197194,0.988229,0.773872,28.0952
444,0.0527134,0.0386,0.108963,0.00701877,0.427616,240,0.24338,0.197194,1.80974,0.773872,28.0952
445,0.22776,0.0386,0.0571291,0.00701877,0.224199,240,0.24338,0.197194,3.45173,0.773872,28.0952
446,0.240494,0.0386,0.290477,0.00701877,1.13996,240,0.24338,0.197194,0.678862,0.773872,28.0952
447,0.161041,0.0386,0.00903098,0.00701877,0.0354413,240,0.24338,0.197194,21.8353,0.773872,28.0952
448,0.191252,0.0386,0.0460688,0.00701877,0.180793,240,0.24338,0.197194,4.28043,0.773872,28.0952
449,0.504147,0.0386,0.049053,0.00701877,0.192504,240,0.24338,0.197194,4.02002,0.773872,28.0952
450,0.133309,0.0386,0.0485084,0.00701877,0.190367,240,0.24338,0.197194,4.06516,0.773872,28.0952
451,0.198604,0.0386,0.0943421,0.00701877,0.370238,240,0.24338,0.197194,2.0902,0.773872,28.0952
452,0.0915217,0.0386,0.0170189,0.00701877,0.0667892,240,0.24338,0.197194,11.5868,0.773872,28.0952
453,0.190345,0.0386,0.0593713,0.00701877,0.232998,240,0.24338,0.197194,3.32137,0.773872,28.0952
454,0.394543,0.0386,0.0202127,0.00701877,0.0793231,240,0.24338,0.197194,9.75596,0.773872,28.0952
455,0.132467,0.0386,0.267529,0.00701877,1.0499,240,0.24338,0.197194,0.737094,0.773872,28.0952
456,0.624224,0.0386,0.101165,0.00701877,0.397012,240,0.24338,0.197194,1.94924,0.773872,28.0952
457,0.184529,0.0386,0.0395106,0.00701877,0.155056,240,0.24338,0.197194,4.99092,0.773872,28.0952
458,0.0541749,0.0386,0.0767005,0.00701877,0.301005,240,0.24338,0.197194,2.57096,0.773872,28.0952
459,0.237516,0.0386,0.0246818,0.00701877,0.0968615,240,0.24338,0.197194,7.98947,0.773872,28.0952
460,0.0910243,0.0386,0.0720118,0.00701877,0.282604,240,0.24338,0.197194,2.73836,0.773872,28.0952
461,0.48094,0.0386,0.0301531,0.00701877,0.118333,240,0.24338,0.197194,6.53977,0.773872,28.0952
462,0.381444,0.0386,0.027488,0.00701877,0.107875,240,0.24338,0.197194,7.17382,0.773872,28.0952
463,0.227924,0.0386,0.0140955,0.00701877,0.0553166,240,0.24338,0.197194,13.9899,0.773872,28.0952
464,0.295137,0.0386,0.0124757,0.00701877,0.0489599,240,0.24338,0.197194,15.8063,0.773872,28.0952
465,0.147349,0.0386,0.215841,0.00701877,0.847049,240,0.24338,0.197194,0.91361,0.773872,28.0952
466,0.299964,0.0386,0.0268239,0.00701877,0.105268,240,0.24338,0.197194,7.35143,0.773872,28.0952
467,0.219982,0.0386,0.0445787,0.00701877,0.174945,240,0.24338,0.197194,4.42351,0.773872,28.0952
468,0.256339,0.0386,0.0910115,0.00701877,0.357167,240,0.24338,0.197194,2.16669,0.773872,28.0952
469,0.408626,0.0386,0.0512463,0.00701877,0.201112,240,0.24338,0.197194,3.84796,0.773872,28.0952
470,0.286002,0.0386,0.0414626,0.00701877,0.162716,240,0.24338,0.197194,4.75596,0.773872,28.0952
471,0.166808,0.0386,0.00694041,0.00701877,0.0272371,240,0.24338,0.197194,28.4125,0.773872,28.0952
472,0.321107,0.0386,0.0316438,0.00701877,0.124183,240,0.24338,0.197194,6.23169,0.773872,28.0952
473,0.300957,0.0386,0.0147735,0.00701877,0.0579773,240,0.24338,0.197194,13.3479,0.773872,28.0952
474,0.259678,0.0386,0.346146,0.00701877,1.35842,240,0.24338,0.197194,0.569685,0.773872,28.0952
475,0.140165,0.0386,0.078115,0.00701877,0.306556,240,0.24338,0.197194,2.52441,0.773872,28.0952
476,0.0946734,0.0386,0.0478477,0.00701877,0.187775,240,0.24338,0.197194,4.12129,0.773872,28.0952
477,0.279555,0.0386,0.0230549,0.00701877,0.090477,240,0.24338,0.197194,8.55325,0.773872,28.0952
478,0.142541,0.0386,0.477307,0.00701877,1.87315,240,0.24338,0.197194,0.413139,0.773872,28.0952
479,0.178682,0.0386,0.00231926,0.00701877,0.00910174,240,0.24338,0.197194,85.0247,0.773872,28.0952
480,0.0530569,0.0386,0.119056,0.00701877,0.467226,240,0.24338,0.197194,1.65631,0.773872,28.0952
481,0.433784,0.0386,0.077496,0.00701877,0.304127,240,0.24338,0.197194,2.54457,0.773872,28.0952
482,0.337564,0.0386,0.0200993,0.00701877,0.0788782,240,0.24338,0.197194,9.81098,0.773872,28.0952
483,0.323885,0.0386,0.0643637,0.00701877,0.25259,240,0.24338,0.197194,3.06375,0.773872,28.0952
484,0.110735,0.0386,0.0430395,0.00701877,0.168905,240,0.24338,0.197194,4.5817,0.773872,28.0952
485,0.229115,0.0386,0.0756099,0.00701877,0.296725,240,0.24338,0.197194,2.60805,0.773872,28.0952
486,0.169932,0.0386,0.0208624,0.00701877,0.0818728,240,0.24338,0.197194,9.45213,0.773872,28.0952
487,0.400874,0.0386,0.0297942,0.00701877,0.116925,240,0.24338,0.197194,6.61855,0.773872,28.0952
488,0.300804,0.0386,0.100512,0.00701877,0.394451,240,0.24338,0.197194,1.9619,0.773872,28.0952
489,0.290599,0.0386,0.0364583,0.00701877,0.143078,240,0.24338,0.197194,5.40875,0.773872,28.0952
490,0.297835,0.0386,0.0211167,0.00701877,0.0828707,240,0.24338,0.197194,9.33831,0.773872,28.0952
491,0.472792,0.0386,0.0339696,0.00701877,0.133311,240,0.24338,0.197194,5.80502,0.773872,28.0952
492,0.127899,0.0386,0.0370172,0.00701877,0.145271,240,0.24338,0.197194,5.3271,0.773872,28.0952
493,0.256269,0.0386,0.0114071,0.00701877,0.0447661,240,0.24338,0.197194,17.287,0.773872,28.0952
494,0.107388,0.0386,0.169883,0.00701877,0.666692,240,0.24338,0.197194,1.16076,0.773872,28.0952
495,0.329975,0.0386,0.0144548,0.00701877,0.0567267,240,0.24338,0.197194,13.6421,0.773872,28.0952
496,0.667344,0.0386,0.10618,0.00701877,0.416695,240,0.24338,0.197194,1.85717,0.773872,28.0952
497,0.411,0.0386,0.134958,0.00701877,0.529631,240,0.24338,0.197194,1.46115,0.773872,28.0952
498,0.0556477,0.0386,0.0456179,0.00701877,0.179024,240,0.24338,0.197194,4.32274,0.773872,28.0952
499,0.329923,0.0386,0.0596986,0.00701877,0.234282,240,0.24338,0.197194,3.30316,0.773872,28.0952
