PID,i_lum_F1_indiv,i_lum_k12(KA),i_lum_k23(Q/V),i_lum_k32(Q/VP),i_lum_k20(CL/V),total_mg_dose_per_occassion,DS,Q,V,CL,VP
0,0.445369,0.0386,0.0303517,0.00834678,0.119113,120,0.24338,0.117252,3.86312,0.460147,14.0476
1,0.157686,0.0386,0.10529,0.00834678,0.413202,120,0.24338,0.117252,1.11361,0.460147,14.0476
2,0.266688,0.0386,0.025766,0.00834678,0.101117,120,0.24338,0.117252,4.55065,0.460147,14.0476
3,0.442022,0.0386,0.0403156,0.00834678,0.158215,120,0.24338,0.117252,2.90836,0.460147,14.0476
4,0.32186,0.0386,0.00310224,0.00834678,0.0121745,120,0.24338,0.117252,37.796,0.460147,14.0476
5,0.123143,0.0386,0.0970313,0.00834678,0.380791,120,0.24338,0.117252,1.2084,0.460147,14.0476
6,0.435599,0.0386,0.0146118,0.00834678,0.0573429,120,0.24338,0.117252,8.02449,0.460147,14.0476
7,0.860966,0.0386,0.0137929,0.00834678,0.054129,120,0.24338,0.117252,8.50093,0.460147,14.0476
8,0.204731,0.0386,0.00158544,0.00834678,0.00622191,120,0.24338,0.117252,73.9559,0.460147,14.0476
9,0.0794055,0.0386,0.0105106,0.00834678,0.0412482,120,0.24338,0.117252,11.1556,0.460147,14.0476
10,0.0745626,0.0386,0.130745,0.00834678,0.513097,120,0.24338,0.117252,0.896804,0.460147,14.0476
11,0.208717,0.0386,0.0536142,0.00834678,0.210405,120,0.24338,0.117252,2.18696,0.460147,14.0476
12,0.0916106,0.0386,0.0222383,0.00834678,0.0872723,120,0.24338,0.117252,5.27254,0.460147,14.0476
13,0.560535,0.0386,0.218893,0.00834678,0.859026,120,0.24338,0.117252,0.535661,0.460147,14.0476
14,0.237738,0.0386,0.0220308,0.00834678,0.0864579,120,0.24338,0.117252,5.32221,0.460147,14.0476
15,0.287106,0.0386,0.124228,0.00834678,0.487521,120,0.24338,0.117252,0.94385,0.460147,14.0476
16,0.366698,0.0386,0.0134035,0.00834678,0.0526011,120,0.24338,0.117252,8.74787,0.460147,14.0476
17,0.228343,0.0386,0.378794,0.00834678,1.48655,120,0.24338,0.117252,0.309541,0.460147,14.0476
18,0.530113,0.0386,0.0666317,0.00834678,0.261491,120,0.24338,0.117252,1.75971,0.460147,14.0476
19,0.672051,0.0386,0.0191668,0.00834678,0.0752184,120,0.24338,0.117252,6.11748,0.460147,14.0476
20,0.292168,0.0386,0.0510735,0.00834678,0.200434,120,0.24338,0.117252,2.29576,0.460147,14.0476
21,0.424743,0.0386,0.116715,0.00834678,0.458039,120,0.24338,0.117252,1.0046,0.460147,14.0476
22,0.181445,0.0386,0.0481023,0.00834678,0.188773,120,0.24338,0.117252,2.43756,0.460147,14.0476
23,0.341239,0.0386,0.128202,0.00834678,0.503117,120,0.24338,0.117252,0.914593,0.460147,14.0476
24,0.44687,0.0386,0.0415447,0.00834678,0.163039,120,0.24338,0.117252,2.82232,0.460147,14.0476
25,0.0951547,0.0386,0.00487924,0.00834678,0.0191482,120,0.24338,0.117252,24.0308,0.460147,14.0476
26,0.376587,0.0386,0.0159751,0.00834678,0.062693,120,0.24338,0.117252,7.33969,0.460147,14.0476
27,0.133707,0.0386,0.0747612,0.00834678,0.293394,120,0.24338,0.117252,1.56836,0.460147,14.0476
28,0.606027,0.0386,0.0337725,0.00834678,0.132537,120,0.24338,0.117252,3.47183,0.460147,14.0476
29,0.0225271,0.0386,0.0184753,0.00834678,0.0725047,120,0.24338,0.117252,6.34645,0.460147,14.0476
30,0.3937,0.0386,0.0159784,0.00834678,0.0627059,120,0.24338,0.117252,7.33818,0.460147,14.0476
31,0.161484,0.0386,0.262433,0.00834678,1.0299,120,0.24338,0.117252,0.446789,0.460147,14.0476
32,0.359531,0.0386,0.0232552,0.00834678,0.0912633,120,0.24338,0.117252,5.04198,0.460147,14.0476
33,0.520508,0.0386,0.0185541,0.00834678,0.0728142,120,0.24338,0.117252,6.31948,0.460147,14.0476
34,0.399168,0.0386,0.0225632,0.00834678,0.0885476,120,0.24338,0.117252,5.19661,0.460147,14.0476
35,0.224514,0.0386,0.00971429,0.00834678,0.0381229,120,0.24338,0.117252,12.0701,0.460147,14.0476
36,0.200886,0.0386,0.0174004,0.00834678,0.0682863,120,0.24338,0.117252,6.7385,0.460147,14.0476
37,0.121176,0.0386,0.0682068,0.00834678,0.267672,120,0.24338,0.117252,1.71907,0.460147,14.0476
38,0.431382,0.0386,0.0138708,0.00834678,0.0544349,120,0.24338,0.117252,8.45317,0.460147,14.0476
39,0.281487,0.0386,0.00743599,0.00834678,0.0291819,120,0.24338,0.117252,15.7682,0.460147,14.0476
40,0.237138,0.0386,0.0498463,0.00834678,0.195618,120,0.24338,0.117252,2.35228,0.460147,14.0476
41,0.159632,0.0386,0.0264435,0.00834678,0.103775,120,0.24338,0.117252,4.43407,0.460147,14.0476
42,0.222626,0.0386,0.057105,0.00834678,0.224104,120,0.24338,0.117252,2.05328,0.460147,14.0476
43,0.556563,0.0386,0.0663417,0.00834678,0.260353,120,0.24338,0.117252,1.7674,0.460147,14.0476
44,0.386606,0.0386,0.0293041,0.00834678,0.115002,120,0.24338,0.117252,4.00123,0.460147,14.0476
45,0.217195,0.0386,0.221256,0.00834678,0.868303,120,0.24338,0.117252,0.529939,0.460147,14.0476
46,0.0754844,0.0386,0.148901,0.00834678,0.58435,120,0.24338,0.117252,0.787452,0.460147,14.0476
47,0.230922,0.0386,0.0543869,0.00834678,0.213437,120,0.24338,0.117252,2.15589,0.460147,14.0476
48,0.322362,0.0386,0.102052,0.00834678,0.400494,120,0.24338,0.117252,1.14895,0.460147,14.0476
49,0.141042,0.0386,0.0184993,0.00834678,0.0725989,120,0.24338,0.117252,6.33821,0.460147,14.0476
50,0.234111,0.0386,0.0221359,0.00834678,0.0868706,120,0.24338,0.117252,5.29693,0.460147,14.0476
51,0.525529,0.0386,0.0727732,0.00834678,0.285592,120,0.24338,0.117252,1.6112,0.460147,14.0476
52,0.367731,0.0386,0.0296861,0.00834678,0.116501,120,0.24338,0.117252,3.94974,0.460147,14.0476
53,0.160786,0.0386,0.0423037,0.00834678,0.166017,120,0.24338,0.117252,2.77168,0.460147,14.0476
54,0.304663,0.0386,0.0112718,0.00834678,0.0442355,120,0.24338,0.117252,10.4022,0.460147,14.0476
55,0.0798997,0.0386,0.0420156,0.00834678,0.164887,120,0.24338,0.117252,2.79069,0.460147,14.0476
56,0.377139,0.0386,0.0315287,0.00834678,0.123732,120,0.24338,0.117252,3.71891,0.460147,14.0476
57,0.221983,0.0386,0.356007,0.00834678,1.39712,120,0.24338,0.117252,0.329354,0.460147,14.0476
58,0.468495,0.0386,0.0168245,0.00834678,0.0660263,120,0.24338,0.117252,6.96915,0.460147,14.0476
59,0.182311,0.0386,0.0715571,0.00834678,0.28082,120,0.24338,0.117252,1.63858,0.460147,14.0476
60,0.212426,0.0386,0.164481,0.00834678,0.645494,120,0.24338,0.117252,0.712861,0.460147,14.0476
61,0.223937,0.0386,0.0669919,0.00834678,0.262904,120,0.24338,0.117252,1.75025,0.460147,14.0476
62,0.15515,0.0386,0.0725232,0.00834678,0.284611,120,0.24338,0.117252,1.61676,0.460147,14.0476
63,0.0965808,0.0386,0.0309325,0.00834678,0.121392,120,0.24338,0.117252,3.79059,0.460147,14.0476
64,0.270017,0.0386,0.0342094,0.00834678,0.134252,120,0.24338,0.117252,3.42749,0.460147,14.0476
65,0.185614,0.0386,0.0283951,0.00834678,0.111434,120,0.24338,0.117252,4.12932,0.460147,14.0476
66,0.239217,0.0386,0.0435158,0.00834678,0.170774,120,0.24338,0.117252,2.69448,0.460147,14.0476
67,0.350494,0.0386,0.0193364,0.00834678,0.0758843,120,0.24338,0.117252,6.0638,0.460147,14.0476
68,0.222374,0.0386,0.0163401,0.00834678,0.0641253,120,0.24338,0.117252,7.17575,0.460147,14.0476
69,0.109568,0.0386,0.0247203,0.00834678,0.0970128,120,0.24338,0.117252,4.74316,0.460147,14.0476
70,0.171126,0.0386,0.0566043,0.00834678,0.222139,120,0.24338,0.117252,2.07144,0.460147,14.0476
71,0.52477,0.0386,0.017252,0.00834678,0.0677042,120,0.24338,0.117252,6.79644,0.460147,14.0476
72,0.560946,0.0386,0.0151549,0.00834678,0.0594744,120,0.24338,0.117252,7.7369,0.460147,14.0476
73,0.290933,0.0386,0.0646215,0.00834678,0.253602,120,0.24338,0.117252,1.81445,0.460147,14.0476
74,0.289107,0.0386,0.0208158,0.00834678,0.08169,120,0.24338,0.117252,5.63285,0.460147,14.0476
75,0.303663,0.0386,0.136724,0.00834678,0.536564,120,0.24338,0.117252,0.857582,0.460147,14.0476
76,0.457651,0.0386,0.0246758,0.00834678,0.0968383,120,0.24338,0.117252,4.75171,0.460147,14.0476
77,0.199012,0.0386,0.0547477,0.00834678,0.214853,120,0.24338,0.117252,2.14169,0.460147,14.0476
78,0.172179,0.0386,0.0624262,0.00834678,0.244987,120,0.24338,0.117252,1.87825,0.460147,14.0476
79,0.181401,0.0386,0.0543902,0.00834678,0.21345,120,0.24338,0.117252,2.15576,0.460147,14.0476
80,0.172593,0.0386,0.0961624,0.00834678,0.377381,120,0.24338,0.117252,1.21932,0.460147,14.0476
81,0.230427,0.0386,0.029129,0.00834678,0.114314,120,0.24338,0.117252,4.02528,0.460147,14.0476
82,0.242557,0.0386,0.135596,0.00834678,0.532134,120,0.24338,0.117252,0.864721,0.460147,14.0476
83,0.14521,0.0386,0.208952,0.00834678,0.820015,120,0.24338,0.117252,0.561145,0.460147,14.0476
84,0.0839121,0.0386,0.0543017,0.00834678,0.213103,120,0.24338,0.117252,2.15928,0.460147,14.0476
85,0.205744,0.0386,0.0301624,0.00834678,0.11837,120,0.24338,0.117252,3.88737,0.460147,14.0476
86,0.170851,0.0386,0.00879096,0.00834678,0.0344994,120,0.24338,0.117252,13.3378,0.460147,14.0476
87,0.585077,0.0386,0.210731,0.00834678,0.826996,120,0.24338,0.117252,0.556408,0.460147,14.0476
88,0.0620526,0.0386,0.0131883,0.00834678,0.0517565,120,0.24338,0.117252,8.89063,0.460147,14.0476
89,0.0484275,0.0386,0.313692,0.00834678,1.23106,120,0.24338,0.117252,0.373782,0.460147,14.0476
90,0.150898,0.0386,0.133555,0.00834678,0.524124,120,0.24338,0.117252,0.877936,0.460147,14.0476
91,0.430476,0.0386,0.0644544,0.00834678,0.252946,120,0.24338,0.117252,1.81915,0.460147,14.0476
92,0.255334,0.0386,0.0222181,0.00834678,0.0871932,120,0.24338,0.117252,5.27733,0.460147,14.0476
93,0.546752,0.0386,0.0087067,0.00834678,0.0341688,120,0.24338,0.117252,13.4669,0.460147,14.0476
94,0.316833,0.0386,0.238629,0.00834678,0.936481,120,0.24338,0.117252,0.491358,0.460147,14.0476
95,0.295449,0.0386,0.0267214,0.00834678,0.104866,120,0.24338,0.117252,4.38795,0.460147,14.0476
96,0.0785779,0.0386,0.0441735,0.00834678,0.173355,120,0.24338,0.117252,2.65436,0.460147,14.0476
97,0.149532,0.0386,0.0131416,0.00834678,0.051573,120,0.24338,0.117252,8.92224,0.460147,14.0476
98,0.344661,0.0386,0.0188454,0.00834678,0.0739571,120,0.24338,0.117252,6.22181,0.460147,14.0476
99,0.465211,0.0386,0.0313046,0.00834678,0.122852,120,0.24338,0.117252,3.74553,0.460147,14.0476
100,0.151774,0.0386,0.0279582,0.00834678,0.10972,120,0.24338,0.117252,4.19384,0.460147,14.0476
101,0.288004,0.0386,0.337604,0.00834678,1.3249,120,0.24338,0.117252,0.347307,0.460147,14.0476
102,0.160036,0.0386,0.0511764,0.00834678,0.200838,120,0.24338,0.117252,2.29114,0.460147,14.0476
103,0.454508,0.0386,0.0570079,0.00834678,0.223723,120,0.24338,0.117252,2.05677,0.460147,14.0476
104,0.403163,0.0386,0.0161214,0.00834678,0.0632672,120,0.24338,0.117252,7.27308,0.460147,14.0476
105,0.262748,0.0386,0.084434,0.00834678,0.331354,120,0.24338,0.117252,1.38869,0.460147,14.0476
106,0.149139,0.0386,0.265314,0.00834678,1.0412,120,0.24338,0.117252,0.441938,0.460147,14.0476
107,0.106485,0.0386,0.0541171,0.00834678,0.212378,120,0.24338,0.117252,2.16664,0.460147,14.0476
108,0.728123,0.0386,0.064404,0.00834678,0.252748,120,0.24338,0.117252,1.82057,0.460147,14.0476
109,0.152868,0.0386,0.0237294,0.00834678,0.0931241,120,0.24338,0.117252,4.94122,0.460147,14.0476
110,0.10734,0.0386,0.220648,0.00834678,0.865914,120,0.24338,0.117252,0.531401,0.460147,14.0476
111,0.256367,0.0386,0.275861,0.00834678,1.08259,120,0.24338,0.117252,0.425042,0.460147,14.0476
112,0.163469,0.0386,0.0255217,0.00834678,0.100158,120,0.24338,0.117252,4.59422,0.460147,14.0476
113,0.387352,0.0386,0.0673717,0.00834678,0.264395,120,0.24338,0.117252,1.74038,0.460147,14.0476
114,0.322913,0.0386,0.100548,0.00834678,0.394593,120,0.24338,0.117252,1.16613,0.460147,14.0476
115,0.385762,0.0386,0.368439,0.00834678,1.44591,120,0.24338,0.117252,0.318241,0.460147,14.0476
116,0.371863,0.0386,0.00629609,0.00834678,0.0247085,120,0.24338,0.117252,18.6231,0.460147,14.0476
117,0.0902045,0.0386,0.17025,0.00834678,0.668133,120,0.24338,0.117252,0.688706,0.460147,14.0476
118,0.071951,0.0386,0.0916748,0.00834678,0.35977,120,0.24338,0.117252,1.279,0.460147,14.0476
119,0.270351,0.0386,0.109492,0.00834678,0.429692,120,0.24338,0.117252,1.07088,0.460147,14.0476
120,0.260468,0.0386,0.0338621,0.00834678,0.132889,120,0.24338,0.117252,3.46265,0.460147,14.0476
121,0.0643735,0.0386,0.0148282,0.00834678,0.058192,120,0.24338,0.117252,7.90739,0.460147,14.0476
122,0.291948,0.0386,0.0322837,0.00834678,0.126695,120,0.24338,0.117252,3.63194,0.460147,14.0476
123,0.690415,0.0386,0.0762503,0.00834678,0.299238,120,0.24338,0.117252,1.53773,0.460147,14.0476
124,0.492044,0.0386,0.06551,0.00834678,0.257089,120,0.24338,0.117252,1.78984,0.460147,14.0476
125,0.059738,0.0386,0.00660612,0.00834678,0.0259252,120,0.24338,0.117252,17.749,0.460147,14.0476
126,0.165622,0.0386,0.119663,0.00834678,0.46961,120,0.24338,0.117252,0.979851,0.460147,14.0476
127,0.0188376,0.0386,0.0356934,0.00834678,0.140076,120,0.24338,0.117252,3.28498,0.460147,14.0476
128,0.304167,0.0386,0.0372481,0.00834678,0.146177,120,0.24338,0.117252,3.14787,0.460147,14.0476
129,0.0885188,0.0386,0.0118509,0.00834678,0.046508,120,0.24338,0.117252,9.89394,0.460147,14.0476
130,0.239118,0.0386,0.607675,0.00834678,2.38477,120,0.24338,0.117252,0.192952,0.460147,14.0476
131,0.252699,0.0386,0.022134,0.00834678,0.0868629,120,0.24338,0.117252,5.2974,0.460147,14.0476
132,0.287257,0.0386,0.0423076,0.00834678,0.166033,120,0.24338,0.117252,2.77143,0.460147,14.0476
133,0.342378,0.0386,0.0550019,0.00834678,0.21585,120,0.24338,0.117252,2.13179,0.460147,14.0476
134,0.351968,0.0386,0.0844308,0.00834678,0.331342,120,0.24338,0.117252,1.38874,0.460147,14.0476
135,0.242019,0.0386,0.0598553,0.00834678,0.234897,120,0.24338,0.117252,1.95893,0.460147,14.0476
136,0.293628,0.0386,0.105658,0.00834678,0.414644,120,0.24338,0.117252,1.10974,0.460147,14.0476
137,0.278873,0.0386,0.0211536,0.00834678,0.0830155,120,0.24338,0.117252,5.54291,0.460147,14.0476
138,0.33456,0.0386,0.0375644,0.00834678,0.147419,120,0.24338,0.117252,3.12137,0.460147,14.0476
139,0.179804,0.0386,0.0108984,0.00834678,0.0427698,120,0.24338,0.117252,10.7587,0.460147,14.0476
140,0.250063,0.0386,0.0246698,0.00834678,0.0968145,120,0.24338,0.117252,4.75288,0.460147,14.0476
141,0.145045,0.0386,0.0304518,0.00834678,0.119505,120,0.24338,0.117252,3.85043,0.460147,14.0476
142,0.456411,0.0386,0.0758124,0.00834678,0.297519,120,0.24338,0.117252,1.54661,0.460147,14.0476
143,0.190387,0.0386,0.0526621,0.00834678,0.206668,120,0.24338,0.117252,2.2265,0.460147,14.0476
144,0.337255,0.0386,0.0544137,0.00834678,0.213542,120,0.24338,0.117252,2.15483,0.460147,14.0476
145,0.329015,0.0386,0.0725474,0.00834678,0.284706,120,0.24338,0.117252,1.61622,0.460147,14.0476
146,0.367186,0.0386,0.0205627,0.00834678,0.0806967,120,0.24338,0.117252,5.70218,0.460147,14.0476
147,0.114696,0.0386,0.0132049,0.00834678,0.0518216,120,0.24338,0.117252,8.87944,0.460147,14.0476
148,0.299443,0.0386,0.0210959,0.00834678,0.082789,120,0.24338,0.117252,5.55807,0.460147,14.0476
149,0.46689,0.0386,0.0159574,0.00834678,0.0626234,120,0.24338,0.117252,7.34784,0.460147,14.0476
150,0.153241,0.0386,0.00193061,0.00834678,0.00757652,120,0.24338,0.117252,60.7334,0.460147,14.0476
151,0.330292,0.0386,0.0381426,0.00834678,0.149688,120,0.24338,0.117252,3.07405,0.460147,14.0476
152,0.0737126,0.0386,0.115076,0.00834678,0.451605,120,0.24338,0.117252,1.01892,0.460147,14.0476
153,0.454892,0.0386,0.0154552,0.00834678,0.0606527,120,0.24338,0.117252,7.58659,0.460147,14.0476
154,0.14771,0.0386,0.0245308,0.00834678,0.0962691,120,0.24338,0.117252,4.7798,0.460147,14.0476
155,0.027568,0.0386,0.0190758,0.00834678,0.0748613,120,0.24338,0.117252,6.14667,0.460147,14.0476
156,0.366359,0.0386,0.0479017,0.00834678,0.187986,120,0.24338,0.117252,2.44777,0.460147,14.0476
157,0.0825974,0.0386,0.0593332,0.00834678,0.232848,120,0.24338,0.117252,1.97617,0.460147,14.0476
158,0.277381,0.0386,0.0149859,0.00834678,0.0588109,120,0.24338,0.117252,7.82418,0.460147,14.0476
159,0.113244,0.0386,0.0206239,0.00834678,0.0809368,120,0.24338,0.117252,5.68526,0.460147,14.0476
160,0.138451,0.0386,0.0885412,0.00834678,0.347473,120,0.24338,0.117252,1.32427,0.460147,14.0476
161,0.248875,0.0386,0.0654909,0.00834678,0.257014,120,0.24338,0.117252,1.79036,0.460147,14.0476
162,0.19405,0.0386,0.0422768,0.00834678,0.165912,120,0.24338,0.117252,2.77344,0.460147,14.0476
163,0.190426,0.0386,0.0644474,0.00834678,0.252919,120,0.24338,0.117252,1.81935,0.460147,14.0476
164,0.181925,0.0386,0.0205235,0.00834678,0.080543,120,0.24338,0.117252,5.71307,0.460147,14.0476
165,0.284194,0.0386,0.0245373,0.00834678,0.0962947,120,0.24338,0.117252,4.77853,0.460147,14.0476
166,0.091036,0.0386,0.0541321,0.00834678,0.212437,120,0.24338,0.117252,2.16604,0.460147,14.0476
167,0.0784653,0.0386,0.0117085,0.00834678,0.0459491,120,0.24338,0.117252,10.0143,0.460147,14.0476
168,0.320371,0.0386,0.0381661,0.00834678,0.14978,120,0.24338,0.117252,3.07216,0.460147,14.0476
169,0.161561,0.0386,0.0245867,0.00834678,0.0964885,120,0.24338,0.117252,4.76893,0.460147,14.0476
170,0.290004,0.0386,0.263041,0.00834678,1.03228,120,0.24338,0.117252,0.445757,0.460147,14.0476
171,0.219355,0.0386,0.0668863,0.00834678,0.26249,120,0.24338,0.117252,1.75301,0.460147,14.0476
172,0.294181,0.0386,0.112725,0.00834678,0.442379,120,0.24338,0.117252,1.04017,0.460147,14.0476
173,0.128468,0.0386,0.0162185,0.00834678,0.0636482,120,0.24338,0.117252,7.22954,0.460147,14.0476
174,0.126096,0.0386,0.0438311,0.00834678,0.172011,120,0.24338,0.117252,2.6751,0.460147,14.0476
175,0.327513,0.0386,0.0241005,0.00834678,0.0945806,120,0.24338,0.117252,4.86513,0.460147,14.0476
176,0.407106,0.0386,0.0600538,0.00834678,0.235676,120,0.24338,0.117252,1.95245,0.460147,14.0476
177,0.588456,0.0386,0.0275545,0.00834678,0.108135,120,0.24338,0.117252,4.25529,0.460147,14.0476
178,0.154476,0.0386,0.0900929,0.00834678,0.353562,120,0.24338,0.117252,1.30146,0.460147,14.0476
179,0.0975158,0.0386,0.0203675,0.00834678,0.0799305,120,0.24338,0.117252,5.75684,0.460147,14.0476
180,0.127555,0.0386,0.023963,0.00834678,0.094041,120,0.24338,0.117252,4.89305,0.460147,14.0476
181,0.320438,0.0386,0.0460279,0.00834678,0.180633,120,0.24338,0.117252,2.54742,0.460147,14.0476
182,0.0888265,0.0386,0.237845,0.00834678,0.933404,120,0.24338,0.117252,0.492978,0.460147,14.0476
183,0.499684,0.0386,0.0450116,0.00834678,0.176644,120,0.24338,0.117252,2.60494,0.460147,14.0476
184,0.0756025,0.0386,0.0471682,0.00834678,0.185108,120,0.24338,0.117252,2.48583,0.460147,14.0476
185,0.126354,0.0386,0.00580935,0.00834678,0.0227983,120,0.24338,0.117252,20.1834,0.460147,14.0476
186,0.143516,0.0386,0.0215822,0.00834678,0.0846976,120,0.24338,0.117252,5.43282,0.460147,14.0476
187,0.207215,0.0386,0.230848,0.00834678,0.905943,120,0.24338,0.117252,0.507921,0.460147,14.0476
188,0.225702,0.0386,0.00464737,0.00834678,0.0182382,120,0.24338,0.117252,25.2298,0.460147,14.0476
189,0.0670381,0.0386,0.276356,0.00834678,1.08454,120,0.24338,0.117252,0.42428,0.460147,14.0476
190,0.118881,0.0386,0.103781,0.00834678,0.40728,120,0.24338,0.117252,1.12981,0.460147,14.0476
191,0.248618,0.0386,0.0492074,0.00834678,0.19311,120,0.24338,0.117252,2.38282,0.460147,14.0476
192,0.417253,0.0386,0.0268938,0.00834678,0.105543,120,0.24338,0.117252,4.35982,0.460147,14.0476
193,0.0858387,0.0386,0.0348877,0.00834678,0.136914,120,0.24338,0.117252,3.36085,0.460147,14.0476
194,0.182488,0.0386,0.0230768,0.00834678,0.0905632,120,0.24338,0.117252,5.08095,0.460147,14.0476
195,0.442433,0.0386,0.048219,0.00834678,0.189231,120,0.24338,0.117252,2.43166,0.460147,14.0476
196,0.246264,0.0386,0.0650261,0.00834678,0.25519,120,0.24338,0.117252,1.80316,0.460147,14.0476
197,0.207527,0.0386,0.0292665,0.00834678,0.114854,120,0.24338,0.117252,4.00637,0.460147,14.0476
198,0.159475,0.0386,0.194544,0.00834678,0.76347,120,0.24338,0.117252,0.602705,0.460147,14.0476
199,0.167935,0.0386,0.118794,0.00834678,0.466196,120,0.24338,0.117252,0.987025,0.460147,14.0476
200,0.112858,0.0386,0.024697,0.00834678,0.0969214,120,0.24338,0.117252,4.74763,0.460147,14.0476
201,0.146553,0.0386,0.0760368,0.00834678,0.2984,120,0.24338,0.117252,1.54205,0.460147,14.0476
202,0.25417,0.0386,0.0697355,0.00834678,0.273671,120,0.24338,0.117252,1.68139,0.460147,14.0476
203,0.0591994,0.0386,0.0250437,0.00834678,0.0982821,120,0.24338,0.117252,4.6819,0.460147,14.0476
204,0.24715,0.0386,0.073855,0.00834678,0.289838,120,0.24338,0.117252,1.5876,0.460147,14.0476
205,0.272968,0.0386,0.0128649,0.00834678,0.0504874,120,0.24338,0.117252,9.1141,0.460147,14.0476
206,0.50092,0.0386,0.0583986,0.00834678,0.229181,120,0.24338,0.117252,2.00779,0.460147,14.0476
207,0.134656,0.0386,0.0205641,0.00834678,0.0807023,120,0.24338,0.117252,5.70178,0.460147,14.0476
208,0.329483,0.0386,0.0376562,0.00834678,0.147779,120,0.24338,0.117252,3.11375,0.460147,14.0476
209,0.123938,0.0386,0.0688382,0.00834678,0.27015,120,0.24338,0.117252,1.7033,0.460147,14.0476
210,0.313537,0.0386,0.0741944,0.00834678,0.29117,120,0.24338,0.117252,1.58034,0.460147,14.0476
211,0.160977,0.0386,0.0215812,0.00834678,0.0846938,120,0.24338,0.117252,5.43307,0.460147,14.0476
212,0.072176,0.0386,0.0537334,0.00834678,0.210872,120,0.24338,0.117252,2.18211,0.460147,14.0476
213,0.509768,0.0386,0.186253,0.00834678,0.730934,120,0.24338,0.117252,0.629533,0.460147,14.0476
214,0.100683,0.0386,0.0866853,0.00834678,0.340189,120,0.24338,0.117252,1.35262,0.460147,14.0476
215,0.0522908,0.0386,0.162175,0.00834678,0.636444,120,0.24338,0.117252,0.722997,0.460147,14.0476
216,0.216153,0.0386,0.00769464,0.00834678,0.030197,120,0.24338,0.117252,15.2382,0.460147,14.0476
217,0.150361,0.0386,0.0107856,0.00834678,0.0423272,120,0.24338,0.117252,10.8712,0.460147,14.0476
218,0.29357,0.0386,0.0682742,0.00834678,0.267937,120,0.24338,0.117252,1.71737,0.460147,14.0476
219,0.230593,0.0386,0.0143229,0.00834678,0.0562089,120,0.24338,0.117252,8.18637,0.460147,14.0476
220,0.865983,0.0386,0.0719484,0.00834678,0.282356,120,0.24338,0.117252,1.62967,0.460147,14.0476
221,0.0808329,0.0386,0.0149672,0.00834678,0.0587374,120,0.24338,0.117252,7.83397,0.460147,14.0476
222,0.216186,0.0386,0.022199,0.00834678,0.0871183,120,0.24338,0.117252,5.28186,0.460147,14.0476
223,0.229919,0.0386,0.0232209,0.00834678,0.0911285,120,0.24338,0.117252,5.04943,0.460147,14.0476
224,0.194032,0.0386,0.0510525,0.00834678,0.200351,120,0.24338,0.117252,2.2967,0.460147,14.0476
225,0.146514,0.0386,0.0223121,0.00834678,0.0875621,120,0.24338,0.117252,5.25509,0.460147,14.0476
226,0.778808,0.0386,0.0423786,0.00834678,0.166311,120,0.24338,0.117252,2.76678,0.460147,14.0476
227,0.223101,0.0386,0.17239,0.00834678,0.676529,120,0.24338,0.117252,0.680158,0.460147,14.0476
228,0.247886,0.0386,0.128089,0.00834678,0.502673,120,0.24338,0.117252,0.9154,0.460147,14.0476
229,0.133911,0.0386,0.00780839,0.00834678,0.0306434,120,0.24338,0.117252,15.0162,0.460147,14.0476
230,0.513049,0.0386,0.0942452,0.00834678,0.369858,120,0.24338,0.117252,1.24412,0.460147,14.0476
231,0.695072,0.0386,0.0138582,0.00834678,0.0543852,120,0.24338,0.117252,8.46088,0.460147,14.0476
232,0.2729,0.0386,0.0362661,0.00834678,0.142323,120,0.24338,0.117252,3.23311,0.460147,14.0476
233,0.54292,0.0386,0.0872239,0.00834678,0.342303,120,0.24338,0.117252,1.34427,0.460147,14.0476
234,0.330981,0.0386,0.018784,0.00834678,0.0737164,120,0.24338,0.117252,6.24213,0.460147,14.0476
235,0.175072,0.0386,0.0669871,0.00834678,0.262885,120,0.24338,0.117252,1.75037,0.460147,14.0476
236,0.283191,0.0386,0.0212458,0.00834678,0.0833772,120,0.24338,0.117252,5.51886,0.460147,14.0476
237,0.382144,0.0386,0.00595657,0.00834678,0.0233761,120,0.24338,0.117252,19.6845,0.460147,14.0476
238,0.583817,0.0386,0.0927646,0.00834678,0.364047,120,0.24338,0.117252,1.26398,0.460147,14.0476
239,0.048423,0.0386,0.0261764,0.00834678,0.102727,120,0.24338,0.117252,4.47932,0.460147,14.0476
240,0.16889,0.0386,0.0272113,0.00834678,0.106789,120,0.24338,0.117252,4.30895,0.460147,14.0476
241,0.099481,0.0386,0.0665569,0.00834678,0.261197,120,0.24338,0.117252,1.76169,0.460147,14.0476
242,0.0749056,0.0386,0.0251644,0.00834678,0.0987556,120,0.24338,0.117252,4.65945,0.460147,14.0476
243,0.400015,0.0386,0.00846446,0.00834678,0.0332181,120,0.24338,0.117252,13.8523,0.460147,14.0476
244,0.0917872,0.0386,0.0184387,0.00834678,0.0723612,120,0.24338,0.117252,6.35903,0.460147,14.0476
245,0.243273,0.0386,0.0570613,0.00834678,0.223932,120,0.24338,0.117252,2.05485,0.460147,14.0476
246,0.168039,0.0386,0.0175213,0.00834678,0.0687608,120,0.24338,0.117252,6.692,0.460147,14.0476
247,0.323738,0.0386,0.0757848,0.00834678,0.297411,120,0.24338,0.117252,1.54718,0.460147,14.0476
248,0.0821239,0.0386,0.022958,0.00834678,0.0900968,120,0.24338,0.117252,5.10725,0.460147,14.0476
249,0.323768,0.0386,0.0145655,0.00834678,0.0571613,120,0.24338,0.117252,8.04998,0.460147,14.0476
250,0.288513,0.0386,0.0190689,0.00834678,0.0748342,120,0.24338,0.117252,6.14889,0.460147,14.0476
251,0.263547,0.0386,0.0145266,0.00834678,0.0570086,120,0.24338,0.117252,8.07154,0.460147,14.0476
252,0.395201,0.0386,0.112684,0.00834678,0.442219,120,0.24338,0.117252,1.04054,0.460147,14.0476
253,0.217506,0.0386,0.0236752,0.00834678,0.0929113,120,0.24338,0.117252,4.95254,0.460147,14.0476
254,0.0576699,0.0386,0.00537885,0.00834678,0.0211089,120,0.24338,0.117252,21.7988,0.460147,14.0476
255,0.0887923,0.0386,0.0283065,0.00834678,0.111087,120,0.24338,0.117252,4.14224,0.460147,14.0476
256,0.511947,0.0386,0.0218617,0.00834678,0.0857943,120,0.24338,0.117252,5.36338,0.460147,14.0476
257,0.0896202,0.0386,0.0536326,0.00834678,0.210477,120,0.24338,0.117252,2.18621,0.460147,14.0476
258,0.758437,0.0386,0.0785107,0.00834678,0.308109,120,0.24338,0.117252,1.49346,0.460147,14.0476
259,0.204855,0.0386,0.157909,0.00834678,0.6197,120,0.24338,0.117252,0.742532,0.460147,14.0476
260,0.686795,0.0386,0.025609,0.00834678,0.1005,120,0.24338,0.117252,4.57856,0.460147,14.0476
261,0.245221,0.0386,0.0259656,0.00834678,0.1019,120,0.24338,0.117252,4.51568,0.460147,14.0476
262,0.609914,0.0386,0.00665121,0.00834678,0.0261021,120,0.24338,0.117252,17.6287,0.460147,14.0476
263,0.431108,0.0386,0.0316801,0.00834678,0.124326,120,0.24338,0.117252,3.70114,0.460147,14.0476
264,0.257136,0.0386,0.026955,0.00834678,0.105783,120,0.24338,0.117252,4.34993,0.460147,14.0476
265,0.458735,0.0386,0.143034,0.00834678,0.561324,120,0.24338,0.117252,0.819753,0.460147,14.0476
266,0.7145,0.0386,0.239953,0.00834678,0.941678,120,0.24338,0.117252,0.488646,0.460147,14.0476
267,0.280674,0.0386,0.148497,0.00834678,0.582765,120,0.24338,0.117252,0.789594,0.460147,14.0476
268,0.355974,0.0386,0.0381485,0.00834678,0.149711,120,0.24338,0.117252,3.07357,0.460147,14.0476
269,0.306783,0.0386,0.233303,0.00834678,0.915578,120,0.24338,0.117252,0.502575,0.460147,14.0476
270,0.278817,0.0386,0.03719,0.00834678,0.145949,120,0.24338,0.117252,3.15279,0.460147,14.0476
271,0.424826,0.0386,0.0234652,0.00834678,0.0920871,120,0.24338,0.117252,4.99687,0.460147,14.0476
272,0.232331,0.0386,0.0135621,0.00834678,0.0532234,120,0.24338,0.117252,8.64558,0.460147,14.0476
273,0.468794,0.0386,0.0204292,0.00834678,0.0801727,120,0.24338,0.117252,5.73945,0.460147,14.0476
274,0.217548,0.0386,0.00846652,0.00834678,0.0332262,120,0.24338,0.117252,13.8489,0.460147,14.0476
275,0.115679,0.0386,0.124674,0.00834678,0.489272,120,0.24338,0.117252,0.940473,0.460147,14.0476
276,0.213542,0.0386,0.224959,0.00834678,0.882834,120,0.24338,0.117252,0.521216,0.460147,14.0476
277,0.353709,0.0386,0.0730966,0.00834678,0.286862,120,0.24338,0.117252,1.60407,0.460147,14.0476
278,0.227854,0.0386,0.134782,0.00834678,0.528942,120,0.24338,0.117252,0.869939,0.460147,14.0476
279,0.326678,0.0386,0.0186169,0.00834678,0.0730607,120,0.24338,0.117252,6.29815,0.460147,14.0476
280,0.177423,0.0386,0.0182005,0.00834678,0.0714263,120,0.24338,0.117252,6.44227,0.460147,14.0476
281,0.402056,0.0386,0.0320618,0.00834678,0.125824,120,0.24338,0.117252,3.65707,0.460147,14.0476
282,0.123335,0.0386,0.331704,0.00834678,1.30175,120,0.24338,0.117252,0.353485,0.460147,14.0476
283,0.437468,0.0386,0.00865645,0.00834678,0.0339715,120,0.24338,0.117252,13.5451,0.460147,14.0476
284,0.200397,0.0386,0.215249,0.00834678,0.844729,120,0.24338,0.117252,0.544728,0.460147,14.0476
285,0.101259,0.0386,0.170309,0.00834678,0.668364,120,0.24338,0.117252,0.688468,0.460147,14.0476
286,0.480912,0.0386,0.0583056,0.00834678,0.228815,120,0.24338,0.117252,2.011,0.460147,14.0476
287,0.0301399,0.0386,0.0741154,0.00834678,0.29086,120,0.24338,0.117252,1.58202,0.460147,14.0476
288,0.0562565,0.0386,0.0125175,0.00834678,0.0491241,120,0.24338,0.117252,9.36704,0.460147,14.0476
289,0.0986577,0.0386,0.0971461,0.00834678,0.381242,120,0.24338,0.117252,1.20697,0.460147,14.0476
290,0.161914,0.0386,0.13643,0.00834678,0.535408,120,0.24338,0.117252,0.859432,0.460147,14.0476
291,0.169291,0.0386,0.00979938,0.00834678,0.0384569,120,0.24338,0.117252,11.9653,0.460147,14.0476
292,0.362278,0.0386,0.0498015,0.00834678,0.195442,120,0.24338,0.117252,2.35439,0.460147,14.0476
293,0.302532,0.0386,0.0805219,0.00834678,0.316002,120,0.24338,0.117252,1.45615,0.460147,14.0476
294,0.0913881,0.0386,0.231759,0.00834678,0.909521,120,0.24338,0.117252,0.505923,0.460147,14.0476
295,0.202188,0.0386,0.0248218,0.00834678,0.0974112,120,0.24338,0.117252,4.72376,0.460147,14.0476
296,0.0551954,0.0386,0.0404791,0.00834678,0.158857,120,0.24338,0.117252,2.89661,0.460147,14.0476
297,0.518093,0.0386,0.0758988,0.00834678,0.297858,120,0.24338,0.117252,1.54485,0.460147,14.0476
298,0.278599,0.0386,0.0300632,0.00834678,0.117981,120,0.24338,0.117252,3.9002,0.460147,14.0476
299,0.470281,0.0386,0.0703277,0.00834678,0.275995,120,0.24338,0.117252,1.66723,0.460147,14.0476
300,0.10449,0.0386,0.0367188,0.00834678,0.1441,120,0.24338,0.117252,3.19325,0.460147,14.0476
301,0.34955,0.0386,0.0676926,0.00834678,0.265654,120,0.24338,0.117252,1.73213,0.460147,14.0476
302,0.141588,0.0386,0.0590298,0.00834678,0.231658,120,0.24338,0.117252,1.98633,0.460147,14.0476
303,0.43052,0.0386,0.10259,0.00834678,0.402608,120,0.24338,0.117252,1.14292,0.460147,14.0476
304,0.0879621,0.0386,0.0491095,0.00834678,0.192726,120,0.24338,0.117252,2.38757,0.460147,14.0476
305,0.664714,0.0386,0.0491471,0.00834678,0.192874,120,0.24338,0.117252,2.38574,0.460147,14.0476
306,0.394091,0.0386,0.00704521,0.00834678,0.0276483,120,0.24338,0.117252,16.6428,0.460147,14.0476
307,0.218422,0.0386,0.010378,0.00834678,0.0407277,120,0.24338,0.117252,11.2981,0.460147,14.0476
308,0.261794,0.0386,0.0137633,0.00834678,0.0540129,120,0.24338,0.117252,8.51921,0.460147,14.0476
309,0.353778,0.0386,0.291246,0.00834678,1.14297,120,0.24338,0.117252,0.402588,0.460147,14.0476
310,0.819795,0.0386,0.147505,0.00834678,0.578871,120,0.24338,0.117252,0.794904,0.460147,14.0476
311,0.265653,0.0386,0.0580725,0.00834678,0.227901,120,0.24338,0.117252,2.01907,0.460147,14.0476
312,0.23758,0.0386,0.164277,0.00834678,0.644691,120,0.24338,0.117252,0.713748,0.460147,14.0476
313,0.0720748,0.0386,0.039272,0.00834678,0.15412,120,0.24338,0.117252,2.98565,0.460147,14.0476
314,0.333062,0.0386,0.0969821,0.00834678,0.380598,120,0.24338,0.117252,1.20901,0.460147,14.0476
315,0.172454,0.0386,0.145177,0.00834678,0.569736,120,0.24338,0.117252,0.807651,0.460147,14.0476
316,0.240191,0.0386,0.0290132,0.00834678,0.11386,120,0.24338,0.117252,4.04134,0.460147,14.0476
317,0.276787,0.0386,0.0278183,0.00834678,0.109171,120,0.24338,0.117252,4.21494,0.460147,14.0476
318,0.133615,0.0386,0.0491126,0.00834678,0.192738,120,0.24338,0.117252,2.38742,0.460147,14.0476
319,0.385489,0.0386,0.0269524,0.00834678,0.105772,120,0.24338,0.117252,4.35035,0.460147,14.0476
320,0.55745,0.0386,0.0201622,0.00834678,0.0791249,120,0.24338,0.117252,5.81545,0.460147,14.0476
321,0.268501,0.0386,0.113094,0.00834678,0.443826,120,0.24338,0.117252,1.03677,0.460147,14.0476
322,0.266327,0.0386,0.0211108,0.00834678,0.0828475,120,0.24338,0.117252,5.55415,0.460147,14.0476
323,0.152253,0.0386,0.0651534,0.00834678,0.255689,120,0.24338,0.117252,1.79964,0.460147,14.0476
324,0.391318,0.0386,0.0606431,0.00834678,0.237989,120,0.24338,0.117252,1.93348,0.460147,14.0476
325,0.10747,0.0386,0.0567057,0.00834678,0.222537,120,0.24338,0.117252,2.06773,0.460147,14.0476
326,0.324845,0.0386,0.0143761,0.00834678,0.056418,120,0.24338,0.117252,8.15603,0.460147,14.0476
327,0.102954,0.0386,0.0239398,0.00834678,0.0939496,120,0.24338,0.117252,4.89781,0.460147,14.0476
328,0.18802,0.0386,0.00921136,0.00834678,0.0361492,120,0.24338,0.117252,12.7291,0.460147,14.0476
329,0.200125,0.0386,0.0336625,0.00834678,0.132106,120,0.24338,0.117252,3.48317,0.460147,14.0476
330,0.108344,0.0386,0.170751,0.00834678,0.6701,120,0.24338,0.117252,0.686684,0.460147,14.0476
331,0.124934,0.0386,0.0276628,0.00834678,0.108561,120,0.24338,0.117252,4.23862,0.460147,14.0476
332,0.441964,0.0386,0.10513,0.00834678,0.412573,120,0.24338,0.117252,1.11531,0.460147,14.0476
333,0.135458,0.0386,0.0198194,0.00834678,0.0777797,120,0.24338,0.117252,5.91603,0.460147,14.0476
334,0.220187,0.0386,0.0389049,0.00834678,0.152679,120,0.24338,0.117252,3.01382,0.460147,14.0476
335,0.285381,0.0386,0.0644054,0.00834678,0.252754,120,0.24338,0.117252,1.82053,0.460147,14.0476
336,0.896291,0.0386,0.372328,0.00834678,1.46117,120,0.24338,0.117252,0.314917,0.460147,14.0476
337,0.126963,0.0386,0.0103789,0.00834678,0.040731,120,0.24338,0.117252,11.2972,0.460147,14.0476
338,0.0784118,0.0386,0.0114239,0.00834678,0.0448323,120,0.24338,0.117252,10.2637,0.460147,14.0476
339,0.0409501,0.0386,0.0244927,0.00834678,0.0961196,120,0.24338,0.117252,4.78724,0.460147,14.0476
340,0.113271,0.0386,0.013668,0.00834678,0.0536389,120,0.24338,0.117252,8.5786,0.460147,14.0476
341,0.280287,0.0386,0.000866308,0.00834678,0.00339975,120,0.24338,0.117252,135.347,0.460147,14.0476
342,0.208461,0.0386,0.0211047,0.00834678,0.0828236,120,0.24338,0.117252,5.55575,0.460147,14.0476
343,0.14258,0.0386,0.0129276,0.00834678,0.0507334,120,0.24338,0.117252,9.06991,0.460147,14.0476
344,0.146786,0.0386,0.385162,0.00834678,1.51154,120,0.24338,0.117252,0.304424,0.460147,14.0476
345,0.31592,0.0386,0.0386888,0.00834678,0.151831,120,0.24338,0.117252,3.03066,0.460147,14.0476
346,0.442157,0.0386,0.00467454,0.00834678,0.0183448,120,0.24338,0.117252,25.0832,0.460147,14.0476
347,0.202151,0.0386,0.0640115,0.00834678,0.251208,120,0.24338,0.117252,1.83174,0.460147,14.0476
348,0.192657,0.0386,0.0265069,0.00834678,0.104024,120,0.24338,0.117252,4.42346,0.460147,14.0476
349,0.233159,0.0386,0.460964,0.00834678,1.80902,120,0.24338,0.117252,0.254363,0.460147,14.0476
350,0.134165,0.0386,0.0530418,0.00834678,0.208158,120,0.24338,0.117252,2.21056,0.460147,14.0476
351,0.247124,0.0386,0.0150941,0.00834678,0.0592356,120,0.24338,0.117252,7.76809,0.460147,14.0476
352,0.58724,0.0386,0.0887409,0.00834678,0.348256,120,0.24338,0.117252,1.32129,0.460147,14.0476
353,0.262773,0.0386,0.121603,0.00834678,0.47722,120,0.24338,0.117252,0.964224,0.460147,14.0476
354,0.407114,0.0386,0.150326,0.00834678,0.58994,120,0.24338,0.117252,0.77999,0.460147,14.0476
355,0.244729,0.0386,0.0655289,0.00834678,0.257163,120,0.24338,0.117252,1.78932,0.460147,14.0476
356,0.155308,0.0386,0.218614,0.00834678,0.857931,120,0.24338,0.117252,0.536345,0.460147,14.0476
357,0.0691965,0.0386,0.0483961,0.00834678,0.189926,120,0.24338,0.117252,2.42277,0.460147,14.0476
358,0.218388,0.0386,0.0458327,0.00834678,0.179867,120,0.24338,0.117252,2.55827,0.460147,14.0476
359,0.254634,0.0386,0.0704694,0.00834678,0.276551,120,0.24338,0.117252,1.66388,0.460147,14.0476
360,0.189338,0.0386,0.0629176,0.00834678,0.246915,120,0.24338,0.117252,1.86359,0.460147,14.0476
361,0.0872926,0.0386,0.168846,0.00834678,0.662624,120,0.24338,0.117252,0.694432,0.460147,14.0476
362,0.444898,0.0386,0.0337574,0.00834678,0.132478,120,0.24338,0.117252,3.47338,0.460147,14.0476
363,0.666297,0.0386,0.00613094,0.00834678,0.0240604,120,0.24338,0.117252,19.1247,0.460147,14.0476
364,0.270127,0.0386,0.062392,0.00834678,0.244852,120,0.24338,0.117252,1.87929,0.460147,14.0476
365,0.172872,0.0386,0.0194028,0.00834678,0.0761446,120,0.24338,0.117252,6.04307,0.460147,14.0476
366,0.836381,0.0386,0.0753351,0.00834678,0.295647,120,0.24338,0.117252,1.55641,0.460147,14.0476
367,0.112573,0.0386,0.296238,0.00834678,1.16256,120,0.24338,0.117252,0.395805,0.460147,14.0476
368,0.143076,0.0386,0.0231864,0.00834678,0.090993,120,0.24338,0.117252,5.05695,0.460147,14.0476
369,0.2516,0.0386,0.010533,0.00834678,0.041336,120,0.24338,0.117252,11.1319,0.460147,14.0476
370,0.476366,0.0386,0.045298,0.00834678,0.177768,120,0.24338,0.117252,2.58847,0.460147,14.0476
371,0.133556,0.0386,0.0181565,0.00834678,0.0712537,120,0.24338,0.117252,6.45787,0.460147,14.0476
372,0.393076,0.0386,0.0266405,0.00834678,0.104548,120,0.24338,0.117252,4.40129,0.460147,14.0476
373,0.175013,0.0386,0.0207883,0.00834678,0.081582,120,0.24338,0.117252,5.6403,0.460147,14.0476
374,0.270781,0.0386,0.0135567,0.00834678,0.0532021,120,0.24338,0.117252,8.64905,0.460147,14.0476
375,0.310133,0.0386,0.0438117,0.00834678,0.171935,120,0.24338,0.117252,2.67628,0.460147,14.0476
376,0.534791,0.0386,0.134156,0.00834678,0.526483,120,0.24338,0.117252,0.874001,0.460147,14.0476
377,0.107868,0.0386,0.0132495,0.00834678,0.0519964,120,0.24338,0.117252,8.8496,0.460147,14.0476
378,0.137002,0.0386,0.0285458,0.00834678,0.112026,120,0.24338,0.117252,4.10752,0.460147,14.0476
379,0.353448,0.0386,0.0851324,0.00834678,0.334095,120,0.24338,0.117252,1.37729,0.460147,14.0476
380,0.387149,0.0386,0.0225966,0.00834678,0.0886784,120,0.24338,0.117252,5.18894,0.460147,14.0476
381,0.434345,0.0386,0.0282082,0.00834678,0.110701,120,0.24338,0.117252,4.15668,0.460147,14.0476
382,0.128572,0.0386,0.0738065,0.00834678,0.289648,120,0.24338,0.117252,1.58864,0.460147,14.0476
383,0.317324,0.0386,0.107807,0.00834678,0.42308,120,0.24338,0.117252,1.08761,0.460147,14.0476
384,0.112282,0.0386,0.0405454,0.00834678,0.159117,120,0.24338,0.117252,2.89187,0.460147,14.0476
385,0.198623,0.0386,0.115219,0.00834678,0.452168,120,0.24338,0.117252,1.01765,0.460147,14.0476
386,0.506886,0.0386,0.115701,0.00834678,0.45406,120,0.24338,0.117252,1.01341,0.460147,14.0476
387,0.279832,0.0386,0.052337,0.00834678,0.205392,120,0.24338,0.117252,2.24033,0.460147,14.0476
388,0.234394,0.0386,0.0177543,0.00834678,0.0696752,120,0.24338,0.117252,6.60418,0.460147,14.0476
389,0.262463,0.0386,0.266804,0.00834678,1.04705,120,0.24338,0.117252,0.43947,0.460147,14.0476
390,0.410399,0.0386,0.0524025,0.00834678,0.205649,120,0.24338,0.117252,2.23753,0.460147,14.0476
391,0.266222,0.0386,0.0513553,0.00834678,0.20154,120,0.24338,0.117252,2.28316,0.460147,14.0476
392,0.0466363,0.0386,0.107139,0.00834678,0.420457,120,0.24338,0.117252,1.0944,0.460147,14.0476
393,0.167502,0.0386,0.0435929,0.00834678,0.171077,120,0.24338,0.117252,2.68971,0.460147,14.0476
394,0.029798,0.0386,0.0174955,0.00834678,0.0686597,120,0.24338,0.117252,6.70185,0.460147,14.0476
395,0.276647,0.0386,0.0640251,0.00834678,0.251261,120,0.24338,0.117252,1.83135,0.460147,14.0476
396,0.085735,0.0386,0.0416165,0.00834678,0.16332,120,0.24338,0.117252,2.81745,0.460147,14.0476
397,0.494231,0.0386,0.0271385,0.00834678,0.106503,120,0.24338,0.117252,4.32052,0.460147,14.0476
398,0.216761,0.0386,0.143049,0.00834678,0.561386,120,0.24338,0.117252,0.819663,0.460147,14.0476
399,0.259619,0.0386,0.0194645,0.00834678,0.076387,120,0.24338,0.117252,6.0239,0.460147,14.0476
400,0.220643,0.0386,0.0621112,0.00834678,0.24375,120,0.24338,0.117252,1.88778,0.460147,14.0476
401,0.154066,0.0386,0.0899592,0.00834678,0.353037,120,0.24338,0.117252,1.30339,0.460147,14.0476
402,0.128705,0.0386,0.232496,0.00834678,0.912413,120,0.24338,0.117252,0.504319,0.460147,14.0476
403,0.324369,0.0386,0.0864922,0.00834678,0.339432,120,0.24338,0.117252,1.35564,0.460147,14.0476
404,0.26918,0.0386,0.322345,0.00834678,1.26502,120,0.24338,0.117252,0.363748,0.460147,14.0476
405,0.152857,0.0386,0.0119236,0.00834678,0.046793,120,0.24338,0.117252,9.83367,0.460147,14.0476
406,0.303003,0.0386,0.047547,0.00834678,0.186594,120,0.24338,0.117252,2.46603,0.460147,14.0476
407,0.119469,0.0386,0.01371,0.00834678,0.0538038,120,0.24338,0.117252,8.55232,0.460147,14.0476
408,0.0663122,0.0386,0.0424637,0.00834678,0.166645,120,0.24338,0.117252,2.76124,0.460147,14.0476
409,0.207032,0.0386,0.100867,0.00834678,0.395845,120,0.24338,0.117252,1.16244,0.460147,14.0476
410,0.319323,0.0386,0.166282,0.00834678,0.652559,120,0.24338,0.117252,0.705142,0.460147,14.0476
411,0.0686841,0.0386,0.673349,0.00834678,2.6425,120,0.24338,0.117252,0.174133,0.460147,14.0476
412,0.302817,0.0386,0.0787214,0.00834678,0.308936,120,0.24338,0.117252,1.48946,0.460147,14.0476
413,0.194764,0.0386,0.178945,0.00834678,0.702256,120,0.24338,0.117252,0.655242,0.460147,14.0476
414,0.339397,0.0386,0.0288756,0.00834678,0.11332,120,0.24338,0.117252,4.0606,0.460147,14.0476
415,0.584193,0.0386,0.157159,0.00834678,0.616758,120,0.24338,0.117252,0.746074,0.460147,14.0476
416,0.114875,0.0386,0.321689,0.00834678,1.26244,120,0.24338,0.117252,0.364489,0.460147,14.0476
417,0.239484,0.0386,0.0330064,0.00834678,0.129531,120,0.24338,0.117252,3.55242,0.460147,14.0476
418,0.367481,0.0386,0.0496453,0.00834678,0.194829,120,0.24338,0.117252,2.3618,0.460147,14.0476
419,0.35029,0.0386,0.0490981,0.00834678,0.192681,120,0.24338,0.117252,2.38812,0.460147,14.0476
420,0.251096,0.0386,0.061213,0.00834678,0.240225,120,0.24338,0.117252,1.91548,0.460147,14.0476
421,0.217878,0.0386,0.00354233,0.00834678,0.0139016,120,0.24338,0.117252,33.1004,0.460147,14.0476
422,0.304744,0.0386,0.00599209,0.00834678,0.0235155,120,0.24338,0.117252,19.5679,0.460147,14.0476
423,0.425933,0.0386,0.113461,0.00834678,0.44527,120,0.24338,0.117252,1.03341,0.460147,14.0476
424,0.254781,0.0386,0.143665,0.00834678,0.5638,120,0.24338,0.117252,0.816153,0.460147,14.0476
425,0.312364,0.0386,0.0951338,0.00834678,0.373345,120,0.24338,0.117252,1.2325,0.460147,14.0476
426,0.317674,0.0386,0.0931025,0.00834678,0.365373,120,0.24338,0.117252,1.25939,0.460147,14.0476
427,0.20138,0.0386,0.0970571,0.00834678,0.380893,120,0.24338,0.117252,1.20808,0.460147,14.0476
428,0.492548,0.0386,0.00375353,0.00834678,0.0147304,120,0.24338,0.117252,31.2379,0.460147,14.0476
429,0.302272,0.0386,0.0663992,0.00834678,0.260578,120,0.24338,0.117252,1.76587,0.460147,14.0476
430,0.438736,0.0386,0.051524,0.00834678,0.202202,120,0.24338,0.117252,2.27568,0.460147,14.0476
431,0.250378,0.0386,0.185091,0.00834678,0.726373,120,0.24338,0.117252,0.633486,0.460147,14.0476
432,0.168798,0.0386,0.00295997,0.00834678,0.0116162,120,0.24338,0.117252,39.6127,0.460147,14.0476
433,0.10806,0.0386,0.200133,0.00834678,0.785406,120,0.24338,0.117252,0.585872,0.460147,14.0476
434,0.112375,0.0386,0.182092,0.00834678,0.714603,120,0.24338,0.117252,0.64392,0.460147,14.0476
435,0.175315,0.0386,0.10189,0.00834678,0.39986,120,0.24338,0.117252,1.15077,0.460147,14.0476
436,0.298199,0.0386,0.115047,0.00834678,0.451492,120,0.24338,0.117252,1.01917,0.460147,14.0476
437,0.130254,0.0386,0.0782675,0.00834678,0.307154,120,0.24338,0.117252,1.4981,0.460147,14.0476
438,0.148762,0.0386,0.217095,0.00834678,0.851971,120,0.24338,0.117252,0.540097,0.460147,14.0476
439,0.179369,0.0386,0.0543938,0.00834678,0.213464,120,0.24338,0.117252,2.15562,0.460147,14.0476
440,0.198673,0.0386,0.0474193,0.00834678,0.186093,120,0.24338,0.117252,2.47267,0.460147,14.0476
441,0.138313,0.0386,0.00839433,0.00834678,0.0329429,120,0.24338,0.117252,13.968,0.460147,14.0476
442,0.188464,0.0386,0.0672023,0.00834678,0.26373,120,0.24338,0.117252,1.74477,0.460147,14.0476
443,0.234261,0.0386,0.0442184,0.00834678,0.173532,120,0.24338,0.117252,2.65166,0.460147,14.0476
444,0.240429,0.0386,0.00715326,0.00834678,0.0280724,120,0.24338,0.117252,16.3915,0.460147,14.0476
445,0.501515,0.0386,0.0130921,0.00834678,0.051379,120,0.24338,0.117252,8.95594,0.460147,14.0476
446,0.525398,0.0386,0.0402382,0.00834678,0.157911,120,0.24338,0.117252,2.91396,0.460147,14.0476
447,0.136384,0.0386,0.0459951,0.00834678,0.180504,120,0.24338,0.117252,2.54923,0.460147,14.0476
448,0.11965,0.0386,0.218538,0.00834678,0.857636,120,0.24338,0.117252,0.53653,0.460147,14.0476
449,0.413339,0.0386,0.116582,0.00834678,0.457517,120,0.24338,0.117252,1.00575,0.460147,14.0476
450,0.110094,0.0386,0.0149508,0.00834678,0.0586733,120,0.24338,0.117252,7.84254,0.460147,14.0476
451,0.0858992,0.0386,0.0146349,0.00834678,0.0574333,120,0.24338,0.117252,8.01185,0.460147,14.0476
452,0.184747,0.0386,0.010472,0.00834678,0.0410963,120,0.24338,0.117252,11.1968,0.460147,14.0476
453,0.377556,0.0386,0.0417627,0.00834678,0.163894,120,0.24338,0.117252,2.80759,0.460147,14.0476
454,0.12715,0.0386,0.0771275,0.00834678,0.30268,120,0.24338,0.117252,1.52024,0.460147,14.0476
455,0.237606,0.0386,0.0224943,0.00834678,0.0882772,120,0.24338,0.117252,5.21253,0.460147,14.0476
456,0.117046,0.0386,0.169595,0.00834678,0.665562,120,0.24338,0.117252,0.691366,0.460147,14.0476
457,0.214713,0.0386,0.0327761,0.00834678,0.128627,120,0.24338,0.117252,3.57737,0.460147,14.0476
458,0.24859,0.0386,0.0680745,0.00834678,0.267153,120,0.24338,0.117252,1.72241,0.460147,14.0476
459,0.106369,0.0386,0.0157394,0.00834678,0.0617681,120,0.24338,0.117252,7.44959,0.460147,14.0476
460,0.289815,0.0386,0.0699255,0.00834678,0.274417,120,0.24338,0.117252,1.67682,0.460147,14.0476
461,0.0930387,0.0386,0.00443839,0.00834678,0.0174181,120,0.24338,0.117252,26.4178,0.460147,14.0476
462,0.299401,0.0386,0.0790834,0.00834678,0.310357,120,0.24338,0.117252,1.48264,0.460147,14.0476
463,0.16466,0.0386,0.0130713,0.00834678,0.0512972,120,0.24338,0.117252,8.97023,0.460147,14.0476
464,0.18008,0.0386,0.0691856,0.00834678,0.271513,120,0.24338,0.117252,1.69475,0.460147,14.0476
465,0.268073,0.0386,0.0253014,0.00834678,0.0992931,120,0.24338,0.117252,4.63423,0.460147,14.0476
466,0.106862,0.0386,0.126206,0.00834678,0.495286,120,0.24338,0.117252,0.929054,0.460147,14.0476
467,0.468108,0.0386,0.065824,0.00834678,0.258321,120,0.24338,0.117252,1.7813,0.460147,14.0476
468,0.145881,0.0386,0.0749115,0.00834678,0.293984,120,0.24338,0.117252,1.56521,0.460147,14.0476
469,0.0748731,0.0386,0.0276148,0.00834678,0.108372,120,0.24338,0.117252,4.246,0.460147,14.0476
470,0.210547,0.0386,0.0391493,0.00834678,0.153638,120,0.24338,0.117252,2.99501,0.460147,14.0476
471,0.141158,0.0386,0.0443997,0.00834678,0.174243,120,0.24338,0.117252,2.64083,0.460147,14.0476
472,0.228035,0.0386,0.195659,0.00834678,0.767848,120,0.24338,0.117252,0.599269,0.460147,14.0476
473,0.185453,0.0386,0.00994618,0.00834678,0.039033,120,0.24338,0.117252,11.7887,0.460147,14.0476
474,0.196396,0.0386,0.0333018,0.00834678,0.13069,120,0.24338,0.117252,3.5209,0.460147,14.0476
475,0.30962,0.0386,0.0562334,0.00834678,0.220683,120,0.24338,0.117252,2.0851,0.460147,14.0476
476,0.573918,0.0386,0.0812885,0.00834678,0.31901,120,0.24338,0.117252,1.44242,0.460147,14.0476
477,0.334267,0.0386,0.0185206,0.00834678,0.0726824,120,0.24338,0.117252,6.33093,0.460147,14.0476
478,0.982281,0.0386,0.012656,0.00834678,0.0496676,120,0.24338,0.117252,9.26453,0.460147,14.0476
479,0.134437,0.0386,0.0989208,0.00834678,0.388207,120,0.24338,0.117252,1.18532,0.460147,14.0476
480,0.129092,0.0386,0.0351598,0.00834678,0.137982,120,0.24338,0.117252,3.33484,0.460147,14.0476
481,0.472638,0.0386,0.0490556,0.00834678,0.192515,120,0.24338,0.117252,2.39019,0.460147,14.0476
482,0.116483,0.0386,0.0571624,0.00834678,0.224329,120,0.24338,0.117252,2.05122,0.460147,14.0476
483,0.4026,0.0386,0.235933,0.00834678,0.925898,120,0.24338,0.117252,0.496974,0.460147,14.0476
484,0.540747,0.0386,0.0837315,0.00834678,0.328597,120,0.24338,0.117252,1.40034,0.460147,14.0476
485,0.118227,0.0386,0.0282537,0.00834678,0.110879,120,0.24338,0.117252,4.14998,0.460147,14.0476
486,0.36744,0.0386,0.0493088,0.00834678,0.193508,120,0.24338,0.117252,2.37792,0.460147,14.0476
487,0.0261472,0.0386,0.0623369,0.00834678,0.244636,120,0.24338,0.117252,1.88095,0.460147,14.0476
488,0.54138,0.0386,0.0140207,0.00834678,0.0550233,120,0.24338,0.117252,8.36277,0.460147,14.0476
489,0.620002,0.0386,0.024267,0.00834678,0.0952339,120,0.24338,0.117252,4.83176,0.460147,14.0476
490,0.270774,0.0386,0.0217281,0.00834678,0.08527,120,0.24338,0.117252,5.39635,0.460147,14.0476
491,0.324919,0.0386,0.0873029,0.00834678,0.342613,120,0.24338,0.117252,1.34305,0.460147,14.0476
492,0.286953,0.0386,0.0781075,0.00834678,0.306527,120,0.24338,0.117252,1.50117,0.460147,14.0476
493,0.351076,0.0386,0.133643,0.00834678,0.52447,120,0.24338,0.117252,0.877357,0.460147,14.0476
494,0.310295,0.0386,0.0124398,0.00834678,0.0488191,120,0.24338,0.117252,9.42555,0.460147,14.0476
495,0.253686,0.0386,0.130372,0.00834678,0.511635,120,0.24338,0.117252,0.899366,0.460147,14.0476
496,0.0840348,0.0386,0.0872339,0.00834678,0.342342,120,0.24338,0.117252,1.34411,0.460147,14.0476
497,0.272618,0.0386,0.013714,0.00834678,0.0538193,120,0.24338,0.117252,8.54985,0.460147,14.0476
498,0.31949,0.0386,0.00413287,0.00834678,0.0162191,120,0.24338,0.117252,28.3707,0.460147,14.0476
499,0.240988,0.0386,0.0312563,0.00834678,0.122663,120,0.24338,0.117252,3.75132,0.460147,14.0476
