PID,i_lum_F1_indiv,i_lum_k12(KA),i_lum_k23(Q/V),i_lum_k32(Q/VP),i_lum_k20(CL/V),total_mg_dose_per_occassion,DS,Q,V,CL,VP
0,0.298325,0.0386,0.0130454,0.00558183,0.0511958,480,0.286776,0.392057,30.0531,1.53859,70.2381
1,0.476688,0.0386,0.0660522,0.00558183,0.259216,480,0.286776,0.392057,5.93556,1.53859,70.2381
2,0.269397,0.0386,0.0172623,0.00558183,0.0677443,480,0.286776,0.392057,22.7118,1.53859,70.2381
3,0.114695,0.0386,0.120169,0.00558183,0.471593,480,0.286776,0.392057,3.26255,1.53859,70.2381
4,0.207778,0.0386,0.0175549,0.00558183,0.0688929,480,0.286776,0.392057,22.3331,1.53859,70.2381
5,0.189104,0.0386,0.0580343,0.00558183,0.227751,480,0.286776,0.392057,6.75561,1.53859,70.2381
6,0.35171,0.0386,0.0192099,0.00558183,0.0753879,480,0.286776,0.392057,20.4091,1.53859,70.2381
7,0.674621,0.0386,0.181081,0.00558183,0.710639,480,0.286776,0.392057,2.16509,1.53859,70.2381
8,0.398483,0.0386,0.0374687,0.00558183,0.147043,480,0.286776,0.392057,10.4636,1.53859,70.2381
9,0.0827901,0.0386,0.0172074,0.00558183,0.0675289,480,0.286776,0.392057,22.7842,1.53859,70.2381
10,0.246659,0.0386,0.0295218,0.00558183,0.115856,480,0.286776,0.392057,13.2802,1.53859,70.2381
11,0.308391,0.0386,0.174633,0.00558183,0.685331,480,0.286776,0.392057,2.24504,1.53859,70.2381
12,0.166533,0.0386,0.0265866,0.00558183,0.104337,480,0.286776,0.392057,14.7464,1.53859,70.2381
13,0.280765,0.0386,0.0365957,0.00558183,0.143617,480,0.286776,0.392057,10.7132,1.53859,70.2381
14,0.42573,0.0386,0.0353617,0.00558183,0.138774,480,0.286776,0.392057,11.087,1.53859,70.2381
15,0.469163,0.0386,0.0385242,0.00558183,0.151185,480,0.286776,0.392057,10.1769,1.53859,70.2381
16,0.458235,0.0386,0.0224057,0.00558183,0.0879292,480,0.286776,0.392057,17.4981,1.53859,70.2381
17,0.235075,0.0386,0.0675515,0.00558183,0.2651,480,0.286776,0.392057,5.80382,1.53859,70.2381
18,0.330377,0.0386,0.0343104,0.00558183,0.134648,480,0.286776,0.392057,11.4268,1.53859,70.2381
19,0.220001,0.0386,0.020439,0.00558183,0.0802111,480,0.286776,0.392057,19.1818,1.53859,70.2381
20,0.15364,0.0386,0.021502,0.00558183,0.0843829,480,0.286776,0.392057,18.2335,1.53859,70.2381
21,0.18216,0.0386,0.0266042,0.00558183,0.104406,480,0.286776,0.392057,14.7366,1.53859,70.2381
22,0.233468,0.0386,0.0170151,0.00558183,0.0667746,480,0.286776,0.392057,23.0416,1.53859,70.2381
23,0.238196,0.0386,0.00542937,0.00558183,0.0213071,480,0.286776,0.392057,72.2103,1.53859,70.2381
24,0.586872,0.0386,0.0688297,0.00558183,0.270116,480,0.286776,0.392057,5.69604,1.53859,70.2381
25,0.343305,0.0386,0.0771813,0.00558183,0.302892,480,0.286776,0.392057,5.07969,1.53859,70.2381
26,0.358409,0.0386,0.0211082,0.00558183,0.0828374,480,0.286776,0.392057,18.5737,1.53859,70.2381
27,0.177137,0.0386,0.124331,0.00558183,0.487925,480,0.286776,0.392057,3.15334,1.53859,70.2381
28,0.196364,0.0386,0.113107,0.00558183,0.443879,480,0.286776,0.392057,3.46625,1.53859,70.2381
29,0.154586,0.0386,0.145521,0.00558183,0.571085,480,0.286776,0.392057,2.69416,1.53859,70.2381
30,0.381025,0.0386,0.0613021,0.00558183,0.240575,480,0.286776,0.392057,6.39549,1.53859,70.2381
31,0.383776,0.0386,0.0516344,0.00558183,0.202635,480,0.286776,0.392057,7.59294,1.53859,70.2381
32,0.333424,0.0386,0.0238871,0.00558183,0.0937428,480,0.286776,0.392057,16.4129,1.53859,70.2381
33,0.411743,0.0386,0.0557582,0.00558183,0.218818,480,0.286776,0.392057,7.03138,1.53859,70.2381
34,0.116195,0.0386,0.0376699,0.00558183,0.147832,480,0.286776,0.392057,10.4077,1.53859,70.2381
35,0.253956,0.0386,0.0223364,0.00558183,0.0876572,480,0.286776,0.392057,17.5524,1.53859,70.2381
36,0.229602,0.0386,0.0342727,0.00558183,0.1345,480,0.286776,0.392057,11.4393,1.53859,70.2381
37,0.130871,0.0386,0.0527674,0.00558183,0.207082,480,0.286776,0.392057,7.4299,1.53859,70.2381
38,0.160102,0.0386,0.0407284,0.00558183,0.159835,480,0.286776,0.392057,9.62613,1.53859,70.2381
39,0.55056,0.0386,0.50878,0.00558183,1.99667,480,0.286776,0.392057,0.770581,1.53859,70.2381
40,0.415524,0.0386,0.0312436,0.00558183,0.122613,480,0.286776,0.392057,12.5484,1.53859,70.2381
41,0.637282,0.0386,0.0154412,0.00558183,0.0605977,480,0.286776,0.392057,25.3903,1.53859,70.2381
42,0.126006,0.0386,0.0694201,0.00558183,0.272433,480,0.286776,0.392057,5.6476,1.53859,70.2381
43,0.130293,0.0386,0.0147157,0.00558183,0.0577505,480,0.286776,0.392057,26.6421,1.53859,70.2381
44,0.328284,0.0386,0.0139224,0.00558183,0.0546373,480,0.286776,0.392057,28.1602,1.53859,70.2381
45,0.171491,0.0386,0.0155568,0.00558183,0.0610513,480,0.286776,0.392057,25.2017,1.53859,70.2381
46,0.410267,0.0386,0.0148628,0.00558183,0.058328,480,0.286776,0.392057,26.3783,1.53859,70.2381
47,0.823133,0.0386,0.120113,0.00558183,0.471372,480,0.286776,0.392057,3.26408,1.53859,70.2381
48,0.360274,0.0386,0.0226718,0.00558183,0.0889737,480,0.286776,0.392057,17.2927,1.53859,70.2381
49,0.292293,0.0386,0.0141611,0.00558183,0.055574,480,0.286776,0.392057,27.6855,1.53859,70.2381
50,0.276571,0.0386,0.0659578,0.00558183,0.258846,480,0.286776,0.392057,5.94406,1.53859,70.2381
51,0.0506392,0.0386,0.0565026,0.00558183,0.22174,480,0.286776,0.392057,6.93874,1.53859,70.2381
52,0.478834,0.0386,0.0527697,0.00558183,0.20709,480,0.286776,0.392057,7.42958,1.53859,70.2381
53,0.122356,0.0386,0.0298159,0.00558183,0.11701,480,0.286776,0.392057,13.1493,1.53859,70.2381
54,0.569228,0.0386,0.0385158,0.00558183,0.151152,480,0.286776,0.392057,10.1791,1.53859,70.2381
55,0.4102,0.0386,0.00665368,0.00558183,0.0261118,480,0.286776,0.392057,58.9233,1.53859,70.2381
56,0.444008,0.0386,0.0294733,0.00558183,0.115665,480,0.286776,0.392057,13.3021,1.53859,70.2381
57,0.101217,0.0386,0.23083,0.00558183,0.905875,480,0.286776,0.392057,1.69846,1.53859,70.2381
58,0.358295,0.0386,0.00219401,0.00558183,0.00861023,480,0.286776,0.392057,178.694,1.53859,70.2381
59,0.179378,0.0386,0.0450441,0.00558183,0.176772,480,0.286776,0.392057,8.70383,1.53859,70.2381
60,0.189648,0.0386,0.0164365,0.00558183,0.0645037,480,0.286776,0.392057,23.8528,1.53859,70.2381
61,0.413031,0.0386,0.0142882,0.00558183,0.056073,480,0.286776,0.392057,27.4391,1.53859,70.2381
62,0.19982,0.0386,0.0149153,0.00558183,0.0585337,480,0.286776,0.392057,26.2856,1.53859,70.2381
63,0.321782,0.0386,0.174061,0.00558183,0.683088,480,0.286776,0.392057,2.25241,1.53859,70.2381
64,0.297774,0.0386,0.0104513,0.00558183,0.0410153,480,0.286776,0.392057,37.5127,1.53859,70.2381
65,0.499754,0.0386,0.0728155,0.00558183,0.285759,480,0.286776,0.392057,5.38425,1.53859,70.2381
66,0.367127,0.0386,0.0280078,0.00558183,0.109914,480,0.286776,0.392057,13.9981,1.53859,70.2381
67,0.13349,0.0386,0.0391475,0.00558183,0.153631,480,0.286776,0.392057,10.0149,1.53859,70.2381
68,0.150812,0.0386,0.0288223,0.00558183,0.113111,480,0.286776,0.392057,13.6025,1.53859,70.2381
69,0.916412,0.0386,0.0160777,0.00558183,0.0630956,480,0.286776,0.392057,24.3851,1.53859,70.2381
70,0.565307,0.0386,0.419946,0.00558183,1.64805,480,0.286776,0.392057,0.933588,1.53859,70.2381
71,0.168901,0.0386,0.0489238,0.00558183,0.191998,480,0.286776,0.392057,8.01361,1.53859,70.2381
72,0.430478,0.0386,0.0149198,0.00558183,0.0585515,480,0.286776,0.392057,26.2776,1.53859,70.2381
73,0.275311,0.0386,0.0168332,0.00558183,0.0660604,480,0.286776,0.392057,23.2907,1.53859,70.2381
74,0.335409,0.0386,0.0121877,0.00558183,0.0478298,480,0.286776,0.392057,32.1681,1.53859,70.2381
75,0.176399,0.0386,0.0147973,0.00558183,0.0580709,480,0.286776,0.392057,26.4951,1.53859,70.2381
76,0.44752,0.0386,0.0107397,0.00558183,0.0421469,480,0.286776,0.392057,36.5055,1.53859,70.2381
77,0.0750146,0.0386,0.0157147,0.00558183,0.0616709,480,0.286776,0.392057,24.9485,1.53859,70.2381
78,0.404087,0.0386,0.0360094,0.00558183,0.141316,480,0.286776,0.392057,10.8876,1.53859,70.2381
79,0.201789,0.0386,0.0336697,0.00558183,0.132134,480,0.286776,0.392057,11.6442,1.53859,70.2381
80,0.221398,0.0386,0.00726537,0.00558183,0.0285124,480,0.286776,0.392057,53.9624,1.53859,70.2381
81,0.263531,0.0386,0.0101441,0.00558183,0.0398096,480,0.286776,0.392057,38.6488,1.53859,70.2381
82,0.14378,0.0386,0.0190296,0.00558183,0.07468,480,0.286776,0.392057,20.6025,1.53859,70.2381
83,0.229053,0.0386,0.0066351,0.00558183,0.0260389,480,0.286776,0.392057,59.0883,1.53859,70.2381
84,0.169024,0.0386,0.0188566,0.00558183,0.0740012,480,0.286776,0.392057,20.7915,1.53859,70.2381
85,0.105094,0.0386,0.0445642,0.00558183,0.174889,480,0.286776,0.392057,8.79757,1.53859,70.2381
86,0.30551,0.0386,0.0090086,0.00558183,0.0353535,480,0.286776,0.392057,43.5203,1.53859,70.2381
87,0.449883,0.0386,0.127094,0.00558183,0.49877,480,0.286776,0.392057,3.08478,1.53859,70.2381
88,0.400015,0.0386,0.0196422,0.00558183,0.0770841,480,0.286776,0.392057,19.96,1.53859,70.2381
89,0.387212,0.0386,0.0325848,0.00558183,0.127877,480,0.286776,0.392057,12.0319,1.53859,70.2381
90,0.396351,0.0386,0.0175955,0.00558183,0.069052,480,0.286776,0.392057,22.2817,1.53859,70.2381
91,0.56745,0.0386,0.0592395,0.00558183,0.232481,480,0.286776,0.392057,6.61816,1.53859,70.2381
92,0.192937,0.0386,0.014065,0.00558183,0.0551968,480,0.286776,0.392057,27.8747,1.53859,70.2381
93,0.16997,0.0386,0.187485,0.00558183,0.735769,480,0.286776,0.392057,2.09114,1.53859,70.2381
94,0.166557,0.0386,0.0160976,0.00558183,0.0631737,480,0.286776,0.392057,24.355,1.53859,70.2381
95,0.258539,0.0386,0.0149541,0.00558183,0.0586861,480,0.286776,0.392057,26.2174,1.53859,70.2381
96,0.271813,0.0386,0.065236,0.00558183,0.256013,480,0.286776,0.392057,6.00983,1.53859,70.2381
97,0.348981,0.0386,0.460646,0.00558183,1.80777,480,0.286776,0.392057,0.851102,1.53859,70.2381
98,0.23862,0.0386,0.0532168,0.00558183,0.208845,480,0.286776,0.392057,7.36716,1.53859,70.2381
99,0.273914,0.0386,0.0235332,0.00558183,0.0923541,480,0.286776,0.392057,16.6597,1.53859,70.2381
100,0.55342,0.0386,0.0179174,0.00558183,0.0703152,480,0.286776,0.392057,21.8814,1.53859,70.2381
101,0.560836,0.0386,0.0551001,0.00558183,0.216236,480,0.286776,0.392057,7.11536,1.53859,70.2381
102,0.1925,0.0386,0.040343,0.00558183,0.158323,480,0.286776,0.392057,9.71809,1.53859,70.2381
103,0.356795,0.0386,0.024136,0.00558183,0.0947196,480,0.286776,0.392057,16.2437,1.53859,70.2381
104,0.273067,0.0386,0.0968767,0.00558183,0.380185,480,0.286776,0.392057,4.04697,1.53859,70.2381
105,0.694832,0.0386,0.108296,0.00558183,0.424998,480,0.286776,0.392057,3.62024,1.53859,70.2381
106,0.126404,0.0386,0.0123065,0.00558183,0.0482961,480,0.286776,0.392057,31.8576,1.53859,70.2381
107,0.35606,0.0386,0.0707458,0.00558183,0.277636,480,0.286776,0.392057,5.54177,1.53859,70.2381
108,0.627053,0.0386,0.138774,0.00558183,0.544609,480,0.286776,0.392057,2.82514,1.53859,70.2381
109,0.894907,0.0386,0.031394,0.00558183,0.123203,480,0.286776,0.392057,12.4883,1.53859,70.2381
110,0.190498,0.0386,0.00562103,0.00558183,0.0220593,480,0.286776,0.392057,69.7482,1.53859,70.2381
111,0.281118,0.0386,0.0619788,0.00558183,0.243231,480,0.286776,0.392057,6.32566,1.53859,70.2381
112,0.568863,0.0386,0.0782427,0.00558183,0.307057,480,0.286776,0.392057,5.01078,1.53859,70.2381
113,0.481279,0.0386,0.0326854,0.00558183,0.128271,480,0.286776,0.392057,11.9949,1.53859,70.2381
114,0.39688,0.0386,0.0428116,0.00558183,0.168011,480,0.286776,0.392057,9.15772,1.53859,70.2381
115,0.213312,0.0386,0.0182506,0.00558183,0.0716232,480,0.286776,0.392057,21.4818,1.53859,70.2381
116,0.385903,0.0386,0.0308435,0.00558183,0.121043,480,0.286776,0.392057,12.7112,1.53859,70.2381
117,0.245278,0.0386,0.0065382,0.00558183,0.0256586,480,0.286776,0.392057,59.964,1.53859,70.2381
118,0.0780345,0.0386,0.0174577,0.00558183,0.0685114,480,0.286776,0.392057,22.4575,1.53859,70.2381
119,0.102177,0.0386,0.00945488,0.00558183,0.0371049,480,0.286776,0.392057,41.4661,1.53859,70.2381
120,0.0840026,0.0386,0.00781611,0.00558183,0.0306737,480,0.286776,0.392057,50.1601,1.53859,70.2381
121,0.0327218,0.0386,0.0493464,0.00558183,0.193656,480,0.286776,0.392057,7.945,1.53859,70.2381
122,0.396356,0.0386,0.00675646,0.00558183,0.0265152,480,0.286776,0.392057,58.0269,1.53859,70.2381
123,0.357079,0.0386,0.0591434,0.00558183,0.232103,480,0.286776,0.392057,6.62892,1.53859,70.2381
124,0.315732,0.0386,0.011264,0.00558183,0.0442047,480,0.286776,0.392057,34.8061,1.53859,70.2381
125,0.371168,0.0386,0.0221851,0.00558183,0.0870638,480,0.286776,0.392057,17.672,1.53859,70.2381
126,0.186543,0.0386,0.0320337,0.00558183,0.125714,480,0.286776,0.392057,12.2389,1.53859,70.2381
127,0.372752,0.0386,0.0113623,0.00558183,0.0445905,480,0.286776,0.392057,34.505,1.53859,70.2381
128,0.139656,0.0386,0.153974,0.00558183,0.604259,480,0.286776,0.392057,2.54625,1.53859,70.2381
129,0.460789,0.0386,0.0305001,0.00558183,0.119695,480,0.286776,0.392057,12.8543,1.53859,70.2381
130,0.103748,0.0386,0.0133174,0.00558183,0.0522632,480,0.286776,0.392057,29.4393,1.53859,70.2381
131,0.194431,0.0386,0.00926055,0.00558183,0.0363423,480,0.286776,0.392057,42.3362,1.53859,70.2381
132,0.0817092,0.0386,0.0502429,0.00558183,0.197174,480,0.286776,0.392057,7.80322,1.53859,70.2381
133,0.143377,0.0386,0.177999,0.00558183,0.698542,480,0.286776,0.392057,2.20258,1.53859,70.2381
134,0.170264,0.0386,0.103944,0.00558183,0.40792,480,0.286776,0.392057,3.77181,1.53859,70.2381
135,0.158955,0.0386,0.0625839,0.00558183,0.245606,480,0.286776,0.392057,6.2645,1.53859,70.2381
136,0.308739,0.0386,0.00189018,0.00558183,0.00741785,480,0.286776,0.392057,207.418,1.53859,70.2381
137,0.60368,0.0386,0.00976032,0.00558183,0.0383036,480,0.286776,0.392057,40.1684,1.53859,70.2381
138,0.203885,0.0386,0.0105123,0.00558183,0.0412548,480,0.286776,0.392057,37.2949,1.53859,70.2381
139,0.395345,0.0386,0.120179,0.00558183,0.471634,480,0.286776,0.392057,3.26226,1.53859,70.2381
140,0.119657,0.0386,0.0921606,0.00558183,0.361677,480,0.286776,0.392057,4.25406,1.53859,70.2381
141,0.152104,0.0386,0.00704322,0.00558183,0.0276405,480,0.286776,0.392057,55.6644,1.53859,70.2381
142,0.128673,0.0386,0.00799013,0.00558183,0.0313566,480,0.286776,0.392057,49.0676,1.53859,70.2381
143,0.465409,0.0386,0.0182371,0.00558183,0.0715702,480,0.286776,0.392057,21.4977,1.53859,70.2381
144,0.357914,0.0386,0.0132057,0.00558183,0.0518245,480,0.286776,0.392057,29.6886,1.53859,70.2381
145,0.0810888,0.0386,0.0169334,0.00558183,0.0664539,480,0.286776,0.392057,23.1528,1.53859,70.2381
146,0.196138,0.0386,0.0217007,0.00558183,0.0851626,480,0.286776,0.392057,18.0666,1.53859,70.2381
147,0.312495,0.0386,0.0480265,0.00558183,0.188476,480,0.286776,0.392057,8.16335,1.53859,70.2381
148,0.262522,0.0386,0.0190708,0.00558183,0.0748419,480,0.286776,0.392057,20.5579,1.53859,70.2381
149,0.237817,0.0386,0.0685528,0.00558183,0.26903,480,0.286776,0.392057,5.71905,1.53859,70.2381
150,0.2867,0.0386,0.180451,0.00558183,0.708164,480,0.286776,0.392057,2.17265,1.53859,70.2381
151,0.33979,0.0386,0.0553911,0.00558183,0.217378,480,0.286776,0.392057,7.07798,1.53859,70.2381
152,0.206159,0.0386,0.0312196,0.00558183,0.122519,480,0.286776,0.392057,12.558,1.53859,70.2381
153,0.0573463,0.0386,0.0519744,0.00558183,0.203969,480,0.286776,0.392057,7.54327,1.53859,70.2381
154,0.299149,0.0386,0.00823181,0.00558183,0.0323051,480,0.286776,0.392057,47.627,1.53859,70.2381
155,0.813001,0.0386,0.0226091,0.00558183,0.0887277,480,0.286776,0.392057,17.3406,1.53859,70.2381
156,0.0882904,0.0386,0.153274,0.00558183,0.601512,480,0.286776,0.392057,2.55788,1.53859,70.2381
157,0.441104,0.0386,0.0173462,0.00558183,0.0680737,480,0.286776,0.392057,22.6019,1.53859,70.2381
158,0.458316,0.0386,0.0147149,0.00558183,0.0577474,480,0.286776,0.392057,26.6435,1.53859,70.2381
159,0.248579,0.0386,0.0335276,0.00558183,0.131576,480,0.286776,0.392057,11.6936,1.53859,70.2381
160,0.294454,0.0386,0.0627206,0.00558183,0.246142,480,0.286776,0.392057,6.25085,1.53859,70.2381
161,0.229714,0.0386,0.0449194,0.00558183,0.176283,480,0.286776,0.392057,8.728,1.53859,70.2381
162,0.154067,0.0386,0.0153905,0.00558183,0.0603986,480,0.286776,0.392057,25.474,1.53859,70.2381
163,0.0291153,0.0386,0.0131886,0.00558183,0.0517576,480,0.286776,0.392057,29.7269,1.53859,70.2381
164,0.355497,0.0386,0.0162929,0.00558183,0.06394,480,0.286776,0.392057,24.0631,1.53859,70.2381
165,0.119316,0.0386,0.0125033,0.00558183,0.0490683,480,0.286776,0.392057,31.3562,1.53859,70.2381
166,0.588367,0.0386,0.0609845,0.00558183,0.239329,480,0.286776,0.392057,6.42879,1.53859,70.2381
167,0.323115,0.0386,0.0233611,0.00558183,0.0916788,480,0.286776,0.392057,16.7825,1.53859,70.2381
168,0.276894,0.0386,0.0429402,0.00558183,0.168515,480,0.286776,0.392057,9.13029,1.53859,70.2381
169,0.139473,0.0386,0.00722667,0.00558183,0.0283605,480,0.286776,0.392057,54.2514,1.53859,70.2381
170,0.306436,0.0386,0.0386243,0.00558183,0.151578,480,0.286776,0.392057,10.1505,1.53859,70.2381
171,0.217764,0.0386,0.102177,0.00558183,0.400986,480,0.286776,0.392057,3.83703,1.53859,70.2381
172,0.185733,0.0386,0.0717513,0.00558183,0.281582,480,0.286776,0.392057,5.46411,1.53859,70.2381
173,0.0916102,0.0386,0.0109425,0.00558183,0.0429428,480,0.286776,0.392057,35.829,1.53859,70.2381
174,0.135173,0.0386,0.0576619,0.00558183,0.226289,480,0.286776,0.392057,6.79923,1.53859,70.2381
175,0.076468,0.0386,0.0505387,0.00558183,0.198335,480,0.286776,0.392057,7.75755,1.53859,70.2381
176,0.0859712,0.0386,0.00773955,0.00558183,0.0303732,480,0.286776,0.392057,50.6563,1.53859,70.2381
177,0.25171,0.0386,0.00898562,0.00558183,0.0352633,480,0.286776,0.392057,43.6316,1.53859,70.2381
178,0.211793,0.0386,0.00849045,0.00558183,0.0333201,480,0.286776,0.392057,46.1762,1.53859,70.2381
179,0.124834,0.0386,0.0152675,0.00558183,0.059916,480,0.286776,0.392057,25.6792,1.53859,70.2381
180,0.797211,0.0386,0.00466612,0.00558183,0.0183118,480,0.286776,0.392057,84.022,1.53859,70.2381
181,0.338336,0.0386,0.0128614,0.00558183,0.0504734,480,0.286776,0.392057,30.4833,1.53859,70.2381
182,0.381975,0.0386,0.0064094,0.00558183,0.0251532,480,0.286776,0.392057,61.169,1.53859,70.2381
183,0.063195,0.0386,0.0874578,0.00558183,0.343221,480,0.286776,0.392057,4.48281,1.53859,70.2381
184,0.460609,0.0386,0.0289947,0.00558183,0.113787,480,0.286776,0.392057,13.5217,1.53859,70.2381
185,0.546716,0.0386,0.00453088,0.00558183,0.0177811,480,0.286776,0.392057,86.53,1.53859,70.2381
186,0.0801606,0.0386,0.0941891,0.00558183,0.369638,480,0.286776,0.392057,4.16244,1.53859,70.2381
187,0.393329,0.0386,0.0513055,0.00558183,0.201344,480,0.286776,0.392057,7.64161,1.53859,70.2381
188,0.0647334,0.0386,0.0060733,0.00558183,0.0238342,480,0.286776,0.392057,64.5541,1.53859,70.2381
189,0.40212,0.0386,0.0236374,0.00558183,0.092763,480,0.286776,0.392057,16.5863,1.53859,70.2381
190,0.429299,0.0386,0.0110208,0.00558183,0.0432502,480,0.286776,0.392057,35.5743,1.53859,70.2381
191,0.213369,0.0386,0.0116951,0.00558183,0.0458963,480,0.286776,0.392057,33.5233,1.53859,70.2381
192,0.462155,0.0386,0.0259881,0.00558183,0.101988,480,0.286776,0.392057,15.086,1.53859,70.2381
193,0.211238,0.0386,0.132005,0.00558183,0.518042,480,0.286776,0.392057,2.97002,1.53859,70.2381
194,0.108758,0.0386,0.0153386,0.00558183,0.0601949,480,0.286776,0.392057,25.5602,1.53859,70.2381
195,0.470139,0.0386,0.1213,0.00558183,0.476032,480,0.286776,0.392057,3.23213,1.53859,70.2381
196,0.698873,0.0386,0.0603069,0.00558183,0.23667,480,0.286776,0.392057,6.50102,1.53859,70.2381
197,0.388049,0.0386,0.0759528,0.00558183,0.29807,480,0.286776,0.392057,5.16185,1.53859,70.2381
198,0.255249,0.0386,0.0493706,0.00558183,0.193751,480,0.286776,0.392057,7.9411,1.53859,70.2381
199,0.586049,0.0386,0.00355673,0.00558183,0.0139581,480,0.286776,0.392057,110.23,1.53859,70.2381
200,0.486936,0.0386,0.0563483,0.00558183,0.221134,480,0.286776,0.392057,6.95774,1.53859,70.2381
201,0.445633,0.0386,0.0109344,0.00558183,0.0429112,480,0.286776,0.392057,35.8553,1.53859,70.2381
202,0.273172,0.0386,0.0161306,0.00558183,0.0633032,480,0.286776,0.392057,24.3052,1.53859,70.2381
203,0.182114,0.0386,0.0190702,0.00558183,0.0748394,480,0.286776,0.392057,20.5586,1.53859,70.2381
204,0.148285,0.0386,0.0362616,0.00558183,0.142306,480,0.286776,0.392057,10.8119,1.53859,70.2381
205,0.232292,0.0386,0.0426444,0.00558183,0.167355,480,0.286776,0.392057,9.19363,1.53859,70.2381
206,0.198641,0.0386,0.117712,0.00558183,0.461952,480,0.286776,0.392057,3.33064,1.53859,70.2381
207,0.382004,0.0386,0.00620283,0.00558183,0.0243425,480,0.286776,0.392057,63.2061,1.53859,70.2381
208,0.305877,0.0386,0.1872,0.00558183,0.73465,480,0.286776,0.392057,2.09432,1.53859,70.2381
209,0.215276,0.0386,0.0121823,0.00558183,0.0478084,480,0.286776,0.392057,32.1825,1.53859,70.2381
210,0.133166,0.0386,0.0278477,0.00558183,0.109286,480,0.286776,0.392057,14.0786,1.53859,70.2381
211,0.43989,0.0386,0.0121751,0.00558183,0.0477801,480,0.286776,0.392057,32.2016,1.53859,70.2381
212,0.318969,0.0386,0.0429554,0.00558183,0.168575,480,0.286776,0.392057,9.12708,1.53859,70.2381
213,0.350734,0.0386,0.0864439,0.00558183,0.339242,480,0.286776,0.392057,4.53539,1.53859,70.2381
214,0.433908,0.0386,0.0709162,0.00558183,0.278305,480,0.286776,0.392057,5.52845,1.53859,70.2381
215,0.138651,0.0386,0.0913854,0.00558183,0.358635,480,0.286776,0.392057,4.29015,1.53859,70.2381
216,0.122624,0.0386,0.0570123,0.00558183,0.22374,480,0.286776,0.392057,6.8767,1.53859,70.2381
217,0.302445,0.0386,0.0189628,0.00558183,0.0744178,480,0.286776,0.392057,20.6751,1.53859,70.2381
218,0.483163,0.0386,0.0207164,0.00558183,0.0812998,480,0.286776,0.392057,18.925,1.53859,70.2381
219,0.410691,0.0386,0.0655631,0.00558183,0.257297,480,0.286776,0.392057,5.97983,1.53859,70.2381
220,0.80417,0.0386,0.00632152,0.00558183,0.0248083,480,0.286776,0.392057,62.0194,1.53859,70.2381
221,0.340628,0.0386,0.0137734,0.00558183,0.0540528,480,0.286776,0.392057,28.4647,1.53859,70.2381
222,0.686468,0.0386,0.155408,0.00558183,0.609887,480,0.286776,0.392057,2.52275,1.53859,70.2381
223,0.315137,0.0386,0.00599421,0.00558183,0.0235238,480,0.286776,0.392057,65.4059,1.53859,70.2381
224,0.167053,0.0386,0.0421518,0.00558183,0.165421,480,0.286776,0.392057,9.30107,1.53859,70.2381
225,0.0248889,0.0386,0.0616178,0.00558183,0.241814,480,0.286776,0.392057,6.36272,1.53859,70.2381
226,0.12444,0.0386,0.0493901,0.00558183,0.193827,480,0.286776,0.392057,7.93797,1.53859,70.2381
227,0.268973,0.0386,0.00602077,0.00558183,0.023628,480,0.286776,0.392057,65.1174,1.53859,70.2381
228,0.304189,0.0386,0.0199635,0.00558183,0.0783449,480,0.286776,0.392057,19.6387,1.53859,70.2381
229,0.245547,0.0386,0.0509397,0.00558183,0.199909,480,0.286776,0.392057,7.69648,1.53859,70.2381
230,0.638572,0.0386,0.0466646,0.00558183,0.183131,480,0.286776,0.392057,8.40159,1.53859,70.2381
231,0.443403,0.0386,0.0101074,0.00558183,0.0396655,480,0.286776,0.392057,38.7892,1.53859,70.2381
232,0.167297,0.0386,0.115549,0.00558183,0.453463,480,0.286776,0.392057,3.39299,1.53859,70.2381
233,0.379157,0.0386,0.0134969,0.00558183,0.0529674,480,0.286776,0.392057,29.048,1.53859,70.2381
234,0.0863167,0.0386,0.0251325,0.00558183,0.0986305,480,0.286776,0.392057,15.5996,1.53859,70.2381
235,0.212605,0.0386,0.0345154,0.00558183,0.135453,480,0.286776,0.392057,11.3589,1.53859,70.2381
236,0.218631,0.0386,0.058549,0.00558183,0.229771,480,0.286776,0.392057,6.69621,1.53859,70.2381
237,0.085075,0.0386,0.00892332,0.00558183,0.0350188,480,0.286776,0.392057,43.9362,1.53859,70.2381
238,0.180364,0.0386,0.0593438,0.00558183,0.23289,480,0.286776,0.392057,6.60653,1.53859,70.2381
239,0.159896,0.0386,0.0781918,0.00558183,0.306857,480,0.286776,0.392057,5.01404,1.53859,70.2381
240,0.0346063,0.0386,0.0951712,0.00558183,0.373492,480,0.286776,0.392057,4.11949,1.53859,70.2381
241,0.373894,0.0386,0.0731822,0.00558183,0.287197,480,0.286776,0.392057,5.35727,1.53859,70.2381
242,0.870697,0.0386,0.230171,0.00558183,0.903286,480,0.286776,0.392057,1.70333,1.53859,70.2381
243,0.206562,0.0386,0.134125,0.00558183,0.526362,480,0.286776,0.392057,2.92307,1.53859,70.2381
244,0.226221,0.0386,0.0158014,0.00558183,0.0620115,480,0.286776,0.392057,24.8115,1.53859,70.2381
245,0.294358,0.0386,0.00937223,0.00558183,0.0367805,480,0.286776,0.392057,41.8318,1.53859,70.2381
246,0.159767,0.0386,0.0265271,0.00558183,0.104103,480,0.286776,0.392057,14.7795,1.53859,70.2381
247,0.449024,0.0386,0.0576403,0.00558183,0.226205,480,0.286776,0.392057,6.80178,1.53859,70.2381
248,0.12679,0.0386,0.0539586,0.00558183,0.211756,480,0.286776,0.392057,7.26588,1.53859,70.2381
249,0.348696,0.0386,0.0169987,0.00558183,0.0667102,480,0.286776,0.392057,23.0639,1.53859,70.2381
250,0.433164,0.0386,0.038469,0.00558183,0.150969,480,0.286776,0.392057,10.1915,1.53859,70.2381
251,0.218659,0.0386,0.0105496,0.00558183,0.0414009,480,0.286776,0.392057,37.1633,1.53859,70.2381
252,0.171534,0.0386,0.0454835,0.00558183,0.178496,480,0.286776,0.392057,8.61975,1.53859,70.2381
253,0.432965,0.0386,0.0257737,0.00558183,0.101147,480,0.286776,0.392057,15.2115,1.53859,70.2381
254,0.404973,0.0386,0.00444103,0.00558183,0.0174284,480,0.286776,0.392057,88.2807,1.53859,70.2381
255,0.474409,0.0386,0.0635154,0.00558183,0.249261,480,0.286776,0.392057,6.17263,1.53859,70.2381
256,0.0657327,0.0386,0.0237108,0.00558183,0.0930512,480,0.286776,0.392057,16.5349,1.53859,70.2381
257,0.412204,0.0386,0.00501306,0.00558183,0.0196734,480,0.286776,0.392057,78.207,1.53859,70.2381
258,0.41729,0.0386,0.00237835,0.00558183,0.00933365,480,0.286776,0.392057,164.844,1.53859,70.2381
259,0.120215,0.0386,0.0807729,0.00558183,0.316987,480,0.286776,0.392057,4.85382,1.53859,70.2381
260,0.200556,0.0386,0.0596834,0.00558183,0.234223,480,0.286776,0.392057,6.56894,1.53859,70.2381
261,0.271777,0.0386,0.0277021,0.00558183,0.108715,480,0.286776,0.392057,14.1526,1.53859,70.2381
262,0.36158,0.0386,0.00335919,0.00558183,0.0131829,480,0.286776,0.392057,116.712,1.53859,70.2381
263,0.220375,0.0386,0.0423662,0.00558183,0.166263,480,0.286776,0.392057,9.254,1.53859,70.2381
264,0.196047,0.0386,0.0183617,0.00558183,0.0720589,480,0.286776,0.392057,21.3519,1.53859,70.2381
265,0.202179,0.0386,0.00603363,0.00558183,0.0236785,480,0.286776,0.392057,64.9786,1.53859,70.2381
266,0.282209,0.0386,0.0184956,0.00558183,0.0725844,480,0.286776,0.392057,21.1973,1.53859,70.2381
267,0.38918,0.0386,0.0107603,0.00558183,0.0422281,480,0.286776,0.392057,36.4353,1.53859,70.2381
268,0.193858,0.0386,0.0405128,0.00558183,0.158989,480,0.286776,0.392057,9.67735,1.53859,70.2381
269,0.492155,0.0386,0.00544056,0.00558183,0.021351,480,0.286776,0.392057,72.0619,1.53859,70.2381
270,0.313301,0.0386,0.0301429,0.00558183,0.118293,480,0.286776,0.392057,13.0066,1.53859,70.2381
271,0.252016,0.0386,0.0319406,0.00558183,0.125348,480,0.286776,0.392057,12.2745,1.53859,70.2381
272,0.230678,0.0386,0.0947672,0.00558183,0.371906,480,0.286776,0.392057,4.13705,1.53859,70.2381
273,0.170941,0.0386,0.0209972,0.00558183,0.082402,480,0.286776,0.392057,18.6718,1.53859,70.2381
274,0.141047,0.0386,0.0706827,0.00558183,0.277389,480,0.286776,0.392057,5.54671,1.53859,70.2381
275,0.448339,0.0386,0.573811,0.00558183,2.25188,480,0.286776,0.392057,0.68325,1.53859,70.2381
276,0.395609,0.0386,0.0424738,0.00558183,0.166685,480,0.286776,0.392057,9.23056,1.53859,70.2381
277,0.23806,0.0386,0.0298908,0.00558183,0.117304,480,0.286776,0.392057,13.1163,1.53859,70.2381
278,0.205908,0.0386,0.0151739,0.00558183,0.0595488,480,0.286776,0.392057,25.8376,1.53859,70.2381
279,0.0149149,0.0386,0.0254655,0.00558183,0.0999373,480,0.286776,0.392057,15.3956,1.53859,70.2381
280,0.445183,0.0386,0.0145168,0.00558183,0.0569698,480,0.286776,0.392057,27.0072,1.53859,70.2381
281,0.186035,0.0386,0.0380588,0.00558183,0.149358,480,0.286776,0.392057,10.3014,1.53859,70.2381
282,0.128623,0.0386,0.0185605,0.00558183,0.0728392,480,0.286776,0.392057,21.1232,1.53859,70.2381
283,0.185943,0.0386,0.0192099,0.00558183,0.0753875,480,0.286776,0.392057,20.4091,1.53859,70.2381
284,0.35484,0.0386,0.0541489,0.00558183,0.212503,480,0.286776,0.392057,7.24035,1.53859,70.2381
285,0.0684212,0.0386,0.113123,0.00558183,0.443944,480,0.286776,0.392057,3.46574,1.53859,70.2381
286,0.198872,0.0386,0.0904504,0.00558183,0.354965,480,0.286776,0.392057,4.33449,1.53859,70.2381
287,0.263466,0.0386,0.0500792,0.00558183,0.196532,480,0.286776,0.392057,7.82873,1.53859,70.2381
288,0.0581604,0.0386,0.178388,0.00558183,0.70007,480,0.286776,0.392057,2.19777,1.53859,70.2381
289,0.370061,0.0386,0.0235854,0.00558183,0.0925592,480,0.286776,0.392057,16.6228,1.53859,70.2381
290,0.152636,0.0386,0.176952,0.00558183,0.694434,480,0.286776,0.392057,2.21561,1.53859,70.2381
291,0.0909742,0.0386,0.0255422,0.00558183,0.100238,480,0.286776,0.392057,15.3494,1.53859,70.2381
292,0.516944,0.0386,0.0258883,0.00558183,0.101596,480,0.286776,0.392057,15.1442,1.53859,70.2381
293,0.125864,0.0386,0.0707546,0.00558183,0.277671,480,0.286776,0.392057,5.54108,1.53859,70.2381
294,0.387043,0.0386,0.0116069,0.00558183,0.0455501,480,0.286776,0.392057,33.778,1.53859,70.2381
295,0.0872354,0.0386,0.00707186,0.00558183,0.0277529,480,0.286776,0.392057,55.439,1.53859,70.2381
296,0.210321,0.0386,0.00603989,0.00558183,0.0237031,480,0.286776,0.392057,64.9112,1.53859,70.2381
297,0.384471,0.0386,0.00407211,0.00558183,0.0159806,480,0.286776,0.392057,96.2786,1.53859,70.2381
298,0.363137,0.0386,0.00200121,0.00558183,0.00785358,480,0.286776,0.392057,195.91,1.53859,70.2381
299,0.200015,0.0386,0.00386312,0.00558183,0.0151605,480,0.286776,0.392057,101.487,1.53859,70.2381
300,0.0259656,0.0386,0.0368896,0.00558183,0.14477,480,0.286776,0.392057,10.6278,1.53859,70.2381
301,0.361342,0.0386,0.027809,0.00558183,0.109134,480,0.286776,0.392057,14.0982,1.53859,70.2381
302,0.424808,0.0386,0.0991495,0.00558183,0.389104,480,0.286776,0.392057,3.9542,1.53859,70.2381
303,0.233466,0.0386,0.0334285,0.00558183,0.131187,480,0.286776,0.392057,11.7282,1.53859,70.2381
304,0.196463,0.0386,0.0985018,0.00558183,0.386562,480,0.286776,0.392057,3.9802,1.53859,70.2381
305,0.285363,0.0386,0.149351,0.00558183,0.586117,480,0.286776,0.392057,2.62507,1.53859,70.2381
306,0.252769,0.0386,0.0660537,0.00558183,0.259222,480,0.286776,0.392057,5.93543,1.53859,70.2381
307,0.695232,0.0386,0.0395849,0.00558183,0.155348,480,0.286776,0.392057,9.90421,1.53859,70.2381
308,0.388551,0.0386,0.0173228,0.00558183,0.0679819,480,0.286776,0.392057,22.6324,1.53859,70.2381
309,0.170992,0.0386,0.0250396,0.00558183,0.098266,480,0.286776,0.392057,15.6574,1.53859,70.2381
310,0.16546,0.0386,0.00595887,0.00558183,0.0233851,480,0.286776,0.392057,65.7938,1.53859,70.2381
311,0.0574781,0.0386,0.185976,0.00558183,0.729849,480,0.286776,0.392057,2.1081,1.53859,70.2381
312,0.431565,0.0386,0.02566,0.00558183,0.1007,480,0.286776,0.392057,15.2789,1.53859,70.2381
313,0.33345,0.0386,0.01069,0.00558183,0.0419519,480,0.286776,0.392057,36.6752,1.53859,70.2381
314,0.473732,0.0386,0.54587,0.00558183,2.14222,480,0.286776,0.392057,0.718223,1.53859,70.2381
315,0.332472,0.0386,0.116501,0.00558183,0.457199,480,0.286776,0.392057,3.36526,1.53859,70.2381
316,0.227325,0.0386,0.00876875,0.00558183,0.0344122,480,0.286776,0.392057,44.7107,1.53859,70.2381
317,0.209466,0.0386,0.00585904,0.00558183,0.0229933,480,0.286776,0.392057,66.9148,1.53859,70.2381
318,0.284032,0.0386,0.0818948,0.00558183,0.321389,480,0.286776,0.392057,4.78733,1.53859,70.2381
319,0.118932,0.0386,0.0269612,0.00558183,0.105807,480,0.286776,0.392057,14.5415,1.53859,70.2381
320,0.0645198,0.0386,0.0540626,0.00558183,0.212164,480,0.286776,0.392057,7.2519,1.53859,70.2381
321,0.328162,0.0386,0.147993,0.00558183,0.580785,480,0.286776,0.392057,2.64916,1.53859,70.2381
322,0.617028,0.0386,0.0107129,0.00558183,0.0420418,480,0.286776,0.392057,36.5968,1.53859,70.2381
323,0.359725,0.0386,0.153478,0.00558183,0.602313,480,0.286776,0.392057,2.55448,1.53859,70.2381
324,0.282612,0.0386,0.0613417,0.00558183,0.240731,480,0.286776,0.392057,6.39136,1.53859,70.2381
325,0.716219,0.0386,0.0154329,0.00558183,0.0605652,480,0.286776,0.392057,25.4039,1.53859,70.2381
326,0.262855,0.0386,0.0536941,0.00558183,0.210718,480,0.286776,0.392057,7.30168,1.53859,70.2381
327,0.284395,0.0386,0.013828,0.00558183,0.0542667,480,0.286776,0.392057,28.3525,1.53859,70.2381
328,0.12211,0.0386,0.0267022,0.00558183,0.104791,480,0.286776,0.392057,14.6826,1.53859,70.2381
329,0.472161,0.0386,0.0907559,0.00558183,0.356164,480,0.286776,0.392057,4.31991,1.53859,70.2381
330,0.403026,0.0386,0.120086,0.00558183,0.471269,480,0.286776,0.392057,3.26479,1.53859,70.2381
331,0.495439,0.0386,0.0180885,0.00558183,0.0709868,480,0.286776,0.392057,21.6744,1.53859,70.2381
332,0.373021,0.0386,0.0368605,0.00558183,0.144656,480,0.286776,0.392057,10.6362,1.53859,70.2381
333,0.0835317,0.0386,0.0194963,0.00558183,0.0765118,480,0.286776,0.392057,20.1093,1.53859,70.2381
334,0.682621,0.0386,0.0203402,0.00558183,0.0798235,480,0.286776,0.392057,19.275,1.53859,70.2381
335,0.243161,0.0386,0.00483945,0.00558183,0.018992,480,0.286776,0.392057,81.0127,1.53859,70.2381
336,0.47542,0.0386,0.0120032,0.00558183,0.0471056,480,0.286776,0.392057,32.6627,1.53859,70.2381
337,0.615022,0.0386,0.0382009,0.00558183,0.149916,480,0.286776,0.392057,10.263,1.53859,70.2381
338,0.444901,0.0386,0.0023264,0.00558183,0.00912976,480,0.286776,0.392057,168.525,1.53859,70.2381
339,0.31187,0.0386,0.0144827,0.00558183,0.0568362,480,0.286776,0.392057,27.0707,1.53859,70.2381
340,0.26615,0.0386,0.0158723,0.00558183,0.0622895,480,0.286776,0.392057,24.7007,1.53859,70.2381
341,0.385339,0.0386,0.0339161,0.00558183,0.133101,480,0.286776,0.392057,11.5596,1.53859,70.2381
342,0.203153,0.0386,0.00314996,0.00558183,0.0123618,480,0.286776,0.392057,124.464,1.53859,70.2381
343,0.3812,0.0386,0.0131739,0.00558183,0.0516999,480,0.286776,0.392057,29.7601,1.53859,70.2381
344,0.150518,0.0386,0.0844785,0.00558183,0.331529,480,0.286776,0.392057,4.64091,1.53859,70.2381
345,0.388355,0.0386,0.0525715,0.00558183,0.206313,480,0.286776,0.392057,7.45759,1.53859,70.2381
346,0.199425,0.0386,0.00950841,0.00558183,0.037315,480,0.286776,0.392057,41.2326,1.53859,70.2381
347,0.582265,0.0386,0.0110089,0.00558183,0.0432035,480,0.286776,0.392057,35.6127,1.53859,70.2381
348,0.303001,0.0386,0.0043326,0.00558183,0.017003,480,0.286776,0.392057,90.4899,1.53859,70.2381
349,0.159079,0.0386,0.0880312,0.00558183,0.345471,480,0.286776,0.392057,4.45361,1.53859,70.2381
350,0.278518,0.0386,0.0203167,0.00558183,0.0797311,480,0.286776,0.392057,19.2973,1.53859,70.2381
351,0.065705,0.0386,0.0463916,0.00558183,0.18206,480,0.286776,0.392057,8.45102,1.53859,70.2381
352,0.163423,0.0386,0.148229,0.00558183,0.581714,480,0.286776,0.392057,2.64493,1.53859,70.2381
353,0.164173,0.0386,0.0335048,0.00558183,0.131487,480,0.286776,0.392057,11.7015,1.53859,70.2381
354,0.371455,0.0386,0.0179448,0.00558183,0.0704231,480,0.286776,0.392057,21.8479,1.53859,70.2381
355,0.0952397,0.0386,0.0210713,0.00558183,0.0826927,480,0.286776,0.392057,18.6062,1.53859,70.2381
356,0.495412,0.0386,0.00777983,0.00558183,0.0305313,480,0.286776,0.392057,50.394,1.53859,70.2381
357,0.298413,0.0386,0.0237254,0.00558183,0.0931083,480,0.286776,0.392057,16.5248,1.53859,70.2381
358,0.252714,0.0386,0.00331053,0.00558183,0.0129919,480,0.286776,0.392057,118.427,1.53859,70.2381
359,0.439204,0.0386,0.0825969,0.00558183,0.324145,480,0.286776,0.392057,4.74663,1.53859,70.2381
360,0.276604,0.0386,0.0601251,0.00558183,0.235956,480,0.286776,0.392057,6.52068,1.53859,70.2381
361,0.193308,0.0386,0.00486966,0.00558183,0.0191106,480,0.286776,0.392057,80.5102,1.53859,70.2381
362,0.294781,0.0386,0.0795755,0.00558183,0.312287,480,0.286776,0.392057,4.92685,1.53859,70.2381
363,0.282707,0.0386,0.0869317,0.00558183,0.341156,480,0.286776,0.392057,4.50994,1.53859,70.2381
364,0.2259,0.0386,0.0387406,0.00558183,0.152034,480,0.286776,0.392057,10.12,1.53859,70.2381
365,0.112875,0.0386,0.0139718,0.00558183,0.054831,480,0.286776,0.392057,28.0607,1.53859,70.2381
366,0.768367,0.0386,0.0104374,0.00558183,0.0409607,480,0.286776,0.392057,37.5627,1.53859,70.2381
367,0.6712,0.0386,0.0187667,0.00558183,0.0736482,480,0.286776,0.392057,20.8911,1.53859,70.2381
368,0.0735624,0.0386,0.149595,0.00558183,0.587074,480,0.286776,0.392057,2.62078,1.53859,70.2381
369,0.133619,0.0386,0.0325498,0.00558183,0.127739,480,0.286776,0.392057,12.0448,1.53859,70.2381
370,0.776387,0.0386,0.00443699,0.00558183,0.0174126,480,0.286776,0.392057,88.361,1.53859,70.2381
371,0.366395,0.0386,0.0149074,0.00558183,0.058503,480,0.286776,0.392057,26.2994,1.53859,70.2381
372,0.274401,0.0386,0.0468172,0.00558183,0.18373,480,0.286776,0.392057,8.37421,1.53859,70.2381
373,0.291125,0.0386,0.0184453,0.00558183,0.0723871,480,0.286776,0.392057,21.2551,1.53859,70.2381
374,0.684716,0.0386,0.0689076,0.00558183,0.270422,480,0.286776,0.392057,5.6896,1.53859,70.2381
375,0.242047,0.0386,0.0457976,0.00558183,0.179729,480,0.286776,0.392057,8.56063,1.53859,70.2381
376,0.458841,0.0386,0.010115,0.00558183,0.0396954,480,0.286776,0.392057,38.7601,1.53859,70.2381
377,0.159272,0.0386,0.00189168,0.00558183,0.00742376,480,0.286776,0.392057,207.253,1.53859,70.2381
378,0.380964,0.0386,0.0120636,0.00558183,0.0473428,480,0.286776,0.392057,32.4991,1.53859,70.2381
379,0.669918,0.0386,0.0933645,0.00558183,0.366401,480,0.286776,0.392057,4.19921,1.53859,70.2381
380,0.328049,0.0386,0.00276071,0.00558183,0.0108342,480,0.286776,0.392057,142.013,1.53859,70.2381
381,0.389018,0.0386,0.00390119,0.00558183,0.0153099,480,0.286776,0.392057,100.497,1.53859,70.2381
382,0.127553,0.0386,0.0491555,0.00558183,0.192907,480,0.286776,0.392057,7.97585,1.53859,70.2381
383,0.488503,0.0386,0.101076,0.00558183,0.396663,480,0.286776,0.392057,3.87885,1.53859,70.2381
384,0.310781,0.0386,0.0131863,0.00558183,0.0517487,480,0.286776,0.392057,29.7321,1.53859,70.2381
385,0.101055,0.0386,0.0721399,0.00558183,0.283107,480,0.286776,0.392057,5.43467,1.53859,70.2381
386,0.307295,0.0386,0.0138868,0.00558183,0.0544976,480,0.286776,0.392057,28.2323,1.53859,70.2381
387,0.043072,0.0386,0.0334106,0.00558183,0.131117,480,0.286776,0.392057,11.7345,1.53859,70.2381
388,0.133173,0.0386,0.00728151,0.00558183,0.0285757,480,0.286776,0.392057,53.8428,1.53859,70.2381
389,0.575334,0.0386,0.0284385,0.00558183,0.111604,480,0.286776,0.392057,13.7861,1.53859,70.2381
390,0.153897,0.0386,0.0334167,0.00558183,0.131141,480,0.286776,0.392057,11.7324,1.53859,70.2381
391,0.451783,0.0386,0.136231,0.00558183,0.534627,480,0.286776,0.392057,2.87788,1.53859,70.2381
392,0.130859,0.0386,0.00522941,0.00558183,0.0205224,480,0.286776,0.392057,74.9716,1.53859,70.2381
393,0.159487,0.0386,0.0219314,0.00558183,0.0860679,480,0.286776,0.392057,17.8765,1.53859,70.2381
394,0.258529,0.0386,0.0583237,0.00558183,0.228887,480,0.286776,0.392057,6.72208,1.53859,70.2381
395,0.0287694,0.0386,0.0551843,0.00558183,0.216566,480,0.286776,0.392057,7.10449,1.53859,70.2381
396,0.13997,0.0386,0.129565,0.00558183,0.508469,480,0.286776,0.392057,3.02594,1.53859,70.2381
397,0.495338,0.0386,0.0105492,0.00558183,0.0413997,480,0.286776,0.392057,37.1644,1.53859,70.2381
398,0.164167,0.0386,0.0925028,0.00558183,0.36302,480,0.286776,0.392057,4.23832,1.53859,70.2381
399,0.130656,0.0386,0.0673644,0.00558183,0.264366,480,0.286776,0.392057,5.81994,1.53859,70.2381
400,0.313717,0.0386,0.0147136,0.00558183,0.0577425,480,0.286776,0.392057,26.6458,1.53859,70.2381
401,0.100864,0.0386,0.00530428,0.00558183,0.0208162,480,0.286776,0.392057,73.9132,1.53859,70.2381
402,0.466706,0.0386,0.0338894,0.00558183,0.132996,480,0.286776,0.392057,11.5687,1.53859,70.2381
403,0.227205,0.0386,0.0225334,0.00558183,0.0884304,480,0.286776,0.392057,17.3989,1.53859,70.2381
404,0.254679,0.0386,0.0292932,0.00558183,0.114959,480,0.286776,0.392057,13.3839,1.53859,70.2381
405,0.118632,0.0386,0.270577,0.00558183,1.06186,480,0.286776,0.392057,1.44896,1.53859,70.2381
406,0.151436,0.0386,0.0564958,0.00558183,0.221713,480,0.286776,0.392057,6.93957,1.53859,70.2381
407,0.41178,0.0386,0.0128368,0.00558183,0.050377,480,0.286776,0.392057,30.5416,1.53859,70.2381
408,0.0372508,0.0386,0.0253411,0.00558183,0.099449,480,0.286776,0.392057,15.4712,1.53859,70.2381
409,0.299669,0.0386,0.0104564,0.00558183,0.0410353,480,0.286776,0.392057,37.4944,1.53859,70.2381
410,0.104267,0.0386,0.0283181,0.00558183,0.111132,480,0.286776,0.392057,13.8448,1.53859,70.2381
411,0.328762,0.0386,0.0267269,0.00558183,0.104887,480,0.286776,0.392057,14.669,1.53859,70.2381
412,0.152015,0.0386,0.1002,0.00558183,0.393228,480,0.286776,0.392057,3.91273,1.53859,70.2381
413,0.15196,0.0386,0.00871352,0.00558183,0.0341955,480,0.286776,0.392057,44.9941,1.53859,70.2381
414,0.342191,0.0386,0.160989,0.00558183,0.631788,480,0.286776,0.392057,2.4353,1.53859,70.2381
415,0.509526,0.0386,0.0138608,0.00558183,0.0543955,480,0.286776,0.392057,28.2853,1.53859,70.2381
416,0.432071,0.0386,0.067388,0.00558183,0.264459,480,0.286776,0.392057,5.8179,1.53859,70.2381
417,0.291688,0.0386,0.00776387,0.00558183,0.0304687,480,0.286776,0.392057,50.4976,1.53859,70.2381
418,0.335824,0.0386,0.064762,0.00558183,0.254153,480,0.286776,0.392057,6.05381,1.53859,70.2381
419,0.209301,0.0386,0.0690058,0.00558183,0.270807,480,0.286776,0.392057,5.68151,1.53859,70.2381
420,0.136428,0.0386,0.0195871,0.00558183,0.076868,480,0.286776,0.392057,20.0161,1.53859,70.2381
421,0.569313,0.0386,0.00316392,0.00558183,0.0124166,480,0.286776,0.392057,123.915,1.53859,70.2381
422,0.385855,0.0386,0.0103215,0.00558183,0.040506,480,0.286776,0.392057,37.9844,1.53859,70.2381
423,0.0100847,0.0386,0.0077968,0.00558183,0.0305979,480,0.286776,0.392057,50.2843,1.53859,70.2381
424,0.606847,0.0386,0.0188888,0.00558183,0.0741275,480,0.286776,0.392057,20.7561,1.53859,70.2381
425,0.346367,0.0386,0.0628157,0.00558183,0.246515,480,0.286776,0.392057,6.24138,1.53859,70.2381
426,0.18063,0.0386,0.0112005,0.00558183,0.0439554,480,0.286776,0.392057,35.0035,1.53859,70.2381
427,0.478744,0.0386,0.0257351,0.00558183,0.100995,480,0.286776,0.392057,15.2343,1.53859,70.2381
428,0.160691,0.0386,0.0216031,0.00558183,0.0847796,480,0.286776,0.392057,18.1482,1.53859,70.2381
429,0.427252,0.0386,0.00893513,0.00558183,0.0350652,480,0.286776,0.392057,43.8781,1.53859,70.2381
430,0.0917184,0.0386,0.27585,0.00558183,1.08255,480,0.286776,0.392057,1.42127,1.53859,70.2381
431,0.596001,0.0386,0.0959692,0.00558183,0.376623,480,0.286776,0.392057,4.08524,1.53859,70.2381
432,0.195949,0.0386,0.0201364,0.00558183,0.0790235,480,0.286776,0.392057,19.4701,1.53859,70.2381
433,0.256496,0.0386,0.274254,0.00558183,1.07629,480,0.286776,0.392057,1.42954,1.53859,70.2381
434,0.759149,0.0386,0.0114615,0.00558183,0.0449795,480,0.286776,0.392057,34.2065,1.53859,70.2381
435,0.236004,0.0386,0.00720064,0.00558183,0.0282583,480,0.286776,0.392057,54.4475,1.53859,70.2381
436,0.434794,0.0386,0.111731,0.00558183,0.43848,480,0.286776,0.392057,3.50893,1.53859,70.2381
437,0.171089,0.0386,0.00902778,0.00558183,0.0354288,480,0.286776,0.392057,43.4278,1.53859,70.2381
438,0.62085,0.0386,0.0243828,0.00558183,0.0956881,480,0.286776,0.392057,16.0793,1.53859,70.2381
439,0.0838258,0.0386,0.0492147,0.00558183,0.193139,480,0.286776,0.392057,7.96626,1.53859,70.2381
440,0.653879,0.0386,0.0324589,0.00558183,0.127382,480,0.286776,0.392057,12.0786,1.53859,70.2381
441,0.354155,0.0386,0.0500779,0.00558183,0.196527,480,0.286776,0.392057,7.82894,1.53859,70.2381
442,0.299703,0.0386,0.0348269,0.00558183,0.136675,480,0.286776,0.392057,11.2573,1.53859,70.2381
443,0.201272,0.0386,0.0181777,0.00558183,0.071337,480,0.286776,0.392057,21.568,1.53859,70.2381
444,0.303024,0.0386,0.0297131,0.00558183,0.116607,480,0.286776,0.392057,13.1947,1.53859,70.2381
445,0.572091,0.0386,0.016653,0.00558183,0.0653533,480,0.286776,0.392057,23.5427,1.53859,70.2381
446,0.179695,0.0386,0.015193,0.00558183,0.0596239,480,0.286776,0.392057,25.805,1.53859,70.2381
447,0.255312,0.0386,0.00548617,0.00558183,0.02153,480,0.286776,0.392057,71.4628,1.53859,70.2381
448,0.138607,0.0386,0.043458,0.00558183,0.170547,480,0.286776,0.392057,9.02151,1.53859,70.2381
449,0.399632,0.0386,0.209974,0.00558183,0.824024,480,0.286776,0.392057,1.86717,1.53859,70.2381
450,0.201647,0.0386,0.0111916,0.00558183,0.0439206,480,0.286776,0.392057,35.0313,1.53859,70.2381
451,0.198004,0.0386,0.0112912,0.00558183,0.0443115,480,0.286776,0.392057,34.7222,1.53859,70.2381
452,0.411197,0.0386,0.0173132,0.00558183,0.0679443,480,0.286776,0.392057,22.6449,1.53859,70.2381
453,0.16521,0.0386,0.214407,0.00558183,0.841423,480,0.286776,0.392057,1.82856,1.53859,70.2381
454,0.353137,0.0386,0.0145535,0.00558183,0.0571141,480,0.286776,0.392057,26.939,1.53859,70.2381
455,0.270202,0.0386,0.0287886,0.00558183,0.112979,480,0.286776,0.392057,13.6185,1.53859,70.2381
456,0.469205,0.0386,0.0761928,0.00558183,0.299012,480,0.286776,0.392057,5.14559,1.53859,70.2381
457,0.455652,0.0386,0.00685356,0.00558183,0.0268962,480,0.286776,0.392057,57.2049,1.53859,70.2381
458,0.316956,0.0386,0.039701,0.00558183,0.155803,480,0.286776,0.392057,9.87525,1.53859,70.2381
459,0.652849,0.0386,0.010162,0.00558183,0.0398798,480,0.286776,0.392057,38.5808,1.53859,70.2381
460,0.194258,0.0386,0.0252574,0.00558183,0.0991207,480,0.286776,0.392057,15.5224,1.53859,70.2381
461,0.308352,0.0386,0.0759574,0.00558183,0.298089,480,0.286776,0.392057,5.16153,1.53859,70.2381
462,0.296438,0.0386,0.0752848,0.00558183,0.295449,480,0.286776,0.392057,5.20765,1.53859,70.2381
463,0.199849,0.0386,0.0618815,0.00558183,0.242849,480,0.286776,0.392057,6.3356,1.53859,70.2381
464,0.0715201,0.0386,0.0118818,0.00558183,0.0466293,480,0.286776,0.392057,32.9963,1.53859,70.2381
465,0.275321,0.0386,0.0340598,0.00558183,0.133665,480,0.286776,0.392057,11.5108,1.53859,70.2381
466,0.741072,0.0386,0.0366095,0.00558183,0.143671,480,0.286776,0.392057,10.7091,1.53859,70.2381
467,0.173239,0.0386,0.0120068,0.00558183,0.0471197,480,0.286776,0.392057,32.6529,1.53859,70.2381
468,0.207437,0.0386,0.00539596,0.00558183,0.021176,480,0.286776,0.392057,72.6574,1.53859,70.2381
469,0.499004,0.0386,0.113481,0.00558183,0.445346,480,0.286776,0.392057,3.45483,1.53859,70.2381
470,0.326534,0.0386,0.0231124,0.00558183,0.0907026,480,0.286776,0.392057,16.9631,1.53859,70.2381
471,0.338854,0.0386,0.0530416,0.00558183,0.208157,480,0.286776,0.392057,7.3915,1.53859,70.2381
472,0.590406,0.0386,0.0332342,0.00558183,0.130425,480,0.286776,0.392057,11.7968,1.53859,70.2381
473,0.112657,0.0386,0.00792542,0.00558183,0.0311027,480,0.286776,0.392057,49.4683,1.53859,70.2381
474,0.143583,0.0386,0.0917506,0.00558183,0.360068,480,0.286776,0.392057,4.27307,1.53859,70.2381
475,0.198654,0.0386,0.0678616,0.00558183,0.266317,480,0.286776,0.392057,5.7773,1.53859,70.2381
476,0.474937,0.0386,0.0716833,0.00558183,0.281315,480,0.286776,0.392057,5.46929,1.53859,70.2381
477,0.125631,0.0386,0.00775614,0.00558183,0.0304383,480,0.286776,0.392057,50.5479,1.53859,70.2381
478,0.108176,0.0386,0.00707456,0.00558183,0.0277635,480,0.286776,0.392057,55.4178,1.53859,70.2381
479,0.451919,0.0386,0.00193999,0.00558183,0.00761334,480,0.286776,0.392057,202.092,1.53859,70.2381
480,0.258194,0.0386,0.0836398,0.00558183,0.328238,480,0.286776,0.392057,4.68744,1.53859,70.2381
481,0.287221,0.0386,0.107122,0.00558183,0.420391,480,0.286776,0.392057,3.65992,1.53859,70.2381
482,0.205876,0.0386,0.0225761,0.00558183,0.0885983,480,0.286776,0.392057,17.366,1.53859,70.2381
483,0.901712,0.0386,0.039585,0.00558183,0.155348,480,0.286776,0.392057,9.90418,1.53859,70.2381
484,0.469437,0.0386,0.020294,0.00558183,0.0796421,480,0.286776,0.392057,19.3189,1.53859,70.2381
485,0.254568,0.0386,0.473863,0.00558183,1.85964,480,0.286776,0.392057,0.827362,1.53859,70.2381
486,0.0991872,0.0386,0.131304,0.00558183,0.515293,480,0.286776,0.392057,2.98586,1.53859,70.2381
487,0.0811638,0.0386,0.13131,0.00558183,0.515316,480,0.286776,0.392057,2.98573,1.53859,70.2381
488,0.881378,0.0386,0.0727282,0.00558183,0.285416,480,0.286776,0.392057,5.39071,1.53859,70.2381
489,0.150397,0.0386,0.00841238,0.00558183,0.0330137,480,0.286776,0.392057,46.6048,1.53859,70.2381
490,0.254522,0.0386,0.0111828,0.00558183,0.0438859,480,0.286776,0.392057,35.059,1.53859,70.2381
491,0.590228,0.0386,0.00544353,0.00558183,0.0213627,480,0.286776,0.392057,72.0226,1.53859,70.2381
492,0.263308,0.0386,0.0129352,0.00558183,0.050763,480,0.286776,0.392057,30.3094,1.53859,70.2381
493,0.103559,0.0386,0.029135,0.00558183,0.114338,480,0.286776,0.392057,13.4565,1.53859,70.2381
494,0.37315,0.0386,0.0176839,0.00558183,0.0693989,480,0.286776,0.392057,22.1703,1.53859,70.2381
495,0.278885,0.0386,0.0615642,0.00558183,0.241604,480,0.286776,0.392057,6.36826,1.53859,70.2381
496,0.482268,0.0386,0.00793681,0.00558183,0.0311474,480,0.286776,0.392057,49.3973,1.53859,70.2381
497,0.109486,0.0386,0.152457,0.00558183,0.598303,480,0.286776,0.392057,2.5716,1.53859,70.2381
498,0.159068,0.0386,0.0878769,0.00558183,0.344866,480,0.286776,0.392057,4.46143,1.53859,70.2381
499,0.617508,0.0386,0.0147448,0.00558183,0.0578646,480,0.286776,0.392057,26.5896,1.53859,70.2381
