-0,0
2.29909e-15,1
1.6584e-11,2
1.63339e-09,3
2.81016e-08,4
1.87683e-07,5
6.94403e-07,6
1.72042e-06,7
3.19596e-06,8
4.78793e-06,9
6.07895e-06,10
6.77608e-06,11
6.80572e-06,12
0.000148545,13
0.00112872,14
0.00440133,15
0.0107551,16
0.0188964,17
0.0265601,18
0.0321859,19
0.03523,20
0.0357911,21
0.0342703,22
0.0311882,23
0.0270968,24
0.0724758,25
0.114247,26
0.145109,27
0.166198,28
0.17957,29
0.186949,30
0.189628,31
0.188549,32
0.184398,33
0.177693,34
0.168847,35
0.158204,36
0.204465,37
0.23482,38
0.25367,39
0.264681,40
0.270474,41
0.27268,42
0.272216,43
0.269544,44
0.264879,45
0.258312,46
0.249899,47
0.239719,48
0.270315,49
0.286696,50
0.295085,51
0.299251,52
0.301079,53
0.301428,54
0.30065,55
0.298835,56
0.295918,57
0.291745,58
0.286117,59
0.278842,60
0.296261,61
0.304057,62
0.307635,63
0.309281,64
0.309915,65
0.309902,66
0.309365,67
0.308299,68
0.306616,69
0.304156,70
0.300697,71
0.295973,72
0.289706,73
0.281658,74
0.271693,75
0.259821,76
0.24619,77
0.231051,78
0.214699,79
0.197426,80
0.179495,81
0.161139,82
0.142572,83
0.124009,84
0.105693,85
0.0879223,86
0.0710665,87
0.0555643,88
0.0418734,89
0.0303697,90
0.0212299,91
0.0143679,92
0.00947438,93
0.006129,94
0.00391341,95
0.00247822,96
0.00156196,97
0.000982217,98
0.000617265,99
0.000388099,100
0.000244312,101
0.000154063,102
9.73549e-05,103
6.16644e-05,104
3.91573e-05,105
2.4932e-05,106
1.59193e-05,107
1.01942e-05,108
6.54778e-06,109
4.21866e-06,110
2.72665e-06,111
1.76803e-06,112
1.15023e-06,113
7.50821e-07,114
4.91784e-07,115
3.23237e-07,116
2.13205e-07,117
1.41133e-07,118
9.37631e-08,119
6.25213e-08,120
4.18442e-08,121
2.81106e-08,122
1.89562e-08,123
1.28319e-08,124
8.71985e-09,125
5.94859e-09,126
4.074e-09,127
2.80118e-09,128
1.93369e-09,129
1.34018e-09,130
9.32579e-10,131
6.51565e-10,132
4.57075e-10,133
3.21944e-10,134
2.27689e-10,135
1.61687e-10,136
1.15288e-10,137
8.25415e-11,138
5.93385e-11,139
4.28331e-11,140
3.10456e-11,141
2.2594e-11,142
1.65105e-11,143
1.21142e-11,144
8.92468e-12,145
6.60156e-12,146
4.90288e-12,147
3.65593e-12,148
2.73702e-12,149
2.05723e-12,150
1.55239e-12,151
1.17604e-12,152
8.94405e-13,153
6.82847e-13,154
5.23331e-13,155
4.02604e-13,156
3.10895e-13,157
2.40974e-13,158
1.8747e-13,159
1.46378e-13,160
1.14705e-13,161
9.02102e-14,162
7.11931e-14,163
5.63808e-14,164
4.48068e-14,165
3.57261e-14,166
2.85836e-14,167
2.29446e-14,168
1.8476e-14,169
1.49279e-14,170
1.20968e-14,171
9.83473e-15,172
8.02136e-15,173
6.55957e-15,174
5.37996e-15,175
4.42701e-15,176
3.64986e-15,177
3.02073e-15,178
2.50725e-15,179
2.08629e-15,180
1.73935e-15,181
1.45254e-15,182
1.21662e-15,183
1.02233e-15,184
8.60423e-16,185
7.26271e-16,186
6.15249e-16,187
5.2273e-16,188
4.44089e-16,189
3.79326e-16,190
3.23815e-16,191
2.77556e-16,192
2.35922e-16,193
2.03541e-16,194
1.75785e-16,195
1.52656e-16,196
1.29526e-16,197
1.11022e-16,198
9.71445e-17,199
8.32667e-17,200
7.40149e-17,201
6.4763e-17,202
5.55112e-17,203
5.08852e-17,204
4.16334e-17,205
3.70074e-17,206
3.23815e-17,207
2.77556e-17,208
2.77556e-17,209
2.31296e-17,210
1.85037e-17,211
1.85037e-17,212
1.38778e-17,213
1.38778e-17,214
1.38778e-17,215
9.25186e-18,216
9.25186e-18,217
9.25186e-18,218
9.25186e-18,219
4.62593e-18,220
4.62593e-18,221
4.62593e-18,222
4.62593e-18,223
4.62593e-18,224
4.62593e-18,225
4.62593e-18,226
4.62593e-18,227
4.62593e-18,228
4.62593e-18,229
-0,230
-0,231
-0,232
-0,233
-0,234
-0,235
-0,236
-0,237
-0,238
-0,239
-0,240
-0,241
-0,242
-0,243
-0,244
-0,245
-0,246
-0,247
-0,248
-0,249
-0,250
-0,251
-0,252
-0,253
-0,254
-0,255
-0,256
-0,257
-0,258
-0,259
-0,260
-0,261
-0,262
-0,263
-0,264
-0,265
-0,266
-0,267
-0,268
-0,269
-0,270
-0,271
-0,272
-0,273
-0,274
-0,275
-0,276
-0,277
-0,278
-0,279
-0,280
-0,281
-0,282
-0,283
-0,284
-0,285
-0,286
-0,287
-0,288
-0,289
-0,290
-0,291
-0,292
-0,293
-0,294
-0,295
-0,296
-0,297
-0,298
-0,299
-0,300
-0,301
-0,302
-0,303
-0,304
-0,305
-0,306
-0,307
-0,308
-0,309
-0,310
-0,311
-0,312
-0,313
-0,314
-0,315
-0,316
-0,317
-0,318
-0,319
-0,320
-0,321
-0,322
-0,323
-0,324
-0,325
-0,326
-0,327
-0,328
-0,329
-0,330
-0,331
-0,332
-0,333
-0,334
-0,335
-0,336
-0,337
-0,338
-0,339
-0,340
-0,341
-0,342
-0,343
-0,344
-0,345
-0,346
-0,347
-0,348
-0,349
-0,350
-0,351
-0,352
-0,353
-0,354
-0,355
-0,356
-0,357
-0,358
-0,359
-0,360
-0,361
-0,362
-0,363
-0,364
-0,365
-0,366
-0,367
-0,368
-0,369
-0,370
-0,371
-0,372
-0,373
-0,374
-0,375
-0,376
-0,377
-0,378
-0,379
-0,380
-0,381
-0,382
-0,383
-0,384
-0,385
-0,386
-0,387
-0,388
-0,389
-0,390
-0,391
-0,392
-0,393
-0,394
-0,395
-0,396
-0,397
-0,398
-0,399
-0,400
-0,401
-0,402
-0,403
-0,404
-0,405
-0,406
-0,407
-0,408
-0,409
-0,410
-0,411
-0,412
-0,413
-0,414
-0,415
-0,416
-0,417
-0,418
-0,419
-0,420
-0,421
-0,422
-0,423
-0,424
-0,425
-0,426
-0,427
-0,428
-0,429
-0,430
-0,431
-0,432
-0,433
-0,434
-0,435
-0,436
-0,437
-0,438
-0,439
-0,440
-0,441
-0,442
-0,443
-0,444
-0,445
-0,446
-0,447
-0,448
-0,449
-0,450
-0,451
-0,452
-0,453
-0,454
-0,455
-0,456
-0,457
-0,458
-0,459
-0,460
-0,461
-0,462
-0,463
-0,464
-0,465
-0,466
-0,467
-0,468
-0,469
-0,470
-0,471
-0,472
-0,473
-0,474
-0,475
-0,476
-0,477
-0,478
-0,479
-0,480
-0,481
-0,482
-0,483
-0,484
-0,485
-0,486
-0,487
-0,488
-0,489
-0,490
-0,491
-0,492
-0,493
-0,494
-0,495
-0,496
-0,497
-0,498
-0,499
-0,500
-0,501
-0,502
-0,503
-0,504
-0,505
-0,506
-0,507
-0,508
-0,509
-0,510
-0,511
-0,512
-0,513
-0,514
-0,515
-0,516
-0,517
-0,518
-0,519
-0,520
-0,521
-0,522
-0,523
-0,524
-0,525
-0,526
-0,527
-0,528
-0,529
-0,530
-0,531
-0,532
-0,533
-0,534
-0,535
-0,536
-0,537
-0,538
-0,539
-0,540
-0,541
-0,542
-0,543
-0,544
-0,545
-0,546
-0,547
-0,548
-0,549
-0,550
-0,551
-0,552
-0,553
-0,554
-0,555
-0,556
-0,557
-0,558
-0,559
-0,560
-0,561
-0,562
-0,563
-0,564
-0,565
-0,566
-0,567
-0,568
-0,569
-0,570
-0,571
-0,572
-0,573
-0,574
-0,575
-0,576
-0,577
-0,578
-0,579
-0,580
-0,581
-0,582
-0,583
-0,584
-0,585
-0,586
-0,587
-0,588
-0,589
-0,590
-0,591
-0,592
-0,593
-0,594
-0,595
-0,596
-0,597
-0,598
-0,599
-0,600
-0,601
-0,602
-0,603
-0,604
-0,605
-0,606
-0,607
-0,608
-0,609
-0,610
-0,611
-0,612
-0,613
-0,614
-0,615
-0,616
-0,617
-0,618
-0,619
-0,620
-0,621
-0,622
-0,623
-0,624
-0,625
-0,626
-0,627
-0,628
-0,629
-0,630
-0,631
-0,632
-0,633
-0,634
-0,635
-0,636
-0,637
-0,638
-0,639
-0,640
-0,641
-0,642
-0,643
-0,644
-0,645
-0,646
-0,647
-0,648
-0,649
-0,650
-0,651
-0,652
-0,653
-0,654
-0,655
-0,656
-0,657
-0,658
-0,659
-0,660
-0,661
-0,662
-0,663
-0,664
-0,665
-0,666
-0,667
-0,668
-0,669
-0,670
-0,671
-0,672
