-0,0
1.29732e-10,1
1.58179e-06,2
0.000258076,3
0.00670241,4
0.0439103,5
0.103031,6
0.155801,7
0.197002,8
0.22771,9
0.249703,10
0.264863,11
0.274978,12
0.311538,13
0.315885,14
0.316508,15
0.31664,16
0.316677,17
0.31669,18
0.316696,19
0.316699,20
0.3167,21
0.316701,22
0.316701,23
0.316701,24
0.316703,25
0.316704,26
0.316704,27
0.316704,28
0.316704,29
0.316704,30
0.316704,31
0.316704,32
0.316704,33
0.316704,34
0.316704,35
0.316704,36
0.316704,37
0.316704,38
0.316704,39
0.316704,40
0.316704,41
0.316704,42
0.316704,43
0.316704,44
0.316704,45
0.316704,46
0.316704,47
0.316704,48
0.316704,49
0.316704,50
0.316704,51
0.316704,52
0.316704,53
0.316704,54
0.316704,55
0.316704,56
0.316704,57
0.316704,58
0.316704,59
0.316704,60
0.316704,61
0.316704,62
0.316704,63
0.316704,64
0.316704,65
0.316704,66
0.316704,67
0.316704,68
0.316704,69
0.316704,70
0.316704,71
0.316704,72
0.316704,73
0.316704,74
0.316704,75
0.316704,76
0.316704,77
0.316704,78
0.316704,79
0.316704,80
0.316704,81
0.316704,82
0.316704,83
0.316704,84
0.316704,85
0.316704,86
0.316704,87
0.316704,88
0.316704,89
0.316704,90
0.316704,91
0.316704,92
0.316704,93
0.316704,94
0.316704,95
0.316703,96
0.316703,97
0.316702,98
0.3167,99
0.316698,100
0.316695,101
0.316689,102
0.316681,103
0.316667,104
0.316647,105
0.316614,106
0.316563,107
0.316483,108
0.316358,109
0.316164,110
0.315864,111
0.315402,112
0.314694,113
0.313619,114
0.31201,115
0.309643,116
0.306242,117
0.301507,118
0.295158,119
0.287013,120
0.277038,121
0.265367,122
0.252258,123
0.238029,124
0.222995,125
0.207429,126
0.191553,127
0.175543,128
0.159538,129
0.143659,130
0.128018,131
0.112733,132
0.0979369,133
0.0837848,134
0.070454,135
0.0581366,136
0.04702,137
0.0372589,138
0.0289434,139
0.0220778,140
0.0165784,141
0.0122922,142
0.00902805,143
0.00658745,144
0.00478755,145
0.00347286,146
0.00251854,147
0.00182824,148
0.00132965,149
0.000969508,150
0.000709066,151
0.000520348,152
0.000383247,153
0.000283347,154
0.000210313,155
0.000156732,156
0.000117278,157
8.81163e-05,158
6.64795e-05,159
5.03633e-05,160
3.83118e-05,161
2.92644e-05,162
2.24455e-05,163
1.72859e-05,164
1.33665e-05,165
1.03775e-05,166
8.08923e-06,167
6.33056e-06,168
4.97375e-06,169
3.92298e-06,170
3.10613e-06,171
2.46875e-06,172
1.96956e-06,173
1.57716e-06,174
1.26758e-06,175
1.02247e-06,176
8.27701e-07,177
6.72399e-07,178
5.48135e-07,179
4.48364e-07,180
3.67989e-07,181
3.03023e-07,182
2.50339e-07,183
2.07477e-07,184
1.72495e-07,185
1.43854e-07,186
1.20332e-07,187
1.00956e-07,188
8.4947e-08,189
7.16812e-08,190
6.06567e-08,191
5.14687e-08,192
4.37899e-08,193
3.73548e-08,194
3.19475e-08,195
2.73918e-08,196
2.35437e-08,197
2.02849e-08,198
1.75183e-08,199
1.51638e-08,200
1.31553e-08,201
1.14378e-08,202
9.96583e-09,203
8.70143e-09,204
7.61293e-09,205
6.67383e-09,206
5.8619e-09,207
5.15847e-09,208
4.5478e-09,209
4.01661e-09,210
3.55365e-09,211
3.1494e-09,212
2.79575e-09,213
2.48581e-09,214
2.2137e-09,215
1.97437e-09,216
1.76353e-09,217
1.57748e-09,218
1.41303e-09,219
1.26745e-09,220
1.13838e-09,221
1.02376e-09,222
9.21839e-10,223
8.31071e-10,224
7.50124e-10,225
6.77838e-10,226
6.13198e-10,227
5.55322e-10,228
5.03436e-10,229
4.56862e-10,230
4.15006e-10,231
3.77345e-10,232
3.43421e-10,233
3.12829e-10,234
2.85211e-10,235
2.60252e-10,236
2.37672e-10,237
2.17224e-10,238
1.98689e-10,239
1.81872e-10,240
1.66599e-10,241
1.52716e-10,242
1.40085e-10,243
1.28584e-10,244
1.18103e-10,245
1.08543e-10,246
9.98173e-11,247
9.18463e-11,248
8.45596e-11,249
7.78934e-11,250
7.17908e-11,251
6.62001e-11,252
6.10751e-11,253
5.63739e-11,254
5.20588e-11,255
4.80956e-11,256
4.44536e-11,257
4.11046e-11,258
3.80234e-11,259
3.51872e-11,260
3.25749e-11,261
3.01677e-11,262
2.79485e-11,263
2.59014e-11,264
2.40124e-11,265
2.22684e-11,266
2.06575e-11,267
1.91689e-11,268
1.77929e-11,269
1.65203e-11,270
1.5343e-11,271
1.42534e-11,272
1.32446e-11,273
1.23102e-11,274
1.14445e-11,275
1.06422e-11,276
9.89832e-12,277
9.20848e-12,278
8.56851e-12,279
7.97465e-12,280
7.42341e-12,281
6.9116e-12,282
6.43626e-12,283
5.99468e-12,284
5.58436e-12,285
5.203e-12,286
4.84845e-12,287
4.51878e-12,288
4.21216e-12,289
3.92691e-12,290
3.6615e-12,291
3.4145e-12,292
3.18457e-12,293
2.97051e-12,294
2.77118e-12,295
2.58553e-12,296
2.4126e-12,297
2.25148e-12,298
2.10135e-12,299
1.96144e-12,300
1.83102e-12,301
1.70945e-12,302
1.59609e-12,303
1.49039e-12,304
1.39181e-12,305
1.29986e-12,306
1.21409e-12,307
1.13407e-12,308
1.0594e-12,309
9.89718e-13,310
9.24686e-13,311
8.63989e-13,312
8.07331e-13,313
7.54438e-13,314
7.05056e-13,315
6.58945e-13,316
6.15882e-13,317
5.75669e-13,318
5.38111e-13,319
5.03028e-13,320
4.70258e-13,321
4.39644e-13,322
4.11046e-13,323
3.84322e-13,324
3.59351e-13,325
3.36018e-13,326
3.14216e-13,327
2.93839e-13,328
2.74789e-13,329
2.56989e-13,330
2.40349e-13,331
2.24797e-13,332
2.10258e-13,333
1.96662e-13,334
1.83955e-13,335
1.72071e-13,336
1.60959e-13,337
1.50574e-13,338
1.4086e-13,339
1.31774e-13,340
1.23281e-13,341
1.15334e-13,342
1.07904e-13,343
1.00956e-13,344
9.44568e-14,345
8.83784e-14,346
8.26931e-14,347
7.73733e-14,348
7.24004e-14,349
6.77467e-14,350
6.33937e-14,351
5.93183e-14,352
5.55112e-14,353
5.19446e-14,354
4.86093e-14,355
4.54914e-14,356
4.25724e-14,357
3.98385e-14,358
3.7285e-14,359
3.48934e-14,360
3.26544e-14,361
3.05635e-14,362
2.86021e-14,363
2.67703e-14,364
2.5054e-14,365
2.34488e-14,366
2.19454e-14,367
2.05438e-14,368
1.92254e-14,369
1.79949e-14,370
1.6843e-14,371
1.57652e-14,372
1.47567e-14,373
1.3813e-14,374
1.29295e-14,375
1.21014e-14,376
1.13289e-14,377
1.06026e-14,378
9.92262e-15,379
9.28887e-15,380
8.69675e-15,381
8.14164e-15,382
7.61891e-15,383
7.13318e-15,384
6.67522e-15,385
6.24963e-15,386
5.8518e-15,387
5.4771e-15,388
5.12553e-15,389
4.79709e-15,390
4.49178e-15,391
4.20497e-15,392
3.93667e-15,393
3.68687e-15,394
3.45094e-15,395
3.2289e-15,396
3.02073e-15,397
2.83107e-15,398
2.65066e-15,399
2.4795e-15,400
2.32222e-15,401
2.17419e-15,402
2.03541e-15,403
1.90588e-15,404
1.78098e-15,405
1.66996e-15,406
1.56356e-15,407
1.46179e-15,408
1.36928e-15,409
1.28138e-15,410
1.19812e-15,411
1.1241e-15,412
1.05009e-15,413
9.85323e-16,414
9.2056e-16,415
8.65049e-16,416
8.09538e-16,417
7.58652e-16,418
7.07767e-16,419
6.61508e-16,420
6.19875e-16,421
5.82867e-16,422
5.4586e-16,423
5.08852e-16,424
4.76471e-16,425
4.44089e-16,426
4.16334e-16,427
3.93204e-16,428
3.65448e-16,429
3.42319e-16,430
3.19189e-16,431
3.00685e-16,432
2.82182e-16,433
2.63678e-16,434
2.45174e-16,435
2.31296e-16,436
2.17419e-16,437
2.03541e-16,438
1.89663e-16,439
1.75785e-16,440
1.66533e-16,441
1.57282e-16,442
1.43404e-16,443
1.34152e-16,444
1.29526e-16,445
1.20274e-16,446
1.11022e-16,447
1.06396e-16,448
9.71445e-17,449
9.25186e-17,450
8.78927e-17,451
7.86408e-17,452
7.40149e-17,453
6.93889e-17,454
6.4763e-17,455
6.01371e-17,456
6.01371e-17,457
5.55112e-17,458
5.08852e-17,459
4.62593e-17,460
4.62593e-17,461
4.16334e-17,462
3.70074e-17,463
3.70074e-17,464
3.23815e-17,465
3.23815e-17,466
2.77556e-17,467
2.77556e-17,468
2.77556e-17,469
2.31296e-17,470
2.31296e-17,471
2.31296e-17,472
1.85037e-17,473
1.85037e-17,474
1.85037e-17,475
1.85037e-17,476
1.38778e-17,477
1.38778e-17,478
1.38778e-17,479
1.38778e-17,480
1.38778e-17,481
9.25186e-18,482
9.25186e-18,483
9.25186e-18,484
9.25186e-18,485
9.25186e-18,486
9.25186e-18,487
9.25186e-18,488
9.25186e-18,489
4.62593e-18,490
4.62593e-18,491
4.62593e-18,492
4.62593e-18,493
4.62593e-18,494
4.62593e-18,495
4.62593e-18,496
4.62593e-18,497
4.62593e-18,498
4.62593e-18,499
4.62593e-18,500
4.62593e-18,501
4.62593e-18,502
4.62593e-18,503
4.62593e-18,504
4.62593e-18,505
-0,506
-0,507
-0,508
-0,509
-0,510
-0,511
-0,512
-0,513
-0,514
-0,515
-0,516
-0,517
-0,518
-0,519
-0,520
-0,521
-0,522
-0,523
-0,524
-0,525
-0,526
-0,527
-0,528
-0,529
-0,530
-0,531
-0,532
-0,533
-0,534
-0,535
-0,536
-0,537
-0,538
-0,539
-0,540
-0,541
-0,542
-0,543
-0,544
-0,545
-0,546
-0,547
-0,548
-0,549
-0,550
-0,551
-0,552
-0,553
-0,554
-0,555
-0,556
-0,557
-0,558
-0,559
-0,560
-0,561
-0,562
-0,563
-0,564
-0,565
-0,566
-0,567
-0,568
-0,569
-0,570
-0,571
-0,572
-0,573
-0,574
-0,575
-0,576
-0,577
-0,578
-0,579
-0,580
-0,581
-0,582
-0,583
-0,584
-0,585
-0,586
-0,587
-0,588
-0,589
-0,590
-0,591
-0,592
-0,593
-0,594
-0,595
-0,596
-0,597
-0,598
-0,599
-0,600
-0,601
-0,602
-0,603
-0,604
-0,605
-0,606
-0,607
-0,608
-0,609
-0,610
-0,611
-0,612
-0,613
-0,614
-0,615
-0,616
-0,617
-0,618
-0,619
-0,620
-0,621
-0,622
-0,623
-0,624
-0,625
-0,626
-0,627
-0,628
-0,629
-0,630
-0,631
-0,632
-0,633
-0,634
-0,635
-0,636
-0,637
-0,638
-0,639
-0,640
-0,641
-0,642
-0,643
-0,644
-0,645
-0,646
-0,647
-0,648
-0,649
-0,650
-0,651
-0,652
-0,653
-0,654
-0,655
-0,656
-0,657
-0,658
-0,659
-0,660
-0,661
-0,662
-0,663
-0,664
-0,665
-0,666
-0,667
-0,668
-0,669
-0,670
-0,671
-0,672
