PID,i_lum_F1_indiv,i_lum_k12(KA),i_lum_k23(Q/V),i_lum_k32(Q/VP),i_lum_k20(CL/V),total_mg_dose_per_occassion,DS,Q,V,CL,VP
0,0.233084,0.0386,0.0191072,0.00558183,0.0749846,480,0.286776,0.392057,20.5188,1.53859,70.2381
1,0.0898759,0.0386,0.0147125,0.00558183,0.0577379,480,0.286776,0.392057,26.6479,1.53859,70.2381
2,0.268419,0.0386,0.0633313,0.00558183,0.248539,480,0.286776,0.392057,6.19057,1.53859,70.2381
3,0.328632,0.0386,0.138015,0.00558183,0.541627,480,0.286776,0.392057,2.84069,1.53859,70.2381
4,0.371388,0.0386,0.0605571,0.00558183,0.237651,480,0.286776,0.392057,6.47417,1.53859,70.2381
5,0.236292,0.0386,0.0292446,0.00558183,0.114768,480,0.286776,0.392057,13.4061,1.53859,70.2381
6,0.156028,0.0386,0.0130239,0.00558183,0.0511112,480,0.286776,0.392057,30.1029,1.53859,70.2381
7,0.579782,0.0386,0.00554293,0.00558183,0.0217528,480,0.286776,0.392057,70.7309,1.53859,70.2381
8,0.393205,0.0386,0.00803398,0.00558183,0.0315287,480,0.286776,0.392057,48.7998,1.53859,70.2381
9,0.452536,0.0386,0.00551198,0.00558183,0.0216313,480,0.286776,0.392057,71.1281,1.53859,70.2381
10,0.326979,0.0386,0.0698694,0.00558183,0.274197,480,0.286776,0.392057,5.61128,1.53859,70.2381
11,0.205881,0.0386,0.24071,0.00558183,0.944647,480,0.286776,0.392057,1.62875,1.53859,70.2381
12,0.32606,0.0386,0.13456,0.00558183,0.52807,480,0.286776,0.392057,2.91362,1.53859,70.2381
13,0.384714,0.0386,0.0231058,0.00558183,0.0906769,480,0.286776,0.392057,16.9679,1.53859,70.2381
14,0.365317,0.0386,0.196261,0.00558183,0.770212,480,0.286776,0.392057,1.99763,1.53859,70.2381
15,0.388263,0.0386,0.0146485,0.00558183,0.0574868,480,0.286776,0.392057,26.7643,1.53859,70.2381
16,0.331777,0.0386,0.0406284,0.00558183,0.159443,480,0.286776,0.392057,9.64982,1.53859,70.2381
17,0.308465,0.0386,0.0209196,0.00558183,0.0820974,480,0.286776,0.392057,18.7411,1.53859,70.2381
18,0.154382,0.0386,0.0107069,0.00558183,0.0420184,480,0.286776,0.392057,36.6172,1.53859,70.2381
19,0.138588,0.0386,0.0475461,0.00558183,0.186591,480,0.286776,0.392057,8.24583,1.53859,70.2381
20,0.42412,0.0386,0.106213,0.00558183,0.416823,480,0.286776,0.392057,3.69124,1.53859,70.2381
21,0.188855,0.0386,0.100759,0.00558183,0.395421,480,0.286776,0.392057,3.89103,1.53859,70.2381
22,0.867714,0.0386,0.0602409,0.00558183,0.23641,480,0.286776,0.392057,6.50815,1.53859,70.2381
23,0.175805,0.0386,0.136081,0.00558183,0.534037,480,0.286776,0.392057,2.88106,1.53859,70.2381
24,0.157935,0.0386,0.0206822,0.00558183,0.0811656,480,0.286776,0.392057,18.9562,1.53859,70.2381
25,0.362124,0.0386,0.0795401,0.00558183,0.312149,480,0.286776,0.392057,4.92905,1.53859,70.2381
26,0.379143,0.0386,0.0133406,0.00558183,0.0523541,480,0.286776,0.392057,29.3882,1.53859,70.2381
27,0.992855,0.0386,0.119136,0.00558183,0.467541,480,0.286776,0.392057,3.29082,1.53859,70.2381
28,0.165328,0.0386,0.0238797,0.00558183,0.093714,480,0.286776,0.392057,16.418,1.53859,70.2381
29,0.119307,0.0386,0.0437405,0.00558183,0.171656,480,0.286776,0.392057,8.96325,1.53859,70.2381
30,0.654261,0.0386,0.286772,0.00558183,1.12541,480,0.286776,0.392057,1.36714,1.53859,70.2381
31,0.534283,0.0386,0.0700833,0.00558183,0.275036,480,0.286776,0.392057,5.59415,1.53859,70.2381
32,0.149426,0.0386,0.0110978,0.00558183,0.0435523,480,0.286776,0.392057,35.3275,1.53859,70.2381
33,0.246635,0.0386,0.0104322,0.00558183,0.0409402,480,0.286776,0.392057,37.5815,1.53859,70.2381
34,0.252234,0.0386,0.0443597,0.00558183,0.174086,480,0.286776,0.392057,8.83812,1.53859,70.2381
35,0.0816166,0.0386,0.045725,0.00558183,0.179444,480,0.286776,0.392057,8.57423,1.53859,70.2381
36,0.3331,0.0386,0.0202092,0.00558183,0.0793094,480,0.286776,0.392057,19.3999,1.53859,70.2381
37,0.1778,0.0386,0.0641312,0.00558183,0.251678,480,0.286776,0.392057,6.11335,1.53859,70.2381
38,0.405192,0.0386,0.0354649,0.00558183,0.139179,480,0.286776,0.392057,11.0548,1.53859,70.2381
39,0.460933,0.0386,0.134581,0.00558183,0.52815,480,0.286776,0.392057,2.91318,1.53859,70.2381
40,0.357895,0.0386,0.03671,0.00558183,0.144065,480,0.286776,0.392057,10.6798,1.53859,70.2381
41,0.32145,0.0386,0.0122841,0.00558183,0.048208,480,0.286776,0.392057,31.9158,1.53859,70.2381
42,0.371208,0.0386,0.0725574,0.00558183,0.284746,480,0.286776,0.392057,5.4034,1.53859,70.2381
43,0.162164,0.0386,0.0454929,0.00558183,0.178533,480,0.286776,0.392057,8.61797,1.53859,70.2381
44,0.23782,0.0386,0.286066,0.00558183,1.12264,480,0.286776,0.392057,1.37051,1.53859,70.2381
45,0.244955,0.0386,0.00560377,0.00558183,0.0219915,480,0.286776,0.392057,69.9631,1.53859,70.2381
46,0.371926,0.0386,0.00260172,0.00558183,0.0102102,480,0.286776,0.392057,150.691,1.53859,70.2381
47,0.263992,0.0386,0.00609412,0.00558183,0.0239159,480,0.286776,0.392057,64.3336,1.53859,70.2381
48,0.767629,0.0386,0.0117879,0.00558183,0.0462608,480,0.286776,0.392057,33.2591,1.53859,70.2381
49,0.16352,0.0386,0.0123527,0.00558183,0.0484772,480,0.286776,0.392057,31.7385,1.53859,70.2381
50,0.394336,0.0386,0.025421,0.00558183,0.0997627,480,0.286776,0.392057,15.4226,1.53859,70.2381
51,0.136738,0.0386,0.00172736,0.00558183,0.00677888,480,0.286776,0.392057,226.969,1.53859,70.2381
52,0.103213,0.0386,0.0287697,0.00558183,0.112904,480,0.286776,0.392057,13.6274,1.53859,70.2381
53,0.460296,0.0386,0.00661936,0.00558183,0.0259771,480,0.286776,0.392057,59.2288,1.53859,70.2381
54,0.132084,0.0386,0.0299932,0.00558183,0.117706,480,0.286776,0.392057,13.0715,1.53859,70.2381
55,0.221887,0.0386,0.0662637,0.00558183,0.260047,480,0.286776,0.392057,5.91661,1.53859,70.2381
56,0.249517,0.0386,0.222393,0.00558183,0.872761,480,0.286776,0.392057,1.7629,1.53859,70.2381
57,0.643655,0.0386,0.0475466,0.00558183,0.186593,480,0.286776,0.392057,8.24573,1.53859,70.2381
58,0.549685,0.0386,0.0101323,0.00558183,0.0397633,480,0.286776,0.392057,38.6939,1.53859,70.2381
59,0.459297,0.0386,0.0387254,0.00558183,0.151975,480,0.286776,0.392057,10.124,1.53859,70.2381
60,0.278265,0.0386,0.0160168,0.00558183,0.0628567,480,0.286776,0.392057,24.4778,1.53859,70.2381
61,0.201914,0.0386,0.03109,0.00558183,0.12201,480,0.286776,0.392057,12.6104,1.53859,70.2381
62,0.43994,0.0386,0.0623286,0.00558183,0.244604,480,0.286776,0.392057,6.29016,1.53859,70.2381
63,0.0982074,0.0386,0.0342759,0.00558183,0.134513,480,0.286776,0.392057,11.4383,1.53859,70.2381
64,0.250057,0.0386,0.0535336,0.00558183,0.210088,480,0.286776,0.392057,7.32356,1.53859,70.2381
65,0.333687,0.0386,0.00625204,0.00558183,0.0245356,480,0.286776,0.392057,62.7086,1.53859,70.2381
66,0.150623,0.0386,0.0274031,0.00558183,0.107541,480,0.286776,0.392057,14.307,1.53859,70.2381
67,0.293932,0.0386,0.0683199,0.00558183,0.268116,480,0.286776,0.392057,5.73854,1.53859,70.2381
68,0.12104,0.0386,0.0942239,0.00558183,0.369774,480,0.286776,0.392057,4.16091,1.53859,70.2381
69,0.0186021,0.0386,0.0143259,0.00558183,0.056221,480,0.286776,0.392057,27.3669,1.53859,70.2381
70,0.510987,0.0386,0.00157329,0.00558183,0.00617425,480,0.286776,0.392057,249.195,1.53859,70.2381
71,0.595514,0.0386,0.00732182,0.00558183,0.0287339,480,0.286776,0.392057,53.5464,1.53859,70.2381
72,0.229356,0.0386,0.0449346,0.00558183,0.176342,480,0.286776,0.392057,8.72505,1.53859,70.2381
73,0.258673,0.0386,0.0738128,0.00558183,0.289672,480,0.286776,0.392057,5.3115,1.53859,70.2381
74,0.164099,0.0386,0.0172971,0.00558183,0.0678812,480,0.286776,0.392057,22.666,1.53859,70.2381
75,0.219614,0.0386,0.00915145,0.00558183,0.0359141,480,0.286776,0.392057,42.8409,1.53859,70.2381
76,0.324193,0.0386,0.0255867,0.00558183,0.100413,480,0.286776,0.392057,15.3227,1.53859,70.2381
77,0.211598,0.0386,0.0332419,0.00558183,0.130455,480,0.286776,0.392057,11.7941,1.53859,70.2381
78,0.153411,0.0386,0.158201,0.00558183,0.620847,480,0.286776,0.392057,2.47822,1.53859,70.2381
79,0.0357451,0.0386,0.0224177,0.00558183,0.0879764,480,0.286776,0.392057,17.4887,1.53859,70.2381
80,0.156815,0.0386,0.0178597,0.00558183,0.0700888,480,0.286776,0.392057,21.9521,1.53859,70.2381
81,0.261398,0.0386,0.0148018,0.00558183,0.0580885,480,0.286776,0.392057,26.4871,1.53859,70.2381
82,0.548988,0.0386,0.00232102,0.00558183,0.00910864,480,0.286776,0.392057,168.916,1.53859,70.2381
83,0.21885,0.0386,0.0901078,0.00558183,0.353621,480,0.286776,0.392057,4.35098,1.53859,70.2381
84,0.187464,0.0386,0.0247662,0.00558183,0.0971931,480,0.286776,0.392057,15.8303,1.53859,70.2381
85,0.195807,0.0386,0.00933105,0.00558183,0.0366189,480,0.286776,0.392057,42.0164,1.53859,70.2381
86,0.166638,0.0386,0.0408588,0.00558183,0.160347,480,0.286776,0.392057,9.59541,1.53859,70.2381
87,0.254824,0.0386,0.00525139,0.00558183,0.0206087,480,0.286776,0.392057,74.6577,1.53859,70.2381
88,0.248182,0.0386,0.00649412,0.00558183,0.0254856,480,0.286776,0.392057,60.371,1.53859,70.2381
89,1.0353,0.0386,0.00731258,0.00558183,0.0286976,480,0.286776,0.392057,53.614,1.53859,70.2381
90,0.106166,0.0386,0.0583257,0.00558183,0.228895,480,0.286776,0.392057,6.72185,1.53859,70.2381
91,0.304105,0.0386,0.143486,0.00558183,0.563101,480,0.286776,0.392057,2.73236,1.53859,70.2381
92,0.168341,0.0386,0.179831,0.00558183,0.705734,480,0.286776,0.392057,2.18014,1.53859,70.2381
93,0.278471,0.0386,0.0270383,0.00558183,0.10611,480,0.286776,0.392057,14.5001,1.53859,70.2381
94,0.0639086,0.0386,0.0237714,0.00558183,0.0932889,480,0.286776,0.392057,16.4928,1.53859,70.2381
95,0.673581,0.0386,0.033798,0.00558183,0.132637,480,0.286776,0.392057,11.6,1.53859,70.2381
96,0.759806,0.0386,0.0172042,0.00558183,0.0675166,480,0.286776,0.392057,22.7884,1.53859,70.2381
97,0.205384,0.0386,0.086129,0.00558183,0.338006,480,0.286776,0.392057,4.55197,1.53859,70.2381
98,0.103384,0.0386,0.0373986,0.00558183,0.146768,480,0.286776,0.392057,10.4832,1.53859,70.2381
99,0.440863,0.0386,0.0294896,0.00558183,0.11573,480,0.286776,0.392057,13.2948,1.53859,70.2381
100,0.363347,0.0386,0.044577,0.00558183,0.174939,480,0.286776,0.392057,8.79505,1.53859,70.2381
101,0.1293,0.0386,0.0164327,0.00558183,0.0644887,480,0.286776,0.392057,23.8584,1.53859,70.2381
102,0.0341893,0.0386,0.0518192,0.00558183,0.20336,480,0.286776,0.392057,7.56586,1.53859,70.2381
103,0.238697,0.0386,0.00299282,0.00558183,0.0117451,480,0.286776,0.392057,130.999,1.53859,70.2381
104,0.845962,0.0386,0.012118,0.00558183,0.0475562,480,0.286776,0.392057,32.3532,1.53859,70.2381
105,0.219481,0.0386,0.0127405,0.00558183,0.049999,480,0.286776,0.392057,30.7725,1.53859,70.2381
106,0.28658,0.0386,0.130319,0.00558183,0.511426,480,0.286776,0.392057,3.00844,1.53859,70.2381
107,0.381162,0.0386,0.14029,0.00558183,0.550556,480,0.286776,0.392057,2.79462,1.53859,70.2381
108,0.643022,0.0386,0.0283639,0.00558183,0.111312,480,0.286776,0.392057,13.8224,1.53859,70.2381
109,0.764435,0.0386,0.0143996,0.00558183,0.0565101,480,0.286776,0.392057,27.2269,1.53859,70.2381
110,0.203582,0.0386,0.0395523,0.00558183,0.15522,480,0.286776,0.392057,9.91237,1.53859,70.2381
111,0.236215,0.0386,0.509688,0.00558183,2.00023,480,0.286776,0.392057,0.769209,1.53859,70.2381
112,0.575549,0.0386,0.0241971,0.00558183,0.0949597,480,0.286776,0.392057,16.2026,1.53859,70.2381
113,0.627217,0.0386,0.0478619,0.00558183,0.18783,480,0.286776,0.392057,8.19142,1.53859,70.2381
114,0.267849,0.0386,0.0659912,0.00558183,0.258977,480,0.286776,0.392057,5.94105,1.53859,70.2381
115,0.185478,0.0386,0.0493006,0.00558183,0.193476,480,0.286776,0.392057,7.95238,1.53859,70.2381
116,0.858704,0.0386,0.0500082,0.00558183,0.196253,480,0.286776,0.392057,7.83985,1.53859,70.2381
117,0.018185,0.0386,0.0235682,0.00558183,0.0924917,480,0.286776,0.392057,16.635,1.53859,70.2381
118,0.391269,0.0386,0.025008,0.00558183,0.0981418,480,0.286776,0.392057,15.6773,1.53859,70.2381
119,0.845679,0.0386,0.0581289,0.00558183,0.228122,480,0.286776,0.392057,6.74461,1.53859,70.2381
120,0.348145,0.0386,0.0311314,0.00558183,0.122173,480,0.286776,0.392057,12.5936,1.53859,70.2381
121,0.292824,0.0386,0.0226489,0.00558183,0.088884,480,0.286776,0.392057,17.3102,1.53859,70.2381
122,0.0946671,0.0386,0.14267,0.00558183,0.559898,480,0.286776,0.392057,2.74799,1.53859,70.2381
123,0.191257,0.0386,0.0643482,0.00558183,0.252529,480,0.286776,0.392057,6.09274,1.53859,70.2381
124,0.37664,0.0386,0.0190568,0.00558183,0.074787,480,0.286776,0.392057,20.573,1.53859,70.2381
125,0.487148,0.0386,0.0405584,0.00558183,0.159168,480,0.286776,0.392057,9.66648,1.53859,70.2381
126,0.17197,0.0386,0.0167698,0.00558183,0.0658118,480,0.286776,0.392057,23.3787,1.53859,70.2381
127,0.22289,0.0386,0.250624,0.00558183,0.983553,480,0.286776,0.392057,1.56432,1.53859,70.2381
128,0.311922,0.0386,0.0575837,0.00558183,0.225983,480,0.286776,0.392057,6.80846,1.53859,70.2381
129,0.29803,0.0386,0.0207529,0.00558183,0.081443,480,0.286776,0.392057,18.8917,1.53859,70.2381
130,0.260521,0.0386,0.014457,0.00558183,0.0567352,480,0.286776,0.392057,27.1189,1.53859,70.2381
131,0.376674,0.0386,0.00344439,0.00558183,0.0135172,480,0.286776,0.392057,113.825,1.53859,70.2381
132,0.125558,0.0386,0.0327783,0.00558183,0.128636,480,0.286776,0.392057,11.9609,1.53859,70.2381
133,0.120064,0.0386,0.296994,0.00558183,1.16553,480,0.286776,0.392057,1.32008,1.53859,70.2381
134,0.266603,0.0386,0.0430438,0.00558183,0.168922,480,0.286776,0.392057,9.10831,1.53859,70.2381
135,0.356157,0.0386,0.0024799,0.00558183,0.00973218,480,0.286776,0.392057,158.094,1.53859,70.2381
136,0.200943,0.0386,0.0284551,0.00558183,0.11167,480,0.286776,0.392057,13.7781,1.53859,70.2381
137,0.441445,0.0386,0.00963603,0.00558183,0.0378158,480,0.286776,0.392057,40.6865,1.53859,70.2381
138,0.0798341,0.0386,0.315206,0.00558183,1.237,480,0.286776,0.392057,1.24381,1.53859,70.2381
139,0.587426,0.0386,0.0660145,0.00558183,0.259069,480,0.286776,0.392057,5.93895,1.53859,70.2381
140,0.304704,0.0386,0.0201116,0.00558183,0.0789263,480,0.286776,0.392057,19.4941,1.53859,70.2381
141,0.297101,0.0386,0.0361004,0.00558183,0.141673,480,0.286776,0.392057,10.8602,1.53859,70.2381
142,0.115524,0.0386,0.00656144,0.00558183,0.0257498,480,0.286776,0.392057,59.7516,1.53859,70.2381
143,0.654873,0.0386,0.0439566,0.00558183,0.172504,480,0.286776,0.392057,8.91918,1.53859,70.2381
144,0.0962176,0.0386,0.0108302,0.00558183,0.0425021,480,0.286776,0.392057,36.2005,1.53859,70.2381
145,0.450003,0.0386,0.0537952,0.00558183,0.211115,480,0.286776,0.392057,7.28795,1.53859,70.2381
146,0.167063,0.0386,0.0348845,0.00558183,0.136901,480,0.286776,0.392057,11.2387,1.53859,70.2381
147,0.0687321,0.0386,0.019103,0.00558183,0.0749683,480,0.286776,0.392057,20.5233,1.53859,70.2381
148,0.0656152,0.0386,0.00240563,0.00558183,0.00944071,480,0.286776,0.392057,162.974,1.53859,70.2381
149,0.09113,0.0386,0.025318,0.00558183,0.0993584,480,0.286776,0.392057,15.4853,1.53859,70.2381
150,0.418287,0.0386,0.050247,0.00558183,0.19719,480,0.286776,0.392057,7.8026,1.53859,70.2381
151,0.16644,0.0386,0.00573155,0.00558183,0.022493,480,0.286776,0.392057,68.4033,1.53859,70.2381
152,0.244496,0.0386,0.17649,0.00558183,0.692619,480,0.286776,0.392057,2.22142,1.53859,70.2381
153,0.318815,0.0386,0.0680623,0.00558183,0.267105,480,0.286776,0.392057,5.76026,1.53859,70.2381
154,0.766763,0.0386,0.332639,0.00558183,1.30541,480,0.286776,0.392057,1.17863,1.53859,70.2381
155,0.392009,0.0386,0.00698984,0.00558183,0.0274311,480,0.286776,0.392057,56.0895,1.53859,70.2381
156,0.446905,0.0386,0.00869598,0.00558183,0.0341266,480,0.286776,0.392057,45.0849,1.53859,70.2381
157,0.349448,0.0386,0.00523245,0.00558183,0.0205343,480,0.286776,0.392057,74.928,1.53859,70.2381
158,0.451273,0.0386,0.0618386,0.00558183,0.242681,480,0.286776,0.392057,6.34,1.53859,70.2381
159,0.19323,0.0386,0.015916,0.00558183,0.0624609,480,0.286776,0.392057,24.6329,1.53859,70.2381
160,0.821178,0.0386,0.0526857,0.00558183,0.206761,480,0.286776,0.392057,7.44143,1.53859,70.2381
161,0.144163,0.0386,0.0108959,0.00558183,0.0427603,480,0.286776,0.392057,35.9819,1.53859,70.2381
162,0.103261,0.0386,0.0312352,0.00558183,0.12258,480,0.286776,0.392057,12.5518,1.53859,70.2381
163,0.511508,0.0386,0.139423,0.00558183,0.547154,480,0.286776,0.392057,2.812,1.53859,70.2381
164,0.219583,0.0386,0.123558,0.00558183,0.484894,480,0.286776,0.392057,3.17305,1.53859,70.2381
165,0.176093,0.0386,0.0129166,0.00558183,0.05069,480,0.286776,0.392057,30.353,1.53859,70.2381
166,0.359366,0.0386,0.0484346,0.00558183,0.190078,480,0.286776,0.392057,8.09456,1.53859,70.2381
167,0.144595,0.0386,0.0815039,0.00558183,0.319856,480,0.286776,0.392057,4.81028,1.53859,70.2381
168,1.00997,0.0386,0.0180737,0.00558183,0.0709288,480,0.286776,0.392057,21.6921,1.53859,70.2381
169,0.669504,0.0386,0.0218476,0.00558183,0.0857391,480,0.286776,0.392057,17.9451,1.53859,70.2381
170,0.200825,0.0386,0.0158616,0.00558183,0.0622474,480,0.286776,0.392057,24.7174,1.53859,70.2381
171,0.450506,0.0386,0.011543,0.00558183,0.0452995,480,0.286776,0.392057,33.9649,1.53859,70.2381
172,0.0546046,0.0386,0.00950011,0.00558183,0.0372824,480,0.286776,0.392057,41.2687,1.53859,70.2381
173,0.576689,0.0386,0.0975493,0.00558183,0.382824,480,0.286776,0.392057,4.01906,1.53859,70.2381
174,0.438952,0.0386,0.0113503,0.00558183,0.0445432,480,0.286776,0.392057,34.5416,1.53859,70.2381
175,0.228754,0.0386,0.00929585,0.00558183,0.0364808,480,0.286776,0.392057,42.1755,1.53859,70.2381
176,0.0164363,0.0386,0.010722,0.00558183,0.0420776,480,0.286776,0.392057,36.5656,1.53859,70.2381
177,0.133598,0.0386,0.182207,0.00558183,0.715057,480,0.286776,0.392057,2.15171,1.53859,70.2381
178,0.354491,0.0386,0.0124887,0.00558183,0.0490109,480,0.286776,0.392057,31.3929,1.53859,70.2381
179,0.291776,0.0386,0.0586572,0.00558183,0.230195,480,0.286776,0.392057,6.68387,1.53859,70.2381
180,0.340514,0.0386,0.0250333,0.00558183,0.0982412,480,0.286776,0.392057,15.6614,1.53859,70.2381
181,0.459444,0.0386,0.0191325,0.00558183,0.0750839,480,0.286776,0.392057,20.4917,1.53859,70.2381
182,0.296168,0.0386,0.0219433,0.00558183,0.0861145,480,0.286776,0.392057,17.8669,1.53859,70.2381
183,0.245598,0.0386,0.107606,0.00558183,0.422292,480,0.286776,0.392057,3.64344,1.53859,70.2381
184,0.199031,0.0386,0.033383,0.00558183,0.131009,480,0.286776,0.392057,11.7442,1.53859,70.2381
185,0.294808,0.0386,0.0126689,0.00558183,0.0497181,480,0.286776,0.392057,30.9463,1.53859,70.2381
186,0.388569,0.0386,0.128326,0.00558183,0.503605,480,0.286776,0.392057,3.05516,1.53859,70.2381
187,0.427793,0.0386,0.0329166,0.00558183,0.129179,480,0.286776,0.392057,11.9106,1.53859,70.2381
188,0.0359586,0.0386,0.0140486,0.00558183,0.0551324,480,0.286776,0.392057,27.9073,1.53859,70.2381
189,0.288907,0.0386,0.0478981,0.00558183,0.187972,480,0.286776,0.392057,8.18522,1.53859,70.2381
190,0.228506,0.0386,0.0334797,0.00558183,0.131388,480,0.286776,0.392057,11.7103,1.53859,70.2381
191,0.17052,0.0386,0.0804194,0.00558183,0.315599,480,0.286776,0.392057,4.87515,1.53859,70.2381
192,0.540781,0.0386,0.00673416,0.00558183,0.0264277,480,0.286776,0.392057,58.2191,1.53859,70.2381
193,0.193863,0.0386,0.0255066,0.00558183,0.100098,480,0.286776,0.392057,15.3708,1.53859,70.2381
194,0.350212,0.0386,0.0411652,0.00558183,0.16155,480,0.286776,0.392057,9.52398,1.53859,70.2381
195,0.430768,0.0386,0.0881985,0.00558183,0.346128,480,0.286776,0.392057,4.44517,1.53859,70.2381
196,0.0628536,0.0386,0.0121752,0.00558183,0.0477805,480,0.286776,0.392057,32.2013,1.53859,70.2381
197,0.235315,0.0386,0.018417,0.00558183,0.0722761,480,0.286776,0.392057,21.2877,1.53859,70.2381
198,0.921506,0.0386,0.0118403,0.00558183,0.0464662,480,0.286776,0.392057,33.1122,1.53859,70.2381
199,0.171118,0.0386,0.0950709,0.00558183,0.373098,480,0.286776,0.392057,4.12384,1.53859,70.2381
200,0.268393,0.0386,0.03578,0.00558183,0.140416,480,0.286776,0.392057,10.9574,1.53859,70.2381
201,0.583286,0.0386,0.0538762,0.00558183,0.211433,480,0.286776,0.392057,7.277,1.53859,70.2381
202,0.641818,0.0386,0.0918459,0.00558183,0.360442,480,0.286776,0.392057,4.26864,1.53859,70.2381
203,0.146288,0.0386,0.0286395,0.00558183,0.112393,480,0.286776,0.392057,13.6894,1.53859,70.2381
204,0.136965,0.0386,0.00984265,0.00558183,0.0386267,480,0.286776,0.392057,39.8325,1.53859,70.2381
205,0.618241,0.0386,0.00427458,0.00558183,0.0167752,480,0.286776,0.392057,91.7183,1.53859,70.2381
206,0.0550196,0.0386,0.0252521,0.00558183,0.0990998,480,0.286776,0.392057,15.5257,1.53859,70.2381
207,0.471004,0.0386,0.0115495,0.00558183,0.0453249,480,0.286776,0.392057,33.9459,1.53859,70.2381
208,0.247747,0.0386,0.0616509,0.00558183,0.241944,480,0.286776,0.392057,6.3593,1.53859,70.2381
209,0.438469,0.0386,0.0394783,0.00558183,0.154929,480,0.286776,0.392057,9.93095,1.53859,70.2381
210,0.632078,0.0386,0.0194892,0.00558183,0.0764838,480,0.286776,0.392057,20.1166,1.53859,70.2381
211,0.300814,0.0386,0.0032545,0.00558183,0.012772,480,0.286776,0.392057,120.466,1.53859,70.2381
212,0.254593,0.0386,0.0695714,0.00558183,0.273027,480,0.286776,0.392057,5.63531,1.53859,70.2381
213,0.486652,0.0386,0.0673808,0.00558183,0.264431,480,0.286776,0.392057,5.81852,1.53859,70.2381
214,0.215545,0.0386,0.00820045,0.00558183,0.032182,480,0.286776,0.392057,47.8092,1.53859,70.2381
215,0.200938,0.0386,0.0517857,0.00558183,0.203229,480,0.286776,0.392057,7.57075,1.53859,70.2381
216,0.166344,0.0386,0.108586,0.00558183,0.426136,480,0.286776,0.392057,3.61057,1.53859,70.2381
217,0.289688,0.0386,0.152742,0.00558183,0.599424,480,0.286776,0.392057,2.56679,1.53859,70.2381
218,0.315778,0.0386,0.0233527,0.00558183,0.0916457,480,0.286776,0.392057,16.7885,1.53859,70.2381
219,0.139242,0.0386,0.0282573,0.00558183,0.110893,480,0.286776,0.392057,13.8745,1.53859,70.2381
220,0.209327,0.0386,0.00489809,0.00558183,0.0192222,480,0.286776,0.392057,80.0428,1.53859,70.2381
221,0.492035,0.0386,0.0272715,0.00558183,0.107025,480,0.286776,0.392057,14.3761,1.53859,70.2381
222,0.147128,0.0386,0.0439378,0.00558183,0.17243,480,0.286776,0.392057,8.923,1.53859,70.2381
223,0.271267,0.0386,0.00543727,0.00558183,0.0213381,480,0.286776,0.392057,72.1054,1.53859,70.2381
224,0.608651,0.0386,0.0386084,0.00558183,0.151516,480,0.286776,0.392057,10.1547,1.53859,70.2381
225,0.431219,0.0386,0.102554,0.00558183,0.402464,480,0.286776,0.392057,3.82294,1.53859,70.2381
226,0.50148,0.0386,0.0556692,0.00558183,0.218469,480,0.286776,0.392057,7.04262,1.53859,70.2381
227,0.0956283,0.0386,0.00735388,0.00558183,0.0288597,480,0.286776,0.392057,53.3129,1.53859,70.2381
228,0.328404,0.0386,0.0170732,0.00558183,0.0670026,480,0.286776,0.392057,22.9632,1.53859,70.2381
229,0.492796,0.0386,0.04733,0.00558183,0.185743,480,0.286776,0.392057,8.28347,1.53859,70.2381
230,0.159667,0.0386,0.0106771,0.00558183,0.0419015,480,0.286776,0.392057,36.7193,1.53859,70.2381
231,0.125098,0.0386,0.145436,0.00558183,0.570751,480,0.286776,0.392057,2.69574,1.53859,70.2381
232,0.511937,0.0386,0.0277737,0.00558183,0.108996,480,0.286776,0.392057,14.1161,1.53859,70.2381
233,0.615594,0.0386,0.0178249,0.00558183,0.0699524,480,0.286776,0.392057,21.9949,1.53859,70.2381
234,0.26185,0.0386,0.0647958,0.00558183,0.254286,480,0.286776,0.392057,6.05066,1.53859,70.2381
235,0.792475,0.0386,0.0332515,0.00558183,0.130493,480,0.286776,0.392057,11.7906,1.53859,70.2381
236,0.208076,0.0386,0.023546,0.00558183,0.0924042,480,0.286776,0.392057,16.6507,1.53859,70.2381
237,0.15582,0.0386,0.140372,0.00558183,0.550879,480,0.286776,0.392057,2.79298,1.53859,70.2381
238,0.303885,0.0386,0.0115281,0.00558183,0.0452413,480,0.286776,0.392057,34.0087,1.53859,70.2381
239,0.691879,0.0386,0.0284651,0.00558183,0.111709,480,0.286776,0.392057,13.7732,1.53859,70.2381
240,0.891008,0.0386,0.0364273,0.00558183,0.142956,480,0.286776,0.392057,10.7627,1.53859,70.2381
241,0.509861,0.0386,0.0068613,0.00558183,0.0269266,480,0.286776,0.392057,57.1403,1.53859,70.2381
242,0.251818,0.0386,0.0651638,0.00558183,0.25573,480,0.286776,0.392057,6.01648,1.53859,70.2381
243,0.541168,0.0386,0.0322733,0.00558183,0.126654,480,0.286776,0.392057,12.148,1.53859,70.2381
244,0.517756,0.0386,0.12233,0.00558183,0.480072,480,0.286776,0.392057,3.20492,1.53859,70.2381
245,0.196694,0.0386,0.0218386,0.00558183,0.0857038,480,0.286776,0.392057,17.9525,1.53859,70.2381
246,0.215587,0.0386,0.00248431,0.00558183,0.00974946,480,0.286776,0.392057,157.813,1.53859,70.2381
247,0.222643,0.0386,0.132686,0.00558183,0.520716,480,0.286776,0.392057,2.95477,1.53859,70.2381
248,0.326537,0.0386,0.00402638,0.00558183,0.0158012,480,0.286776,0.392057,97.3721,1.53859,70.2381
249,0.401676,0.0386,0.0394113,0.00558183,0.154667,480,0.286776,0.392057,9.94782,1.53859,70.2381
250,0.544029,0.0386,0.012707,0.00558183,0.0498677,480,0.286776,0.392057,30.8535,1.53859,70.2381
251,0.306821,0.0386,0.0526476,0.00558183,0.206611,480,0.286776,0.392057,7.44681,1.53859,70.2381
252,0.25849,0.0386,0.0942122,0.00558183,0.369728,480,0.286776,0.392057,4.16142,1.53859,70.2381
253,0.434467,0.0386,0.110538,0.00558183,0.433798,480,0.286776,0.392057,3.5468,1.53859,70.2381
254,0.215037,0.0386,0.0621088,0.00558183,0.243741,480,0.286776,0.392057,6.31242,1.53859,70.2381
255,0.277163,0.0386,0.0142459,0.00558183,0.0559068,480,0.286776,0.392057,27.5207,1.53859,70.2381
256,0.191355,0.0386,0.112176,0.00558183,0.440227,480,0.286776,0.392057,3.49501,1.53859,70.2381
257,0.535487,0.0386,0.0475734,0.00558183,0.186698,480,0.286776,0.392057,8.24109,1.53859,70.2381
258,0.26399,0.0386,0.0277634,0.00558183,0.108955,480,0.286776,0.392057,14.1213,1.53859,70.2381
259,0.076297,0.0386,0.00987664,0.00558183,0.0387601,480,0.286776,0.392057,39.6954,1.53859,70.2381
260,0.0797637,0.0386,0.023094,0.00558183,0.0906306,480,0.286776,0.392057,16.9766,1.53859,70.2381
261,0.409637,0.0386,0.0427725,0.00558183,0.167857,480,0.286776,0.392057,9.1661,1.53859,70.2381
262,0.533147,0.0386,0.0317561,0.00558183,0.124624,480,0.286776,0.392057,12.3459,1.53859,70.2381
263,0.210825,0.0386,0.00327084,0.00558183,0.0128362,480,0.286776,0.392057,119.864,1.53859,70.2381
264,0.07436,0.0386,0.0421605,0.00558183,0.165456,480,0.286776,0.392057,9.29914,1.53859,70.2381
265,0.28933,0.0386,0.0119959,0.00558183,0.047077,480,0.286776,0.392057,32.6825,1.53859,70.2381
266,0.483472,0.0386,0.0114739,0.00558183,0.0450282,480,0.286776,0.392057,34.1696,1.53859,70.2381
267,0.627402,0.0386,0.0030919,0.00558183,0.0121339,480,0.286776,0.392057,126.801,1.53859,70.2381
268,0.591236,0.0386,0.0162182,0.00558183,0.0636471,480,0.286776,0.392057,24.1739,1.53859,70.2381
269,0.199592,0.0386,0.00510243,0.00558183,0.0200241,480,0.286776,0.392057,76.8373,1.53859,70.2381
270,0.216642,0.0386,0.0585286,0.00558183,0.229691,480,0.286776,0.392057,6.69855,1.53859,70.2381
271,0.585205,0.0386,0.0271429,0.00558183,0.10652,480,0.286776,0.392057,14.4442,1.53859,70.2381
272,0.0962764,0.0386,0.0326576,0.00558183,0.128162,480,0.286776,0.392057,12.0051,1.53859,70.2381
273,0.0899974,0.0386,0.00545122,0.00558183,0.0213929,480,0.286776,0.392057,71.9209,1.53859,70.2381
274,0.147855,0.0386,0.0329243,0.00558183,0.129209,480,0.286776,0.392057,11.9078,1.53859,70.2381
275,0.212401,0.0386,0.0724373,0.00558183,0.284274,480,0.286776,0.392057,5.41236,1.53859,70.2381
276,0.271433,0.0386,0.0697804,0.00558183,0.273847,480,0.286776,0.392057,5.61844,1.53859,70.2381
277,0.0849154,0.0386,0.0025972,0.00558183,0.0101925,480,0.286776,0.392057,150.954,1.53859,70.2381
278,0.0716083,0.0386,0.0144111,0.00558183,0.0565551,480,0.286776,0.392057,27.2052,1.53859,70.2381
279,0.105221,0.0386,0.0100936,0.00558183,0.0396114,480,0.286776,0.392057,38.8422,1.53859,70.2381
280,0.318772,0.0386,0.0193705,0.00558183,0.0760178,480,0.286776,0.392057,20.2399,1.53859,70.2381
281,0.386385,0.0386,0.0533425,0.00558183,0.209338,480,0.286776,0.392057,7.3498,1.53859,70.2381
282,0.61758,0.0386,0.0200631,0.00558183,0.0787359,480,0.286776,0.392057,19.5412,1.53859,70.2381
283,0.190571,0.0386,0.0327188,0.00558183,0.128402,480,0.286776,0.392057,11.9826,1.53859,70.2381
284,0.0750314,0.0386,0.0406144,0.00558183,0.159388,480,0.286776,0.392057,9.65315,1.53859,70.2381
285,0.143254,0.0386,0.0419462,0.00558183,0.164614,480,0.286776,0.392057,9.34666,1.53859,70.2381
286,0.0844103,0.0386,0.0165141,0.00558183,0.0648082,480,0.286776,0.392057,23.7407,1.53859,70.2381
287,0.439475,0.0386,0.0200054,0.00558183,0.0785097,480,0.286776,0.392057,19.5975,1.53859,70.2381
288,0.30558,0.0386,0.0253807,0.00558183,0.0996043,480,0.286776,0.392057,15.4471,1.53859,70.2381
289,0.365634,0.0386,0.00639406,0.00558183,0.025093,480,0.286776,0.392057,61.3158,1.53859,70.2381
290,0.429214,0.0386,0.0649301,0.00558183,0.254813,480,0.286776,0.392057,6.03814,1.53859,70.2381
291,0.332705,0.0386,0.126997,0.00558183,0.498389,480,0.286776,0.392057,3.08713,1.53859,70.2381
292,0.243105,0.0386,0.0641375,0.00558183,0.251702,480,0.286776,0.392057,6.11276,1.53859,70.2381
293,0.713519,0.0386,0.0178785,0.00558183,0.0701627,480,0.286776,0.392057,21.929,1.53859,70.2381
294,0.330528,0.0386,0.0142704,0.00558183,0.0560028,480,0.286776,0.392057,27.4735,1.53859,70.2381
295,0.218404,0.0386,0.0116481,0.00558183,0.0457121,480,0.286776,0.392057,33.6584,1.53859,70.2381
296,0.592903,0.0386,0.00586639,0.00558183,0.0230222,480,0.286776,0.392057,66.831,1.53859,70.2381
297,0.194349,0.0386,0.0475113,0.00558183,0.186454,480,0.286776,0.392057,8.25186,1.53859,70.2381
298,0.754789,0.0386,0.0867328,0.00558183,0.340376,480,0.286776,0.392057,4.52028,1.53859,70.2381
299,0.123365,0.0386,0.0639152,0.00558183,0.25083,480,0.286776,0.392057,6.13401,1.53859,70.2381
300,0.0816231,0.0386,0.0349616,0.00558183,0.137204,480,0.286776,0.392057,11.2139,1.53859,70.2381
301,0.408366,0.0386,0.0278868,0.00558183,0.109439,480,0.286776,0.392057,14.0589,1.53859,70.2381
302,0.187126,0.0386,0.00663899,0.00558183,0.0260542,480,0.286776,0.392057,59.0537,1.53859,70.2381
303,0.0421803,0.0386,0.011165,0.00558183,0.0438161,480,0.286776,0.392057,35.1148,1.53859,70.2381
304,0.246807,0.0386,0.0400659,0.00558183,0.157235,480,0.286776,0.392057,9.78529,1.53859,70.2381
305,0.226962,0.0386,0.0641054,0.00558183,0.251577,480,0.286776,0.392057,6.11581,1.53859,70.2381
306,0.14789,0.0386,0.0774175,0.00558183,0.303819,480,0.286776,0.392057,5.06419,1.53859,70.2381
307,0.29011,0.0386,0.0127955,0.00558183,0.050215,480,0.286776,0.392057,30.6401,1.53859,70.2381
308,0.191094,0.0386,0.0283427,0.00558183,0.111228,480,0.286776,0.392057,13.8327,1.53859,70.2381
309,0.416396,0.0386,0.114297,0.00558183,0.448548,480,0.286776,0.392057,3.43016,1.53859,70.2381
310,0.307119,0.0386,0.0104303,0.00558183,0.040933,480,0.286776,0.392057,37.5881,1.53859,70.2381
311,0.137671,0.0386,0.0765761,0.00558183,0.300517,480,0.286776,0.392057,5.11983,1.53859,70.2381
312,0.204675,0.0386,0.0499948,0.00558183,0.196201,480,0.286776,0.392057,7.84195,1.53859,70.2381
313,0.176686,0.0386,0.14465,0.00558183,0.567667,480,0.286776,0.392057,2.71038,1.53859,70.2381
314,0.411206,0.0386,0.0798089,0.00558183,0.313203,480,0.286776,0.392057,4.91245,1.53859,70.2381
315,0.253015,0.0386,0.0616184,0.00558183,0.241817,480,0.286776,0.392057,6.36265,1.53859,70.2381
316,0.472322,0.0386,0.018813,0.00558183,0.07383,480,0.286776,0.392057,20.8397,1.53859,70.2381
317,0.162707,0.0386,0.136258,0.00558183,0.534735,480,0.286776,0.392057,2.8773,1.53859,70.2381
318,0.473131,0.0386,0.030766,0.00558183,0.120739,480,0.286776,0.392057,12.7432,1.53859,70.2381
319,0.500159,0.0386,0.0632516,0.00558183,0.248226,480,0.286776,0.392057,6.19837,1.53859,70.2381
320,0.182475,0.0386,0.0157171,0.00558183,0.0616806,480,0.286776,0.392057,24.9445,1.53859,70.2381
321,0.0416117,0.0386,0.244089,0.00558183,0.957908,480,0.286776,0.392057,1.6062,1.53859,70.2381
322,0.479084,0.0386,0.0794023,0.00558183,0.311608,480,0.286776,0.392057,4.9376,1.53859,70.2381
323,0.209031,0.0386,0.0203733,0.00558183,0.0799535,480,0.286776,0.392057,19.2436,1.53859,70.2381
324,0.439758,0.0386,0.0176433,0.00558183,0.0692398,480,0.286776,0.392057,22.2213,1.53859,70.2381
325,0.32135,0.0386,0.0610798,0.00558183,0.239703,480,0.286776,0.392057,6.41877,1.53859,70.2381
326,0.122153,0.0386,0.0759514,0.00558183,0.298065,480,0.286776,0.392057,5.16194,1.53859,70.2381
327,0.384521,0.0386,0.074949,0.00558183,0.294131,480,0.286776,0.392057,5.23098,1.53859,70.2381
328,0.439863,0.0386,0.0218463,0.00558183,0.0857339,480,0.286776,0.392057,17.9462,1.53859,70.2381
329,0.533663,0.0386,0.0330269,0.00558183,0.129611,480,0.286776,0.392057,11.8708,1.53859,70.2381
330,0.395574,0.0386,0.0105737,0.00558183,0.0414957,480,0.286776,0.392057,37.0784,1.53859,70.2381
331,0.433842,0.0386,0.0263704,0.00558183,0.103488,480,0.286776,0.392057,14.8673,1.53859,70.2381
332,0.483049,0.0386,0.145502,0.00558183,0.571012,480,0.286776,0.392057,2.6945,1.53859,70.2381
333,0.727147,0.0386,0.00904251,0.00558183,0.0354866,480,0.286776,0.392057,43.3571,1.53859,70.2381
334,0.15344,0.0386,0.00607113,0.00558183,0.0238257,480,0.286776,0.392057,64.5772,1.53859,70.2381
335,0.0563374,0.0386,0.00572158,0.00558183,0.0224539,480,0.286776,0.392057,68.5224,1.53859,70.2381
336,0.539397,0.0386,0.0136867,0.00558183,0.0537124,480,0.286776,0.392057,28.645,1.53859,70.2381
337,0.176851,0.0386,0.0158038,0.00558183,0.0620206,480,0.286776,0.392057,24.8078,1.53859,70.2381
338,0.121077,0.0386,0.0209324,0.00558183,0.0821476,480,0.286776,0.392057,18.7296,1.53859,70.2381
339,0.16054,0.0386,0.0383567,0.00558183,0.150528,480,0.286776,0.392057,10.2213,1.53859,70.2381
340,0.0969977,0.0386,0.0167622,0.00558183,0.0657818,480,0.286776,0.392057,23.3894,1.53859,70.2381
341,0.239766,0.0386,0.024559,0.00558183,0.0963798,480,0.286776,0.392057,15.9639,1.53859,70.2381
342,0.85885,0.0386,0.303252,0.00558183,1.19009,480,0.286776,0.392057,1.29284,1.53859,70.2381
343,0.23888,0.0386,0.0551184,0.00558183,0.216308,480,0.286776,0.392057,7.11299,1.53859,70.2381
344,0.368308,0.0386,0.160691,0.00558183,0.630617,480,0.286776,0.392057,2.43982,1.53859,70.2381
345,0.313138,0.0386,0.0560319,0.00558183,0.219893,480,0.286776,0.392057,6.99702,1.53859,70.2381
346,0.069661,0.0386,0.0548207,0.00558183,0.215139,480,0.286776,0.392057,7.15162,1.53859,70.2381
347,0.68831,0.0386,0.0161595,0.00558183,0.0634168,480,0.286776,0.392057,24.2616,1.53859,70.2381
348,0.464417,0.0386,0.0145513,0.00558183,0.0571053,480,0.286776,0.392057,26.9431,1.53859,70.2381
349,0.303571,0.0386,0.259858,0.00558183,1.01979,480,0.286776,0.392057,1.50873,1.53859,70.2381
350,0.0830803,0.0386,0.0625265,0.00558183,0.24538,480,0.286776,0.392057,6.27025,1.53859,70.2381
351,0.458808,0.0386,0.0345696,0.00558183,0.135665,480,0.286776,0.392057,11.3411,1.53859,70.2381
352,0.498575,0.0386,0.0117559,0.00558183,0.0461352,480,0.286776,0.392057,33.3497,1.53859,70.2381
353,0.366801,0.0386,0.0100246,0.00558183,0.0393407,480,0.286776,0.392057,39.1094,1.53859,70.2381
354,0.291353,0.0386,0.0109867,0.00558183,0.0431164,480,0.286776,0.392057,35.6847,1.53859,70.2381
355,0.807691,0.0386,0.061293,0.00558183,0.24054,480,0.286776,0.392057,6.39643,1.53859,70.2381
356,0.396991,0.0386,0.0164413,0.00558183,0.0645226,480,0.286776,0.392057,23.8458,1.53859,70.2381
357,0.222773,0.0386,0.00464918,0.00558183,0.0182453,480,0.286776,0.392057,84.3282,1.53859,70.2381
358,0.198956,0.0386,0.0427869,0.00558183,0.167914,480,0.286776,0.392057,9.163,1.53859,70.2381
359,0.324137,0.0386,0.0330892,0.00558183,0.129856,480,0.286776,0.392057,11.8485,1.53859,70.2381
360,0.127949,0.0386,0.0147425,0.00558183,0.0578556,480,0.286776,0.392057,26.5937,1.53859,70.2381
361,0.37975,0.0386,0.00929475,0.00558183,0.0364765,480,0.286776,0.392057,42.1804,1.53859,70.2381
362,0.193211,0.0386,0.0202419,0.00558183,0.0794376,480,0.286776,0.392057,19.3686,1.53859,70.2381
363,0.838995,0.0386,0.0812981,0.00558183,0.319048,480,0.286776,0.392057,4.82246,1.53859,70.2381
364,0.19929,0.0386,0.0229579,0.00558183,0.0900965,480,0.286776,0.392057,17.0772,1.53859,70.2381
365,0.242014,0.0386,0.046827,0.00558183,0.183769,480,0.286776,0.392057,8.37245,1.53859,70.2381
366,0.106359,0.0386,0.0325413,0.00558183,0.127706,480,0.286776,0.392057,12.048,1.53859,70.2381
367,0.499267,0.0386,0.00190275,0.00558183,0.0074672,480,0.286776,0.392057,206.047,1.53859,70.2381
368,0.547267,0.0386,0.0192237,0.00558183,0.075442,480,0.286776,0.392057,20.3944,1.53859,70.2381
369,0.358889,0.0386,0.0266759,0.00558183,0.104687,480,0.286776,0.392057,14.697,1.53859,70.2381
370,0.224717,0.0386,0.114045,0.00558183,0.447561,480,0.286776,0.392057,3.43773,1.53859,70.2381
371,0.3749,0.0386,0.00248195,0.00558183,0.00974021,480,0.286776,0.392057,157.963,1.53859,70.2381
372,0.429608,0.0386,0.0305534,0.00558183,0.119904,480,0.286776,0.392057,12.8318,1.53859,70.2381
373,0.303879,0.0386,0.0245557,0.00558183,0.0963667,480,0.286776,0.392057,15.966,1.53859,70.2381
374,0.436349,0.0386,0.0753441,0.00558183,0.295682,480,0.286776,0.392057,5.20355,1.53859,70.2381
375,0.215774,0.0386,0.0166546,0.00558183,0.0653598,480,0.286776,0.392057,23.5404,1.53859,70.2381
376,0.248139,0.0386,0.031746,0.00558183,0.124585,480,0.286776,0.392057,12.3498,1.53859,70.2381
377,0.301199,0.0386,0.0195119,0.00558183,0.0765729,480,0.286776,0.392057,20.0932,1.53859,70.2381
378,0.502331,0.0386,0.0699829,0.00558183,0.274642,480,0.286776,0.392057,5.60218,1.53859,70.2381
379,0.196805,0.0386,0.0135806,0.00558183,0.0532959,480,0.286776,0.392057,28.8689,1.53859,70.2381
380,0.426029,0.0386,0.0162582,0.00558183,0.0638041,480,0.286776,0.392057,24.1144,1.53859,70.2381
381,0.475265,0.0386,0.0172193,0.00558183,0.0675758,480,0.286776,0.392057,22.7684,1.53859,70.2381
382,0.442847,0.0386,0.0540108,0.00558183,0.211961,480,0.286776,0.392057,7.25886,1.53859,70.2381
383,0.274794,0.0386,0.0365052,0.00558183,0.143262,480,0.286776,0.392057,10.7397,1.53859,70.2381
384,0.396108,0.0386,0.0314351,0.00558183,0.123365,480,0.286776,0.392057,12.4719,1.53859,70.2381
385,0.315385,0.0386,0.0205525,0.00558183,0.0806566,480,0.286776,0.392057,19.0759,1.53859,70.2381
386,0.423529,0.0386,0.210284,0.00558183,0.825242,480,0.286776,0.392057,1.86442,1.53859,70.2381
387,0.330474,0.0386,0.209067,0.00558183,0.820467,480,0.286776,0.392057,1.87527,1.53859,70.2381
388,0.566588,0.0386,0.294699,0.00558183,1.15652,480,0.286776,0.392057,1.33036,1.53859,70.2381
389,0.127669,0.0386,0.0717019,0.00558183,0.281388,480,0.286776,0.392057,5.46787,1.53859,70.2381
390,0.250875,0.0386,0.0173169,0.00558183,0.0679589,480,0.286776,0.392057,22.6401,1.53859,70.2381
391,0.4442,0.0386,0.0173895,0.00558183,0.0682437,480,0.286776,0.392057,22.5456,1.53859,70.2381
392,0.298105,0.0386,0.0157662,0.00558183,0.0618733,480,0.286776,0.392057,24.8669,1.53859,70.2381
393,0.303541,0.0386,0.0159532,0.00558183,0.0626071,480,0.286776,0.392057,24.5754,1.53859,70.2381
394,0.223073,0.0386,0.0149327,0.00558183,0.058602,480,0.286776,0.392057,26.255,1.53859,70.2381
395,0.302895,0.0386,0.00524517,0.00558183,0.0205842,480,0.286776,0.392057,74.7462,1.53859,70.2381
396,0.312321,0.0386,0.00846834,0.00558183,0.0332333,480,0.286776,0.392057,46.2968,1.53859,70.2381
397,0.441017,0.0386,0.108409,0.00558183,0.42544,480,0.286776,0.392057,3.61648,1.53859,70.2381
398,0.169256,0.0386,0.0138952,0.00558183,0.0545308,480,0.286776,0.392057,28.2152,1.53859,70.2381
399,0.483991,0.0386,0.00888794,0.00558183,0.03488,480,0.286776,0.392057,44.1111,1.53859,70.2381
400,0.368479,0.0386,0.11917,0.00558183,0.467673,480,0.286776,0.392057,3.2899,1.53859,70.2381
401,0.3781,0.0386,0.0135226,0.00558183,0.0530684,480,0.286776,0.392057,28.9927,1.53859,70.2381
402,0.256326,0.0386,0.133767,0.00558183,0.524957,480,0.286776,0.392057,2.9309,1.53859,70.2381
403,0.41988,0.0386,0.113284,0.00558183,0.444576,480,0.286776,0.392057,3.46082,1.53859,70.2381
404,0.841254,0.0386,0.041364,0.00558183,0.16233,480,0.286776,0.392057,9.47821,1.53859,70.2381
405,0.677136,0.0386,0.0210696,0.00558183,0.082686,480,0.286776,0.392057,18.6077,1.53859,70.2381
406,0.520002,0.0386,0.00978777,0.00558183,0.0384113,480,0.286776,0.392057,40.0558,1.53859,70.2381
407,0.192043,0.0386,0.138989,0.00558183,0.54545,480,0.286776,0.392057,2.82078,1.53859,70.2381
408,0.163892,0.0386,0.153852,0.00558183,0.603779,480,0.286776,0.392057,2.54828,1.53859,70.2381
409,0.101813,0.0386,0.0760163,0.00558183,0.29832,480,0.286776,0.392057,5.15754,1.53859,70.2381
410,1.0213,0.0386,0.127661,0.00558183,0.500995,480,0.286776,0.392057,3.07108,1.53859,70.2381
411,0.20328,0.0386,0.0119771,0.00558183,0.0470032,480,0.286776,0.392057,32.7338,1.53859,70.2381
412,0.259965,0.0386,0.0105939,0.00558183,0.041575,480,0.286776,0.392057,37.0077,1.53859,70.2381
413,0.0893894,0.0386,0.0202085,0.00558183,0.0793066,480,0.286776,0.392057,19.4006,1.53859,70.2381
414,0.380306,0.0386,0.0757693,0.00558183,0.29735,480,0.286776,0.392057,5.17435,1.53859,70.2381
415,0.17585,0.0386,0.0187372,0.00558183,0.0735327,480,0.286776,0.392057,20.9239,1.53859,70.2381
416,0.241842,0.0386,0.00690034,0.00558183,0.0270798,480,0.286776,0.392057,56.8171,1.53859,70.2381
417,0.862146,0.0386,0.0169257,0.00558183,0.0664236,480,0.286776,0.392057,23.1634,1.53859,70.2381
418,0.410959,0.0386,0.0707595,0.00558183,0.27769,480,0.286776,0.392057,5.54069,1.53859,70.2381
419,0.148206,0.0386,0.0249289,0.00558183,0.0978315,480,0.286776,0.392057,15.727,1.53859,70.2381
420,0.0682819,0.0386,0.00594034,0.00558183,0.0233124,480,0.286776,0.392057,65.999,1.53859,70.2381
421,0.433643,0.0386,0.0588975,0.00558183,0.231138,480,0.286776,0.392057,6.6566,1.53859,70.2381
422,0.19304,0.0386,0.0317479,0.00558183,0.124592,480,0.286776,0.392057,12.3491,1.53859,70.2381
423,0.543995,0.0386,0.0323232,0.00558183,0.12685,480,0.286776,0.392057,12.1293,1.53859,70.2381
424,0.242235,0.0386,0.170081,0.00558183,0.66747,480,0.286776,0.392057,2.30512,1.53859,70.2381
425,0.348836,0.0386,0.0544615,0.00558183,0.21373,480,0.286776,0.392057,7.19879,1.53859,70.2381
426,0.0595633,0.0386,0.0226438,0.00558183,0.0888639,480,0.286776,0.392057,17.3141,1.53859,70.2381
427,0.332383,0.0386,0.0118397,0.00558183,0.046464,480,0.286776,0.392057,33.1137,1.53859,70.2381
428,0.812514,0.0386,0.0108936,0.00558183,0.0427512,480,0.286776,0.392057,35.9895,1.53859,70.2381
429,0.39548,0.0386,0.00393874,0.00558183,0.0154573,480,0.286776,0.392057,99.5385,1.53859,70.2381
430,0.12304,0.0386,0.472348,0.00558183,1.85369,480,0.286776,0.392057,0.830016,1.53859,70.2381
431,0.229728,0.0386,0.0172937,0.00558183,0.0678676,480,0.286776,0.392057,22.6705,1.53859,70.2381
432,0.19311,0.0386,0.0337137,0.00558183,0.132306,480,0.286776,0.392057,11.629,1.53859,70.2381
433,0.430825,0.0386,0.0404882,0.00558183,0.158892,480,0.286776,0.392057,9.68325,1.53859,70.2381
434,0.210999,0.0386,0.0148173,0.00558183,0.0581494,480,0.286776,0.392057,26.4594,1.53859,70.2381
435,0.184756,0.0386,0.0257669,0.00558183,0.10112,480,0.286776,0.392057,15.2155,1.53859,70.2381
436,0.43205,0.0386,0.00818235,0.00558183,0.032111,480,0.286776,0.392057,47.9149,1.53859,70.2381
437,0.574546,0.0386,0.0470297,0.00558183,0.184564,480,0.286776,0.392057,8.33637,1.53859,70.2381
438,0.155163,0.0386,0.00345264,0.00558183,0.0135496,480,0.286776,0.392057,113.553,1.53859,70.2381
439,0.487945,0.0386,0.0197695,0.00558183,0.0775839,480,0.286776,0.392057,19.8314,1.53859,70.2381
440,0.380483,0.0386,0.0638581,0.00558183,0.250606,480,0.286776,0.392057,6.1395,1.53859,70.2381
441,0.233603,0.0386,0.0471055,0.00558183,0.184862,480,0.286776,0.392057,8.32294,1.53859,70.2381
442,0.360212,0.0386,0.0161552,0.00558183,0.0633998,480,0.286776,0.392057,24.2681,1.53859,70.2381
443,0.175444,0.0386,0.00524294,0.00558183,0.0205755,480,0.286776,0.392057,74.778,1.53859,70.2381
444,0.159764,0.0386,0.0325598,0.00558183,0.127778,480,0.286776,0.392057,12.0411,1.53859,70.2381
445,0.0741563,0.0386,0.0070592,0.00558183,0.0277033,480,0.286776,0.392057,55.5384,1.53859,70.2381
446,0.196067,0.0386,0.0257879,0.00558183,0.101203,480,0.286776,0.392057,15.2031,1.53859,70.2381
447,0.0695679,0.0386,0.287012,0.00558183,1.12636,480,0.286776,0.392057,1.36599,1.53859,70.2381
448,0.239249,0.0386,0.0727208,0.00558183,0.285387,480,0.286776,0.392057,5.39126,1.53859,70.2381
449,0.156622,0.0386,0.00489405,0.00558183,0.0192063,480,0.286776,0.392057,80.1089,1.53859,70.2381
450,0.937307,0.0386,0.0156439,0.00558183,0.0613934,480,0.286776,0.392057,25.0613,1.53859,70.2381
451,0.103028,0.0386,0.0615401,0.00558183,0.241509,480,0.286776,0.392057,6.37075,1.53859,70.2381
452,0.584746,0.0386,0.0443142,0.00558183,0.173907,480,0.286776,0.392057,8.84721,1.53859,70.2381
453,0.246911,0.0386,0.0808634,0.00558183,0.317342,480,0.286776,0.392057,4.84838,1.53859,70.2381
454,0.0683023,0.0386,0.00806531,0.00558183,0.0316517,480,0.286776,0.392057,48.6103,1.53859,70.2381
455,1.00027,0.0386,0.0265327,0.00558183,0.104125,480,0.286776,0.392057,14.7764,1.53859,70.2381
456,0.461336,0.0386,0.0469871,0.00558183,0.184397,480,0.286776,0.392057,8.34393,1.53859,70.2381
457,0.163246,0.0386,0.0566114,0.00558183,0.222167,480,0.286776,0.392057,6.92541,1.53859,70.2381
458,0.214649,0.0386,0.0325513,0.00558183,0.127745,480,0.286776,0.392057,12.0443,1.53859,70.2381
459,0.13306,0.0386,0.0939268,0.00558183,0.368608,480,0.286776,0.392057,4.17407,1.53859,70.2381
460,0.23595,0.0386,0.0659866,0.00558183,0.258959,480,0.286776,0.392057,5.94146,1.53859,70.2381
461,0.24188,0.0386,0.0273775,0.00558183,0.107441,480,0.286776,0.392057,14.3204,1.53859,70.2381
462,0.402161,0.0386,0.0686404,0.00558183,0.269374,480,0.286776,0.392057,5.71175,1.53859,70.2381
463,0.122663,0.0386,0.0162953,0.00558183,0.0639497,480,0.286776,0.392057,24.0595,1.53859,70.2381
464,0.474478,0.0386,0.00609277,0.00558183,0.0239106,480,0.286776,0.392057,64.3478,1.53859,70.2381
465,0.073231,0.0386,0.00470648,0.00558183,0.0184702,480,0.286776,0.392057,83.3015,1.53859,70.2381
466,0.401264,0.0386,0.0146569,0.00558183,0.0575197,480,0.286776,0.392057,26.749,1.53859,70.2381
467,0.0706657,0.0386,0.0387226,0.00558183,0.151964,480,0.286776,0.392057,10.1248,1.53859,70.2381
468,0.265182,0.0386,0.0258391,0.00558183,0.101404,480,0.286776,0.392057,15.173,1.53859,70.2381
469,0.179577,0.0386,0.0970486,0.00558183,0.380859,480,0.286776,0.392057,4.0398,1.53859,70.2381
470,0.223431,0.0386,0.37628,0.00558183,1.47668,480,0.286776,0.392057,1.04193,1.53859,70.2381
471,0.335078,0.0386,0.0130631,0.00558183,0.0512652,480,0.286776,0.392057,30.0125,1.53859,70.2381
472,0.550667,0.0386,0.022598,0.00558183,0.088684,480,0.286776,0.392057,17.3492,1.53859,70.2381
473,0.0203625,0.0386,0.0444926,0.00558183,0.174608,480,0.286776,0.392057,8.81173,1.53859,70.2381
474,0.158418,0.0386,0.0567261,0.00558183,0.222617,480,0.286776,0.392057,6.91141,1.53859,70.2381
475,0.195989,0.0386,0.0122802,0.00558183,0.0481927,480,0.286776,0.392057,31.9259,1.53859,70.2381
476,0.306766,0.0386,0.0269679,0.00558183,0.105833,480,0.286776,0.392057,14.5379,1.53859,70.2381
477,0.262895,0.0386,0.00574745,0.00558183,0.0225554,480,0.286776,0.392057,68.2141,1.53859,70.2381
478,0.168495,0.0386,0.0622441,0.00558183,0.244272,480,0.286776,0.392057,6.2987,1.53859,70.2381
479,0.17122,0.0386,0.068956,0.00558183,0.270612,480,0.286776,0.392057,5.68561,1.53859,70.2381
480,0.279441,0.0386,0.0214062,0.00558183,0.0840069,480,0.286776,0.392057,18.3151,1.53859,70.2381
481,0.116484,0.0386,0.00527259,0.00558183,0.0206918,480,0.286776,0.392057,74.3576,1.53859,70.2381
482,0.26614,0.0386,0.053775,0.00558183,0.211036,480,0.286776,0.392057,7.29069,1.53859,70.2381
483,0.328665,0.0386,0.0690792,0.00558183,0.271096,480,0.286776,0.392057,5.67547,1.53859,70.2381
484,0.0721786,0.0386,0.0985605,0.00558183,0.386793,480,0.286776,0.392057,3.97783,1.53859,70.2381
485,0.465692,0.0386,0.0243808,0.00558183,0.0956807,480,0.286776,0.392057,16.0805,1.53859,70.2381
486,0.492445,0.0386,0.0379677,0.00558183,0.149001,480,0.286776,0.392057,10.3261,1.53859,70.2381
487,0.552631,0.0386,0.00664731,0.00558183,0.0260868,480,0.286776,0.392057,58.9797,1.53859,70.2381
488,0.282051,0.0386,0.0605183,0.00558183,0.237499,480,0.286776,0.392057,6.47832,1.53859,70.2381
489,0.357602,0.0386,0.0118596,0.00558183,0.0465421,480,0.286776,0.392057,33.0582,1.53859,70.2381
490,0.339553,0.0386,0.0252215,0.00558183,0.0989798,480,0.286776,0.392057,15.5445,1.53859,70.2381
491,0.564038,0.0386,0.0151901,0.00558183,0.0596123,480,0.286776,0.392057,25.81,1.53859,70.2381
492,0.558779,0.0386,0.0843081,0.00558183,0.33086,480,0.286776,0.392057,4.65029,1.53859,70.2381
493,0.413524,0.0386,0.0218303,0.00558183,0.0856713,480,0.286776,0.392057,17.9593,1.53859,70.2381
494,0.545046,0.0386,0.0108896,0.00558183,0.0427352,480,0.286776,0.392057,36.003,1.53859,70.2381
495,0.211763,0.0386,0.0588225,0.00558183,0.230844,480,0.286776,0.392057,6.66508,1.53859,70.2381
496,0.157126,0.0386,0.0134326,0.00558183,0.052715,480,0.286776,0.392057,29.1871,1.53859,70.2381
497,0.247791,0.0386,0.0934995,0.00558183,0.366931,480,0.286776,0.392057,4.19314,1.53859,70.2381
498,0.110678,0.0386,0.0687018,0.00558183,0.269615,480,0.286776,0.392057,5.70664,1.53859,70.2381
499,0.223711,0.0386,0.0328498,0.00558183,0.128916,480,0.286776,0.392057,11.9348,1.53859,70.2381
