PID,i_lum_F1_indiv,i_lum_k12(KA),i_lum_k23(Q/V),i_lum_k32(Q/VP),i_lum_k20(CL/V),total_mg_dose_per_occassion,DS,Q,V,CL,VP
0,0.309344,0.0386,0.0526938,0.00634218,0.206793,360,0.24338,0.267278,5.07227,1.04891,42.1429
1,0.268728,0.0386,0.114262,0.00634218,0.448414,360,0.24338,0.267278,2.33916,1.04891,42.1429
2,0.56745,0.0386,0.0308263,0.00634218,0.120975,360,0.24338,0.267278,8.67043,1.04891,42.1429
3,0.297015,0.0386,0.0525773,0.00634218,0.206335,360,0.24338,0.267278,5.08351,1.04891,42.1429
4,0.0868012,0.0386,0.125469,0.00634218,0.492394,360,0.24338,0.267278,2.13022,1.04891,42.1429
5,0.4477,0.0386,0.0376703,0.00634218,0.147834,360,0.24338,0.267278,7.09518,1.04891,42.1429
6,0.177393,0.0386,0.300293,0.00634218,1.17848,360,0.24338,0.267278,0.890056,1.04891,42.1429
7,0.468754,0.0386,0.0450312,0.00634218,0.176721,360,0.24338,0.267278,5.93539,1.04891,42.1429
8,0.234138,0.0386,0.0479874,0.00634218,0.188322,360,0.24338,0.267278,5.56975,1.04891,42.1429
9,0.464557,0.0386,0.0212122,0.00634218,0.0832457,360,0.24338,0.267278,12.6002,1.04891,42.1429
10,0.305472,0.0386,0.00317577,0.00634218,0.012463,360,0.24338,0.267278,84.1615,1.04891,42.1429
11,0.240392,0.0386,0.0982656,0.00634218,0.385635,360,0.24338,0.267278,2.71995,1.04891,42.1429
12,0.179717,0.0386,0.0244065,0.00634218,0.0957814,360,0.24338,0.267278,10.9511,1.04891,42.1429
13,0.467998,0.0386,0.00225941,0.00634218,0.00886689,360,0.24338,0.267278,118.295,1.04891,42.1429
14,0.119658,0.0386,0.0115448,0.00634218,0.0453065,360,0.24338,0.267278,23.1514,1.04891,42.1429
15,0.345698,0.0386,0.0173657,0.00634218,0.0681502,360,0.24338,0.267278,15.3911,1.04891,42.1429
16,0.0635296,0.0386,0.0542853,0.00634218,0.213038,360,0.24338,0.267278,4.92357,1.04891,42.1429
17,0.0528332,0.0386,0.00957621,0.00634218,0.037581,360,0.24338,0.267278,27.9106,1.04891,42.1429
18,0.0855573,0.0386,0.00869827,0.00634218,0.0341357,360,0.24338,0.267278,30.7277,1.04891,42.1429
19,0.282049,0.0386,0.0177299,0.00634218,0.0695796,360,0.24338,0.267278,15.0749,1.04891,42.1429
20,0.0675851,0.0386,0.021402,0.00634218,0.0839905,360,0.24338,0.267278,12.4884,1.04891,42.1429
21,0.626794,0.0386,0.00645701,0.00634218,0.02534,360,0.24338,0.267278,41.3934,1.04891,42.1429
22,0.281031,0.0386,0.02001,0.00634218,0.0785275,360,0.24338,0.267278,13.3572,1.04891,42.1429
23,0.0545414,0.0386,0.0173264,0.00634218,0.0679961,360,0.24338,0.267278,15.426,1.04891,42.1429
24,0.318965,0.0386,0.0691647,0.00634218,0.271431,360,0.24338,0.267278,3.86436,1.04891,42.1429
25,0.539491,0.0386,0.011437,0.00634218,0.0448837,360,0.24338,0.267278,23.3695,1.04891,42.1429
26,0.600688,0.0386,0.0081066,0.00634218,0.0318137,360,0.24338,0.267278,32.9704,1.04891,42.1429
27,0.166137,0.0386,0.00352465,0.00634218,0.0138322,360,0.24338,0.267278,75.8309,1.04891,42.1429
28,0.408507,0.0386,0.0178586,0.00634218,0.0700846,360,0.24338,0.267278,14.9663,1.04891,42.1429
29,0.448782,0.0386,0.0110479,0.00634218,0.0433567,360,0.24338,0.267278,24.1925,1.04891,42.1429
30,0.275886,0.0386,0.031457,0.00634218,0.12345,360,0.24338,0.267278,8.49661,1.04891,42.1429
31,0.736287,0.0386,0.0548582,0.00634218,0.215287,360,0.24338,0.267278,4.87215,1.04891,42.1429
32,0.406079,0.0386,0.0138625,0.00634218,0.0544023,360,0.24338,0.267278,19.2806,1.04891,42.1429
33,0.298206,0.0386,0.0239208,0.00634218,0.0938753,360,0.24338,0.267278,11.1734,1.04891,42.1429
34,0.253377,0.0386,0.0208485,0.00634218,0.0818184,360,0.24338,0.267278,12.82,1.04891,42.1429
35,0.119738,0.0386,0.0875497,0.00634218,0.343582,360,0.24338,0.267278,3.05287,1.04891,42.1429
36,0.281647,0.0386,0.0107304,0.00634218,0.0421106,360,0.24338,0.267278,24.9085,1.04891,42.1429
37,0.143931,0.0386,0.069508,0.00634218,0.272779,360,0.24338,0.267278,3.84528,1.04891,42.1429
38,0.189993,0.0386,0.0175513,0.00634218,0.0688787,360,0.24338,0.267278,15.2284,1.04891,42.1429
39,0.100639,0.0386,0.0250283,0.00634218,0.0982216,360,0.24338,0.267278,10.679,1.04891,42.1429
40,0.620182,0.0386,0.0731376,0.00634218,0.287022,360,0.24338,0.267278,3.65445,1.04891,42.1429
41,0.282069,0.0386,0.0774769,0.00634218,0.304052,360,0.24338,0.267278,3.44977,1.04891,42.1429
42,0.169342,0.0386,0.0160784,0.00634218,0.0630983,360,0.24338,0.267278,16.6234,1.04891,42.1429
43,0.0719414,0.0386,0.0251817,0.00634218,0.0988237,360,0.24338,0.267278,10.6139,1.04891,42.1429
44,0.19373,0.0386,0.0819952,0.00634218,0.321783,360,0.24338,0.267278,3.25967,1.04891,42.1429
45,0.540075,0.0386,0.067514,0.00634218,0.264953,360,0.24338,0.267278,3.95884,1.04891,42.1429
46,0.481294,0.0386,0.00674148,0.00634218,0.0264564,360,0.24338,0.267278,39.6467,1.04891,42.1429
47,0.332847,0.0386,0.0295028,0.00634218,0.115782,360,0.24338,0.267278,9.05938,1.04891,42.1429
48,0.0754477,0.0386,0.0251244,0.00634218,0.0985987,360,0.24338,0.267278,10.6382,1.04891,42.1429
49,0.192107,0.0386,0.0527187,0.00634218,0.20689,360,0.24338,0.267278,5.06988,1.04891,42.1429
50,0.393584,0.0386,0.0086146,0.00634218,0.0338073,360,0.24338,0.267278,31.0261,1.04891,42.1429
51,0.152373,0.0386,0.0513894,0.00634218,0.201674,360,0.24338,0.267278,5.20102,1.04891,42.1429
52,0.650085,0.0386,0.0365614,0.00634218,0.143482,360,0.24338,0.267278,7.31037,1.04891,42.1429
53,0.502695,0.0386,0.0246319,0.00634218,0.0966659,360,0.24338,0.267278,10.8509,1.04891,42.1429
54,0.107823,0.0386,0.0243577,0.00634218,0.0955899,360,0.24338,0.267278,10.973,1.04891,42.1429
55,0.221651,0.0386,0.0353222,0.00634218,0.138619,360,0.24338,0.267278,7.56684,1.04891,42.1429
56,0.186449,0.0386,0.0204207,0.00634218,0.0801393,360,0.24338,0.267278,13.0886,1.04891,42.1429
57,0.295442,0.0386,0.184494,0.00634218,0.724033,360,0.24338,0.267278,1.4487,1.04891,42.1429
58,0.139083,0.0386,0.0129491,0.00634218,0.0508177,360,0.24338,0.267278,20.6406,1.04891,42.1429
59,0.0707898,0.0386,0.022799,0.00634218,0.0894729,360,0.24338,0.267278,11.7232,1.04891,42.1429
60,0.132483,0.0386,0.0999919,0.00634218,0.39241,360,0.24338,0.267278,2.67299,1.04891,42.1429
61,0.0679671,0.0386,0.0390958,0.00634218,0.153428,360,0.24338,0.267278,6.83648,1.04891,42.1429
62,0.299955,0.0386,0.0588352,0.00634218,0.230894,360,0.24338,0.267278,4.54281,1.04891,42.1429
63,0.188043,0.0386,0.00248058,0.00634218,0.00973483,360,0.24338,0.267278,107.748,1.04891,42.1429
64,0.124531,0.0386,0.0500348,0.00634218,0.196358,360,0.24338,0.267278,5.34183,1.04891,42.1429
65,0.362139,0.0386,0.0731983,0.00634218,0.287261,360,0.24338,0.267278,3.65142,1.04891,42.1429
66,0.0373104,0.0386,0.347037,0.00634218,1.36192,360,0.24338,0.267278,0.77017,1.04891,42.1429
67,0.436918,0.0386,0.00547442,0.00634218,0.0214839,360,0.24338,0.267278,48.823,1.04891,42.1429
68,0.263715,0.0386,0.0502257,0.00634218,0.197107,360,0.24338,0.267278,5.32152,1.04891,42.1429
69,0.419559,0.0386,0.0136362,0.00634218,0.0535142,360,0.24338,0.267278,19.6006,1.04891,42.1429
70,0.288573,0.0386,0.0392328,0.00634218,0.153966,360,0.24338,0.267278,6.81261,1.04891,42.1429
71,0.2595,0.0386,0.0147678,0.00634218,0.0579549,360,0.24338,0.267278,18.0987,1.04891,42.1429
72,0.494482,0.0386,0.0125356,0.00634218,0.0491949,360,0.24338,0.267278,21.3215,1.04891,42.1429
73,0.507041,0.0386,0.0158397,0.00634218,0.0621618,360,0.24338,0.267278,16.8739,1.04891,42.1429
74,0.0763963,0.0386,0.0434475,0.00634218,0.170506,360,0.24338,0.267278,6.15174,1.04891,42.1429
75,0.0486969,0.0386,0.0766287,0.00634218,0.300723,360,0.24338,0.267278,3.48796,1.04891,42.1429
76,0.278449,0.0386,0.03658,0.00634218,0.143555,360,0.24338,0.267278,7.30666,1.04891,42.1429
77,0.507884,0.0386,0.0201622,0.00634218,0.0791249,360,0.24338,0.267278,13.2564,1.04891,42.1429
78,0.0604048,0.0386,0.0195543,0.00634218,0.0767391,360,0.24338,0.267278,13.6685,1.04891,42.1429
79,0.131368,0.0386,0.0130683,0.00634218,0.0512856,360,0.24338,0.267278,20.4523,1.04891,42.1429
80,0.176229,0.0386,0.0146781,0.00634218,0.057603,360,0.24338,0.267278,18.2093,1.04891,42.1429
81,0.23031,0.0386,0.0102872,0.00634218,0.0403715,360,0.24338,0.267278,25.9814,1.04891,42.1429
82,0.374927,0.0386,0.365342,0.00634218,1.43375,360,0.24338,0.267278,0.731582,1.04891,42.1429
83,0.315536,0.0386,0.0377405,0.00634218,0.14811,360,0.24338,0.267278,7.08198,1.04891,42.1429
84,0.402249,0.0386,0.0180947,0.00634218,0.0710112,360,0.24338,0.267278,14.771,1.04891,42.1429
85,0.289102,0.0386,0.054752,0.00634218,0.21487,360,0.24338,0.267278,4.8816,1.04891,42.1429
86,0.234355,0.0386,0.0100283,0.00634218,0.0393551,360,0.24338,0.267278,26.6524,1.04891,42.1429
87,0.104151,0.0386,0.00598427,0.00634218,0.0234848,360,0.24338,0.267278,44.6633,1.04891,42.1429
88,0.0983539,0.0386,0.128611,0.00634218,0.504724,360,0.24338,0.267278,2.07818,1.04891,42.1429
89,0.287635,0.0386,0.00260892,0.00634218,0.0102385,360,0.24338,0.267278,102.448,1.04891,42.1429
90,0.683382,0.0386,0.029191,0.00634218,0.114558,360,0.24338,0.267278,9.15616,1.04891,42.1429
91,0.0849152,0.0386,0.0417144,0.00634218,0.163705,360,0.24338,0.267278,6.40733,1.04891,42.1429
92,0.331606,0.0386,0.0641067,0.00634218,0.251582,360,0.24338,0.267278,4.16926,1.04891,42.1429
93,0.216308,0.0386,0.0204356,0.00634218,0.0801977,360,0.24338,0.267278,13.079,1.04891,42.1429
94,0.110525,0.0386,0.0143577,0.00634218,0.0563457,360,0.24338,0.267278,18.6156,1.04891,42.1429
95,0.108225,0.0386,0.0158121,0.00634218,0.0620535,360,0.24338,0.267278,16.9033,1.04891,42.1429
96,0.0148527,0.0386,0.0308178,0.00634218,0.120942,360,0.24338,0.267278,8.67283,1.04891,42.1429
97,0.229416,0.0386,0.032487,0.00634218,0.127493,360,0.24338,0.267278,8.22722,1.04891,42.1429
98,0.288855,0.0386,0.0719155,0.00634218,0.282227,360,0.24338,0.267278,3.71655,1.04891,42.1429
99,0.484821,0.0386,0.0434776,0.00634218,0.170624,360,0.24338,0.267278,6.14748,1.04891,42.1429
100,0.0985479,0.0386,0.00906244,0.00634218,0.0355648,360,0.24338,0.267278,29.4929,1.04891,42.1429
101,0.129124,0.0386,0.154381,0.00634218,0.605857,360,0.24338,0.267278,1.73128,1.04891,42.1429
102,0.124904,0.0386,0.0147183,0.00634218,0.0577607,360,0.24338,0.267278,18.1596,1.04891,42.1429
103,0.182704,0.0386,0.0369164,0.00634218,0.144875,360,0.24338,0.267278,7.24008,1.04891,42.1429
104,0.169939,0.0386,0.176863,0.00634218,0.694085,360,0.24338,0.267278,1.51121,1.04891,42.1429
105,0.0711386,0.0386,0.066504,0.00634218,0.260989,360,0.24338,0.267278,4.01897,1.04891,42.1429
106,0.0521669,0.0386,0.0764641,0.00634218,0.300077,360,0.24338,0.267278,3.49546,1.04891,42.1429
107,0.139635,0.0386,0.0143933,0.00634218,0.0564853,360,0.24338,0.267278,18.5696,1.04891,42.1429
108,0.323692,0.0386,0.0752212,0.00634218,0.295199,360,0.24338,0.267278,3.55322,1.04891,42.1429
109,0.249019,0.0386,0.00282892,0.00634218,0.0111019,360,0.24338,0.267278,94.4805,1.04891,42.1429
110,0.242532,0.0386,0.063065,0.00634218,0.247493,360,0.24338,0.267278,4.23813,1.04891,42.1429
111,0.304729,0.0386,0.0211143,0.00634218,0.0828615,360,0.24338,0.267278,12.6586,1.04891,42.1429
112,0.144994,0.0386,0.0371965,0.00634218,0.145975,360,0.24338,0.267278,7.18556,1.04891,42.1429
113,0.112381,0.0386,0.0233903,0.00634218,0.0917933,360,0.24338,0.267278,11.4269,1.04891,42.1429
114,0.154117,0.0386,0.00552462,0.00634218,0.0216809,360,0.24338,0.267278,48.3793,1.04891,42.1429
115,0.149948,0.0386,0.170003,0.00634218,0.667163,360,0.24338,0.267278,1.57219,1.04891,42.1429
116,0.311792,0.0386,0.0060755,0.00634218,0.0238428,360,0.24338,0.267278,43.9927,1.04891,42.1429
117,0.352506,0.0386,0.170829,0.00634218,0.670403,360,0.24338,0.267278,1.5646,1.04891,42.1429
118,0.245957,0.0386,0.0164133,0.00634218,0.0644127,360,0.24338,0.267278,16.2842,1.04891,42.1429
119,0.29923,0.0386,0.0415078,0.00634218,0.162894,360,0.24338,0.267278,6.43922,1.04891,42.1429
120,0.224759,0.0386,0.0424307,0.00634218,0.166516,360,0.24338,0.267278,6.29916,1.04891,42.1429
121,0.391776,0.0386,0.0253958,0.00634218,0.0996637,360,0.24338,0.267278,10.5245,1.04891,42.1429
122,0.107907,0.0386,0.497802,0.00634218,1.95359,360,0.24338,0.267278,0.536915,1.04891,42.1429
123,0.298355,0.0386,0.0175048,0.00634218,0.0686962,360,0.24338,0.267278,15.2688,1.04891,42.1429
124,0.0994698,0.0386,0.0511305,0.00634218,0.200657,360,0.24338,0.267278,5.22736,1.04891,42.1429
125,0.170053,0.0386,0.0235627,0.00634218,0.0924698,360,0.24338,0.267278,11.3433,1.04891,42.1429
126,0.399228,0.0386,0.046978,0.00634218,0.184361,360,0.24338,0.267278,5.68942,1.04891,42.1429
127,0.389443,0.0386,0.0511051,0.00634218,0.200558,360,0.24338,0.267278,5.22996,1.04891,42.1429
128,0.27781,0.0386,0.0108894,0.00634218,0.0427347,360,0.24338,0.267278,24.5447,1.04891,42.1429
129,0.206301,0.0386,0.0557116,0.00634218,0.218636,360,0.24338,0.267278,4.79752,1.04891,42.1429
130,0.0487836,0.0386,0.139894,0.00634218,0.549003,360,0.24338,0.267278,1.91057,1.04891,42.1429
131,0.128429,0.0386,0.0608367,0.00634218,0.238749,360,0.24338,0.267278,4.39336,1.04891,42.1429
132,0.212839,0.0386,0.185954,0.00634218,0.729763,360,0.24338,0.267278,1.43733,1.04891,42.1429
133,0.18569,0.0386,0.0165965,0.00634218,0.0651317,360,0.24338,0.267278,16.1044,1.04891,42.1429
134,0.26173,0.0386,0.0175872,0.00634218,0.0690194,360,0.24338,0.267278,15.1973,1.04891,42.1429
135,0.267195,0.0386,0.021266,0.00634218,0.0834565,360,0.24338,0.267278,12.5683,1.04891,42.1429
136,0.483137,0.0386,0.0442431,0.00634218,0.173628,360,0.24338,0.267278,6.04111,1.04891,42.1429
137,0.545683,0.0386,0.0108289,0.00634218,0.0424973,360,0.24338,0.267278,24.6818,1.04891,42.1429
138,0.290446,0.0386,0.0150603,0.00634218,0.0591029,360,0.24338,0.267278,17.7472,1.04891,42.1429
139,0.136782,0.0386,0.024703,0.00634218,0.0969449,360,0.24338,0.267278,10.8196,1.04891,42.1429
140,0.258246,0.0386,0.0527927,0.00634218,0.20718,360,0.24338,0.267278,5.06278,1.04891,42.1429
141,0.04091,0.0386,0.0176107,0.00634218,0.0691116,360,0.24338,0.267278,15.177,1.04891,42.1429
142,0.159465,0.0386,0.0167971,0.00634218,0.0659188,360,0.24338,0.267278,15.9121,1.04891,42.1429
143,0.806567,0.0386,0.180911,0.00634218,0.709971,360,0.24338,0.267278,1.4774,1.04891,42.1429
144,0.417591,0.0386,0.125301,0.00634218,0.491734,360,0.24338,0.267278,2.13308,1.04891,42.1429
145,0.0584998,0.0386,0.00555883,0.00634218,0.0218152,360,0.24338,0.267278,48.0816,1.04891,42.1429
146,0.274515,0.0386,0.0809354,0.00634218,0.317625,360,0.24338,0.267278,3.30235,1.04891,42.1429
147,0.261439,0.0386,0.0129048,0.00634218,0.0506437,360,0.24338,0.267278,20.7115,1.04891,42.1429
148,0.178978,0.0386,0.149387,0.00634218,0.586258,360,0.24338,0.267278,1.78916,1.04891,42.1429
149,0.15397,0.0386,0.0632209,0.00634218,0.248105,360,0.24338,0.267278,4.22768,1.04891,42.1429
150,0.371423,0.0386,0.0400086,0.00634218,0.157011,360,0.24338,0.267278,6.6805,1.04891,42.1429
151,0.130429,0.0386,0.00836292,0.00634218,0.0328196,360,0.24338,0.267278,31.9598,1.04891,42.1429
152,0.455644,0.0386,0.00476365,0.00634218,0.0186945,360,0.24338,0.267278,56.1077,1.04891,42.1429
153,0.205839,0.0386,0.0664535,0.00634218,0.260791,360,0.24338,0.267278,4.02203,1.04891,42.1429
154,0.365928,0.0386,0.0180149,0.00634218,0.070698,360,0.24338,0.267278,14.8365,1.04891,42.1429
155,0.0711219,0.0386,0.0197339,0.00634218,0.0774441,360,0.24338,0.267278,13.5441,1.04891,42.1429
156,0.357733,0.0386,0.029027,0.00634218,0.113914,360,0.24338,0.267278,9.2079,1.04891,42.1429
157,0.267521,0.0386,0.255342,0.00634218,1.00207,360,0.24338,0.267278,1.04674,1.04891,42.1429
158,0.261392,0.0386,0.185493,0.00634218,0.72795,360,0.24338,0.267278,1.44091,1.04891,42.1429
159,0.364085,0.0386,0.00325378,0.00634218,0.0127692,360,0.24338,0.267278,82.1437,1.04891,42.1429
160,0.379447,0.0386,0.0593272,0.00634218,0.232825,360,0.24338,0.267278,4.50514,1.04891,42.1429
161,0.321331,0.0386,0.00490957,0.00634218,0.0192672,360,0.24338,0.267278,54.4401,1.04891,42.1429
162,0.15104,0.0386,0.0610152,0.00634218,0.239449,360,0.24338,0.267278,4.38051,1.04891,42.1429
163,0.190023,0.0386,0.0307133,0.00634218,0.120532,360,0.24338,0.267278,8.70235,1.04891,42.1429
164,0.0735096,0.0386,0.0391248,0.00634218,0.153542,360,0.24338,0.267278,6.8314,1.04891,42.1429
165,0.0848449,0.0386,0.0175049,0.00634218,0.0686965,360,0.24338,0.267278,15.2687,1.04891,42.1429
166,0.0785634,0.0386,0.171592,0.00634218,0.6734,360,0.24338,0.267278,1.55763,1.04891,42.1429
167,0.168161,0.0386,0.0651704,0.00634218,0.255756,360,0.24338,0.267278,4.10121,1.04891,42.1429
168,0.136067,0.0386,0.028136,0.00634218,0.110417,360,0.24338,0.267278,9.49949,1.04891,42.1429
169,0.258761,0.0386,0.070911,0.00634218,0.278285,360,0.24338,0.267278,3.7692,1.04891,42.1429
170,0.0970938,0.0386,0.0331606,0.00634218,0.130136,360,0.24338,0.267278,8.06009,1.04891,42.1429
171,0.512466,0.0386,0.0256012,0.00634218,0.10047,360,0.24338,0.267278,10.44,1.04891,42.1429
172,0.282633,0.0386,0.0404397,0.00634218,0.158702,360,0.24338,0.267278,6.60929,1.04891,42.1429
173,0.123101,0.0386,0.0503072,0.00634218,0.197427,360,0.24338,0.267278,5.31291,1.04891,42.1429
174,0.0812965,0.0386,0.0502236,0.00634218,0.197098,360,0.24338,0.267278,5.32175,1.04891,42.1429
175,0.192663,0.0386,0.0681143,0.00634218,0.267309,360,0.24338,0.267278,3.92396,1.04891,42.1429
176,0.421473,0.0386,0.00434325,0.00634218,0.0170447,360,0.24338,0.267278,61.5386,1.04891,42.1429
177,0.536019,0.0386,0.0734397,0.00634218,0.288208,360,0.24338,0.267278,3.63942,1.04891,42.1429
178,0.268057,0.0386,0.0164537,0.00634218,0.064571,360,0.24338,0.267278,16.2443,1.04891,42.1429
179,0.116474,0.0386,0.165689,0.00634218,0.650232,360,0.24338,0.267278,1.61313,1.04891,42.1429
180,0.158353,0.0386,0.0924887,0.00634218,0.362964,360,0.24338,0.267278,2.88984,1.04891,42.1429
181,0.187632,0.0386,0.00210072,0.00634218,0.00824409,360,0.24338,0.267278,127.232,1.04891,42.1429
182,0.139046,0.0386,0.0524879,0.00634218,0.205985,360,0.24338,0.267278,5.09217,1.04891,42.1429
183,0.175777,0.0386,0.112803,0.00634218,0.442686,360,0.24338,0.267278,2.36942,1.04891,42.1429
184,0.515637,0.0386,0.0334832,0.00634218,0.131402,360,0.24338,0.267278,7.98245,1.04891,42.1429
185,0.399934,0.0386,0.126661,0.00634218,0.497071,360,0.24338,0.267278,2.11018,1.04891,42.1429
186,0.0437573,0.0386,0.0153465,0.00634218,0.060226,360,0.24338,0.267278,17.4162,1.04891,42.1429
187,0.226983,0.0386,0.019273,0.00634218,0.0756355,360,0.24338,0.267278,13.8679,1.04891,42.1429
188,0.210857,0.0386,0.00921346,0.00634218,0.0361575,360,0.24338,0.267278,29.0095,1.04891,42.1429
189,0.130372,0.0386,0.0416524,0.00634218,0.163462,360,0.24338,0.267278,6.41685,1.04891,42.1429
190,0.22579,0.0386,0.0126397,0.00634218,0.0496033,360,0.24338,0.267278,21.1459,1.04891,42.1429
191,0.491434,0.0386,0.0202088,0.00634218,0.0793078,360,0.24338,0.267278,13.2258,1.04891,42.1429
192,0.328511,0.0386,0.0531416,0.00634218,0.20855,360,0.24338,0.267278,5.02954,1.04891,42.1429
193,0.385272,0.0386,0.356392,0.00634218,1.39863,360,0.24338,0.267278,0.749955,1.04891,42.1429
194,0.414101,0.0386,0.221703,0.00634218,0.870056,360,0.24338,0.267278,1.20557,1.04891,42.1429
195,0.365112,0.0386,0.0140508,0.00634218,0.0551411,360,0.24338,0.267278,19.0223,1.04891,42.1429
196,0.114146,0.0386,0.0242294,0.00634218,0.0950864,360,0.24338,0.267278,11.0311,1.04891,42.1429
197,0.342856,0.0386,0.0131984,0.00634218,0.051796,360,0.24338,0.267278,20.2508,1.04891,42.1429
198,0.170048,0.0386,0.00470138,0.00634218,0.0184502,360,0.24338,0.267278,56.8508,1.04891,42.1429
199,0.216915,0.0386,0.00627071,0.00634218,0.0246089,360,0.24338,0.267278,42.6232,1.04891,42.1429
200,0.166639,0.0386,0.041668,0.00634218,0.163523,360,0.24338,0.267278,6.41445,1.04891,42.1429
201,0.176131,0.0386,0.00513196,0.00634218,0.02014,360,0.24338,0.267278,52.081,1.04891,42.1429
202,0.183133,0.0386,0.0659094,0.00634218,0.258656,360,0.24338,0.267278,4.05523,1.04891,42.1429
203,0.348747,0.0386,0.0826043,0.00634218,0.324174,360,0.24338,0.267278,3.23564,1.04891,42.1429
204,0.101345,0.0386,0.0796877,0.00634218,0.312728,360,0.24338,0.267278,3.35406,1.04891,42.1429
205,0.284869,0.0386,0.0506649,0.00634218,0.19883,360,0.24338,0.267278,5.2754,1.04891,42.1429
206,0.277428,0.0386,0.0827056,0.00634218,0.324571,360,0.24338,0.267278,3.23168,1.04891,42.1429
207,0.253426,0.0386,0.0477772,0.00634218,0.187498,360,0.24338,0.267278,5.59425,1.04891,42.1429
208,0.403922,0.0386,0.0817163,0.00634218,0.320689,360,0.24338,0.267278,3.2708,1.04891,42.1429
209,0.208145,0.0386,0.0274518,0.00634218,0.107733,360,0.24338,0.267278,9.73623,1.04891,42.1429
210,0.264244,0.0386,0.140953,0.00634218,0.553158,360,0.24338,0.267278,1.89622,1.04891,42.1429
211,0.268321,0.0386,0.00894661,0.00634218,0.0351102,360,0.24338,0.267278,29.8747,1.04891,42.1429
212,0.43316,0.0386,0.0285774,0.00634218,0.11215,360,0.24338,0.267278,9.35277,1.04891,42.1429
213,0.211546,0.0386,0.0125129,0.00634218,0.0491058,360,0.24338,0.267278,21.3602,1.04891,42.1429
214,0.234074,0.0386,0.0588205,0.00634218,0.230836,360,0.24338,0.267278,4.54395,1.04891,42.1429
215,0.428246,0.0386,0.0105028,0.00634218,0.0412172,360,0.24338,0.267278,25.4483,1.04891,42.1429
216,0.305827,0.0386,0.130086,0.00634218,0.510513,360,0.24338,0.267278,2.05462,1.04891,42.1429
217,0.276692,0.0386,0.0525206,0.00634218,0.206113,360,0.24338,0.267278,5.08901,1.04891,42.1429
218,0.253557,0.0386,0.0390177,0.00634218,0.153122,360,0.24338,0.267278,6.85017,1.04891,42.1429
219,0.333974,0.0386,0.0584666,0.00634218,0.229448,360,0.24338,0.267278,4.57145,1.04891,42.1429
220,0.177918,0.0386,0.0406929,0.00634218,0.159696,360,0.24338,0.267278,6.56816,1.04891,42.1429
221,0.0278594,0.0386,0.0803763,0.00634218,0.31543,360,0.24338,0.267278,3.32533,1.04891,42.1429
222,0.25629,0.0386,0.0319383,0.00634218,0.125339,360,0.24338,0.267278,8.36855,1.04891,42.1429
223,0.372632,0.0386,0.0160168,0.00634218,0.0628567,360,0.24338,0.267278,16.6873,1.04891,42.1429
224,0.212519,0.0386,0.00400021,0.00634218,0.0156985,360,0.24338,0.267278,66.8159,1.04891,42.1429
225,0.122754,0.0386,0.167589,0.00634218,0.657689,360,0.24338,0.267278,1.59484,1.04891,42.1429
226,0.41639,0.0386,0.0460095,0.00634218,0.180561,360,0.24338,0.267278,5.80918,1.04891,42.1429
227,0.0681593,0.0386,0.0434065,0.00634218,0.170345,360,0.24338,0.267278,6.15754,1.04891,42.1429
228,0.343402,0.0386,0.0756719,0.00634218,0.296968,360,0.24338,0.267278,3.53206,1.04891,42.1429
229,0.183875,0.0386,0.0158146,0.00634218,0.062063,360,0.24338,0.267278,16.9007,1.04891,42.1429
230,0.254804,0.0386,0.020726,0.00634218,0.0813376,360,0.24338,0.267278,12.8958,1.04891,42.1429
231,0.261474,0.0386,0.0112049,0.00634218,0.0439727,360,0.24338,0.267278,23.8537,1.04891,42.1429
232,0.16504,0.0386,0.0396898,0.00634218,0.155759,360,0.24338,0.267278,6.73417,1.04891,42.1429
233,0.410396,0.0386,0.0347518,0.00634218,0.13638,360,0.24338,0.267278,7.69105,1.04891,42.1429
234,0.194705,0.0386,0.0325037,0.00634218,0.127558,360,0.24338,0.267278,8.22299,1.04891,42.1429
235,0.113583,0.0386,0.00790009,0.00634218,0.0310032,360,0.24338,0.267278,33.8322,1.04891,42.1429
236,0.17729,0.0386,0.074267,0.00634218,0.291455,360,0.24338,0.267278,3.59887,1.04891,42.1429
237,0.264076,0.0386,0.032266,0.00634218,0.126625,360,0.24338,0.267278,8.28357,1.04891,42.1429
238,0.0760934,0.0386,0.304302,0.00634218,1.19421,360,0.24338,0.267278,0.87833,1.04891,42.1429
239,0.192916,0.0386,0.036209,0.00634218,0.142099,360,0.24338,0.267278,7.38153,1.04891,42.1429
240,0.162841,0.0386,0.10085,0.00634218,0.395778,360,0.24338,0.267278,2.65025,1.04891,42.1429
241,0.194543,0.0386,0.0996616,0.00634218,0.391114,360,0.24338,0.267278,2.68185,1.04891,42.1429
242,0.267935,0.0386,0.00661603,0.00634218,0.0259641,360,0.24338,0.267278,40.3985,1.04891,42.1429
243,0.134901,0.0386,0.0206253,0.00634218,0.0809423,360,0.24338,0.267278,12.9587,1.04891,42.1429
244,0.127796,0.0386,0.0291446,0.00634218,0.114376,360,0.24338,0.267278,9.17072,1.04891,42.1429
245,0.236549,0.0386,0.0605517,0.00634218,0.23763,360,0.24338,0.267278,4.41404,1.04891,42.1429
246,0.2002,0.0386,0.00220285,0.00634218,0.00864489,360,0.24338,0.267278,121.333,1.04891,42.1429
247,0.292484,0.0386,0.223651,0.00634218,0.877701,360,0.24338,0.267278,1.19506,1.04891,42.1429
248,0.169774,0.0386,0.032965,0.00634218,0.129368,360,0.24338,0.267278,8.10792,1.04891,42.1429
249,0.323071,0.0386,0.0485072,0.00634218,0.190363,360,0.24338,0.267278,5.51006,1.04891,42.1429
250,0.396746,0.0386,0.0427574,0.00634218,0.167798,360,0.24338,0.267278,6.25103,1.04891,42.1429
251,0.0933533,0.0386,0.189202,0.00634218,0.742509,360,0.24338,0.267278,1.41266,1.04891,42.1429
252,0.203607,0.0386,0.0108061,0.00634218,0.0424077,360,0.24338,0.267278,24.7339,1.04891,42.1429
253,0.0708793,0.0386,0.0862547,0.00634218,0.3385,360,0.24338,0.267278,3.0987,1.04891,42.1429
254,0.11274,0.0386,0.0366022,0.00634218,0.143642,360,0.24338,0.267278,7.30223,1.04891,42.1429
255,0.419094,0.0386,0.070363,0.00634218,0.276134,360,0.24338,0.267278,3.79855,1.04891,42.1429
256,0.222619,0.0386,0.0782115,0.00634218,0.306935,360,0.24338,0.267278,3.41737,1.04891,42.1429
257,0.207655,0.0386,0.0401032,0.00634218,0.157382,360,0.24338,0.267278,6.66474,1.04891,42.1429
258,0.261005,0.0386,0.0135857,0.00634218,0.053316,360,0.24338,0.267278,19.6735,1.04891,42.1429
259,0.348665,0.0386,0.786031,0.00634218,3.08472,360,0.24338,0.267278,0.340034,1.04891,42.1429
260,0.129656,0.0386,0.0785539,0.00634218,0.308278,360,0.24338,0.267278,3.40247,1.04891,42.1429
261,0.0657714,0.0386,0.0538944,0.00634218,0.211504,360,0.24338,0.267278,4.95929,1.04891,42.1429
262,0.076049,0.0386,0.0320306,0.00634218,0.125702,360,0.24338,0.267278,8.34444,1.04891,42.1429
263,0.203235,0.0386,0.0515654,0.00634218,0.202364,360,0.24338,0.267278,5.18327,1.04891,42.1429
264,0.109856,0.0386,0.0731994,0.00634218,0.287265,360,0.24338,0.267278,3.65136,1.04891,42.1429
265,0.0682183,0.0386,0.240845,0.00634218,0.945178,360,0.24338,0.267278,1.10975,1.04891,42.1429
266,0.47868,0.0386,0.186358,0.00634218,0.731345,360,0.24338,0.267278,1.43422,1.04891,42.1429
267,0.31593,0.0386,0.0251489,0.00634218,0.0986948,360,0.24338,0.267278,10.6278,1.04891,42.1429
268,0.239702,0.0386,0.0519091,0.00634218,0.203713,360,0.24338,0.267278,5.14896,1.04891,42.1429
269,0.157918,0.0386,0.0335724,0.00634218,0.131752,360,0.24338,0.267278,7.96122,1.04891,42.1429
270,0.502168,0.0386,0.127572,0.00634218,0.500644,360,0.24338,0.267278,2.09512,1.04891,42.1429
271,0.297045,0.0386,0.0656316,0.00634218,0.257566,360,0.24338,0.267278,4.07239,1.04891,42.1429
272,0.263791,0.0386,0.04382,0.00634218,0.171968,360,0.24338,0.267278,6.09945,1.04891,42.1429
273,0.186717,0.0386,0.0173096,0.00634218,0.06793,360,0.24338,0.267278,15.441,1.04891,42.1429
274,0.226345,0.0386,0.0170987,0.00634218,0.0671026,360,0.24338,0.267278,15.6314,1.04891,42.1429
275,0.218822,0.0386,0.10864,0.00634218,0.426347,360,0.24338,0.267278,2.46022,1.04891,42.1429
276,0.0795361,0.0386,0.110182,0.00634218,0.432401,360,0.24338,0.267278,2.42578,1.04891,42.1429
277,0.0893721,0.0386,0.00447005,0.00634218,0.0175423,360,0.24338,0.267278,59.793,1.04891,42.1429
278,0.365204,0.0386,0.0225039,0.00634218,0.0883148,360,0.24338,0.267278,11.8769,1.04891,42.1429
279,0.28882,0.0386,0.0715168,0.00634218,0.280662,360,0.24338,0.267278,3.73727,1.04891,42.1429
280,0.0542005,0.0386,0.0059317,0.00634218,0.0232785,360,0.24338,0.267278,45.0591,1.04891,42.1429
281,0.320721,0.0386,0.0926093,0.00634218,0.363438,360,0.24338,0.267278,2.88608,1.04891,42.1429
282,0.477813,0.0386,0.019053,0.00634218,0.0747721,360,0.24338,0.267278,14.0281,1.04891,42.1429
283,0.280795,0.0386,0.00597279,0.00634218,0.0234397,360,0.24338,0.267278,44.7492,1.04891,42.1429
284,0.102813,0.0386,0.010446,0.00634218,0.0409946,360,0.24338,0.267278,25.5865,1.04891,42.1429
285,0.145013,0.0386,0.214741,0.00634218,0.842734,360,0.24338,0.267278,1.24465,1.04891,42.1429
286,0.669836,0.0386,0.0487076,0.00634218,0.191149,360,0.24338,0.267278,5.48739,1.04891,42.1429
287,0.137218,0.0386,0.0586893,0.00634218,0.230321,360,0.24338,0.267278,4.55411,1.04891,42.1429
288,0.366884,0.0386,0.0278686,0.00634218,0.109368,360,0.24338,0.267278,9.59064,1.04891,42.1429
289,0.487035,0.0386,0.0120751,0.00634218,0.0473878,360,0.24338,0.267278,22.1346,1.04891,42.1429
290,0.328072,0.0386,0.0409663,0.00634218,0.160769,360,0.24338,0.267278,6.52433,1.04891,42.1429
291,0.250221,0.0386,0.0379649,0.00634218,0.14899,360,0.24338,0.267278,7.04011,1.04891,42.1429
292,0.609983,0.0386,0.0129978,0.00634218,0.0510089,360,0.24338,0.267278,20.5632,1.04891,42.1429
293,0.0981537,0.0386,0.120595,0.00634218,0.473266,360,0.24338,0.267278,2.21632,1.04891,42.1429
294,0.197464,0.0386,0.119099,0.00634218,0.467393,360,0.24338,0.267278,2.24417,1.04891,42.1429
295,0.137777,0.0386,0.00777195,0.00634218,0.0305004,360,0.24338,0.267278,34.39,1.04891,42.1429
296,0.46258,0.0386,0.0232947,0.00634218,0.0914181,360,0.24338,0.267278,11.4738,1.04891,42.1429
297,0.213597,0.0386,0.0650461,0.00634218,0.255268,360,0.24338,0.267278,4.10905,1.04891,42.1429
298,0.349956,0.0386,0.116176,0.00634218,0.455923,360,0.24338,0.267278,2.30063,1.04891,42.1429
299,0.488226,0.0386,0.01994,0.00634218,0.0782531,360,0.24338,0.267278,13.4041,1.04891,42.1429
300,0.207807,0.0386,0.00419372,0.00634218,0.0164579,360,0.24338,0.267278,63.7329,1.04891,42.1429
301,0.0756594,0.0386,0.0239738,0.00634218,0.0940833,360,0.24338,0.267278,11.1487,1.04891,42.1429
302,0.23289,0.0386,0.0276781,0.00634218,0.10862,360,0.24338,0.267278,9.65664,1.04891,42.1429
303,0.170598,0.0386,0.0109602,0.00634218,0.0430124,360,0.24338,0.267278,24.3862,1.04891,42.1429
304,0.236662,0.0386,0.0301346,0.00634218,0.118261,360,0.24338,0.267278,8.86945,1.04891,42.1429
305,0.173655,0.0386,0.0233975,0.00634218,0.0918214,360,0.24338,0.267278,11.4234,1.04891,42.1429
306,0.226459,0.0386,0.0756274,0.00634218,0.296794,360,0.24338,0.267278,3.53414,1.04891,42.1429
307,0.160095,0.0386,0.155619,0.00634218,0.610716,360,0.24338,0.267278,1.71751,1.04891,42.1429
308,0.475718,0.0386,0.0353237,0.00634218,0.138625,360,0.24338,0.267278,7.56651,1.04891,42.1429
309,0.0856306,0.0386,0.0131357,0.00634218,0.0515499,360,0.24338,0.267278,20.3474,1.04891,42.1429
310,0.120179,0.0386,0.0894283,0.00634218,0.350954,360,0.24338,0.267278,2.98874,1.04891,42.1429
311,0.252823,0.0386,0.0569279,0.00634218,0.223409,360,0.24338,0.267278,4.69502,1.04891,42.1429
312,0.127333,0.0386,0.0360298,0.00634218,0.141396,360,0.24338,0.267278,7.41824,1.04891,42.1429
313,0.0563388,0.0386,0.0155853,0.00634218,0.0611631,360,0.24338,0.267278,17.1494,1.04891,42.1429
314,0.0937365,0.0386,0.0249557,0.00634218,0.0979365,360,0.24338,0.267278,10.7101,1.04891,42.1429
315,0.296469,0.0386,0.111461,0.00634218,0.437421,360,0.24338,0.267278,2.39794,1.04891,42.1429
316,0.247077,0.0386,0.104526,0.00634218,0.410203,360,0.24338,0.267278,2.55705,1.04891,42.1429
317,0.201979,0.0386,0.0274601,0.00634218,0.107765,360,0.24338,0.267278,9.73329,1.04891,42.1429
318,0.232535,0.0386,0.1386,0.00634218,0.543923,360,0.24338,0.267278,1.92841,1.04891,42.1429
319,0.197529,0.0386,0.704868,0.00634218,2.7662,360,0.24338,0.267278,0.379188,1.04891,42.1429
320,0.260981,0.0386,0.0502052,0.00634218,0.197026,360,0.24338,0.267278,5.3237,1.04891,42.1429
321,0.301169,0.0386,0.0294662,0.00634218,0.115638,360,0.24338,0.267278,9.07066,1.04891,42.1429
322,0.186085,0.0386,0.0289176,0.00634218,0.113485,360,0.24338,0.267278,9.24271,1.04891,42.1429
323,0.189647,0.0386,0.0584252,0.00634218,0.229285,360,0.24338,0.267278,4.5747,1.04891,42.1429
324,0.346651,0.0386,0.0225557,0.00634218,0.0885179,360,0.24338,0.267278,11.8497,1.04891,42.1429
325,0.293423,0.0386,0.00944986,0.00634218,0.0370852,360,0.24338,0.267278,28.2838,1.04891,42.1429
326,0.29393,0.0386,0.0238042,0.00634218,0.0934176,360,0.24338,0.267278,11.2282,1.04891,42.1429
327,0.221322,0.0386,0.0317135,0.00634218,0.124457,360,0.24338,0.267278,8.42789,1.04891,42.1429
328,0.156842,0.0386,0.0167947,0.00634218,0.0659096,360,0.24338,0.267278,15.9144,1.04891,42.1429
329,0.39617,0.0386,0.0720946,0.00634218,0.282929,360,0.24338,0.267278,3.70732,1.04891,42.1429
330,0.201411,0.0386,0.0126211,0.00634218,0.0495304,360,0.24338,0.267278,21.1771,1.04891,42.1429
331,0.195925,0.0386,0.015037,0.00634218,0.0590116,360,0.24338,0.267278,17.7746,1.04891,42.1429
332,0.172307,0.0386,0.02418,0.00634218,0.0948924,360,0.24338,0.267278,11.0537,1.04891,42.1429
333,0.458692,0.0386,0.0154943,0.00634218,0.0608061,360,0.24338,0.267278,17.2501,1.04891,42.1429
334,0.467852,0.0386,0.0129706,0.00634218,0.0509022,360,0.24338,0.267278,20.6063,1.04891,42.1429
335,0.592955,0.0386,0.0515542,0.00634218,0.20232,360,0.24338,0.267278,5.1844,1.04891,42.1429
336,0.304027,0.0386,0.00909821,0.00634218,0.0357052,360,0.24338,0.267278,29.3769,1.04891,42.1429
337,0.152676,0.0386,0.004154,0.00634218,0.016302,360,0.24338,0.267278,64.3422,1.04891,42.1429
338,0.19905,0.0386,0.0465146,0.00634218,0.182543,360,0.24338,0.267278,5.7461,1.04891,42.1429
339,0.172827,0.0386,0.0993854,0.00634218,0.39003,360,0.24338,0.267278,2.6893,1.04891,42.1429
340,0.155442,0.0386,0.0317977,0.00634218,0.124787,360,0.24338,0.267278,8.40557,1.04891,42.1429
341,0.186002,0.0386,0.0492721,0.00634218,0.193364,360,0.24338,0.267278,5.42452,1.04891,42.1429
342,0.392697,0.0386,0.00555765,0.00634218,0.0218105,360,0.24338,0.267278,48.0919,1.04891,42.1429
343,0.437449,0.0386,0.00656028,0.00634218,0.0257453,360,0.24338,0.267278,40.7418,1.04891,42.1429
344,0.14234,0.0386,0.0580476,0.00634218,0.227803,360,0.24338,0.267278,4.60445,1.04891,42.1429
345,0.411335,0.0386,0.0134272,0.00634218,0.0526939,360,0.24338,0.267278,19.9057,1.04891,42.1429
346,0.151718,0.0386,0.0133683,0.00634218,0.052463,360,0.24338,0.267278,19.9933,1.04891,42.1429
347,0.0547356,0.0386,0.0157401,0.00634218,0.0617709,360,0.24338,0.267278,16.9806,1.04891,42.1429
348,0.386288,0.0386,0.0714901,0.00634218,0.280557,360,0.24338,0.267278,3.73866,1.04891,42.1429
349,0.266896,0.0386,0.0256045,0.00634218,0.100483,360,0.24338,0.267278,10.4387,1.04891,42.1429
350,0.200093,0.0386,0.0213253,0.00634218,0.0836895,360,0.24338,0.267278,12.5333,1.04891,42.1429
351,0.318432,0.0386,0.211163,0.00634218,0.828692,360,0.24338,0.267278,1.26574,1.04891,42.1429
352,0.160121,0.0386,0.0137917,0.00634218,0.0541244,360,0.24338,0.267278,19.3796,1.04891,42.1429
353,0.277545,0.0386,0.211567,0.00634218,0.830277,360,0.24338,0.267278,1.26332,1.04891,42.1429
354,0.190347,0.0386,0.00597981,0.00634218,0.0234673,360,0.24338,0.267278,44.6967,1.04891,42.1429
355,0.161405,0.0386,0.0457361,0.00634218,0.179488,360,0.24338,0.267278,5.8439,1.04891,42.1429
356,0.264293,0.0386,0.0199383,0.00634218,0.0782463,360,0.24338,0.267278,13.4052,1.04891,42.1429
357,0.73484,0.0386,0.0344461,0.00634218,0.135181,360,0.24338,0.267278,7.7593,1.04891,42.1429
358,0.0869524,0.0386,0.0336515,0.00634218,0.132063,360,0.24338,0.267278,7.94251,1.04891,42.1429
359,0.835952,0.0386,0.0315975,0.00634218,0.124002,360,0.24338,0.267278,8.45882,1.04891,42.1429
360,0.159482,0.0386,0.0254399,0.00634218,0.0998367,360,0.24338,0.267278,10.5063,1.04891,42.1429
361,0.179338,0.0386,0.0557521,0.00634218,0.218795,360,0.24338,0.267278,4.79403,1.04891,42.1429
362,0.245486,0.0386,0.0477604,0.00634218,0.187432,360,0.24338,0.267278,5.59621,1.04891,42.1429
363,0.198875,0.0386,0.0982247,0.00634218,0.385475,360,0.24338,0.267278,2.72108,1.04891,42.1429
364,0.0317108,0.0386,0.129739,0.00634218,0.509152,360,0.24338,0.267278,2.06011,1.04891,42.1429
365,0.172226,0.0386,0.0131545,0.00634218,0.051624,360,0.24338,0.267278,20.3183,1.04891,42.1429
366,0.0635181,0.0386,0.0259003,0.00634218,0.101644,360,0.24338,0.267278,10.3195,1.04891,42.1429
367,0.347968,0.0386,0.0186026,0.00634218,0.0730043,360,0.24338,0.267278,14.3678,1.04891,42.1429
368,0.227871,0.0386,0.0156609,0.00634218,0.06146,360,0.24338,0.267278,17.0665,1.04891,42.1429
369,0.201834,0.0386,0.00593204,0.00634218,0.0232798,360,0.24338,0.267278,45.0566,1.04891,42.1429
370,0.228029,0.0386,0.0223649,0.00634218,0.087769,360,0.24338,0.267278,11.9508,1.04891,42.1429
371,0.189453,0.0386,0.0584165,0.00634218,0.229251,360,0.24338,0.267278,4.57537,1.04891,42.1429
372,0.139596,0.0386,0.0104626,0.00634218,0.0410596,360,0.24338,0.267278,25.546,1.04891,42.1429
373,0.16206,0.0386,0.0745527,0.00634218,0.292576,360,0.24338,0.267278,3.58508,1.04891,42.1429
374,0.152481,0.0386,0.0394549,0.00634218,0.154837,360,0.24338,0.267278,6.77426,1.04891,42.1429
375,0.248129,0.0386,0.0613456,0.00634218,0.240746,360,0.24338,0.267278,4.35691,1.04891,42.1429
376,0.864581,0.0386,0.0214901,0.00634218,0.084336,360,0.24338,0.267278,12.4373,1.04891,42.1429
377,0.148033,0.0386,0.0830563,0.00634218,0.325948,360,0.24338,0.267278,3.21803,1.04891,42.1429
378,0.192507,0.0386,0.0593372,0.00634218,0.232864,360,0.24338,0.267278,4.50438,1.04891,42.1429
379,0.109979,0.0386,0.0785489,0.00634218,0.308259,360,0.24338,0.267278,3.40269,1.04891,42.1429
380,0.463972,0.0386,0.25733,0.00634218,1.00987,360,0.24338,0.267278,1.03866,1.04891,42.1429
381,0.269323,0.0386,0.00819054,0.00634218,0.0321431,360,0.24338,0.267278,32.6325,1.04891,42.1429
382,0.321576,0.0386,0.0228823,0.00634218,0.0897999,360,0.24338,0.267278,11.6805,1.04891,42.1429
383,0.393371,0.0386,0.0995791,0.00634218,0.39079,360,0.24338,0.267278,2.68407,1.04891,42.1429
384,0.336208,0.0386,0.0190354,0.00634218,0.0747028,360,0.24338,0.267278,14.0411,1.04891,42.1429
385,0.332171,0.0386,0.0485059,0.00634218,0.190357,360,0.24338,0.267278,5.51021,1.04891,42.1429
386,0.251872,0.0386,0.0639672,0.00634218,0.251034,360,0.24338,0.267278,4.17835,1.04891,42.1429
387,0.195328,0.0386,0.00117945,0.00634218,0.00462866,360,0.24338,0.267278,226.612,1.04891,42.1429
388,0.178534,0.0386,0.157245,0.00634218,0.617094,360,0.24338,0.267278,1.69975,1.04891,42.1429
389,0.0693137,0.0386,0.0621054,0.00634218,0.243728,360,0.24338,0.267278,4.30361,1.04891,42.1429
390,0.424261,0.0386,0.102211,0.00634218,0.401118,360,0.24338,0.267278,2.61497,1.04891,42.1429
391,0.147593,0.0386,0.0101292,0.00634218,0.0397513,360,0.24338,0.267278,26.3868,1.04891,42.1429
392,0.0706315,0.0386,0.136097,0.00634218,0.5341,360,0.24338,0.267278,1.96388,1.04891,42.1429
393,0.467634,0.0386,0.0481484,0.00634218,0.188955,360,0.24338,0.267278,5.55112,1.04891,42.1429
394,0.24257,0.0386,0.0563321,0.00634218,0.221071,360,0.24338,0.267278,4.74468,1.04891,42.1429
395,0.180611,0.0386,0.0249135,0.00634218,0.097771,360,0.24338,0.267278,10.7282,1.04891,42.1429
396,0.617878,0.0386,0.0339408,0.00634218,0.133198,360,0.24338,0.267278,7.87482,1.04891,42.1429
397,0.0688514,0.0386,0.0510568,0.00634218,0.200368,360,0.24338,0.267278,5.2349,1.04891,42.1429
398,0.304925,0.0386,0.012976,0.00634218,0.0509231,360,0.24338,0.267278,20.5979,1.04891,42.1429
399,0.114127,0.0386,0.0330239,0.00634218,0.129599,360,0.24338,0.267278,8.09347,1.04891,42.1429
400,0.0846352,0.0386,0.0511107,0.00634218,0.20058,360,0.24338,0.267278,5.22939,1.04891,42.1429
401,0.146184,0.0386,0.152395,0.00634218,0.598063,360,0.24338,0.267278,1.75384,1.04891,42.1429
402,0.227003,0.0386,0.02559,0.00634218,0.100426,360,0.24338,0.267278,10.4446,1.04891,42.1429
403,0.205711,0.0386,0.066584,0.00634218,0.261304,360,0.24338,0.267278,4.01414,1.04891,42.1429
404,0.113069,0.0386,0.00378719,0.00634218,0.0148625,360,0.24338,0.267278,70.5741,1.04891,42.1429
405,0.24823,0.0386,0.0181451,0.00634218,0.0712089,360,0.24338,0.267278,14.73,1.04891,42.1429
406,0.59724,0.0386,0.0268125,0.00634218,0.105223,360,0.24338,0.267278,9.9684,1.04891,42.1429
407,0.299464,0.0386,0.0625108,0.00634218,0.245319,360,0.24338,0.267278,4.2757,1.04891,42.1429
408,0.755084,0.0386,0.0244029,0.00634218,0.0957674,360,0.24338,0.267278,10.9527,1.04891,42.1429
409,0.294813,0.0386,0.00191445,0.00634218,0.0075131,360,0.24338,0.267278,139.611,1.04891,42.1429
410,0.203702,0.0386,0.0100794,0.00634218,0.039556,360,0.24338,0.267278,26.5171,1.04891,42.1429
411,0.297086,0.0386,0.0261674,0.00634218,0.102692,360,0.24338,0.267278,10.2141,1.04891,42.1429
412,0.496017,0.0386,0.0872214,0.00634218,0.342293,360,0.24338,0.267278,3.06436,1.04891,42.1429
413,0.229686,0.0386,0.890469,0.00634218,3.49457,360,0.24338,0.267278,0.300154,1.04891,42.1429
414,0.149915,0.0386,0.0275232,0.00634218,0.108012,360,0.24338,0.267278,9.711,1.04891,42.1429
415,0.337381,0.0386,0.0561662,0.00634218,0.22042,360,0.24338,0.267278,4.75869,1.04891,42.1429
416,0.445217,0.0386,0.0228695,0.00634218,0.0897496,360,0.24338,0.267278,11.6871,1.04891,42.1429
417,0.317489,0.0386,0.0613767,0.00634218,0.240868,360,0.24338,0.267278,4.35471,1.04891,42.1429
418,0.276854,0.0386,0.017914,0.00634218,0.0703019,360,0.24338,0.267278,14.9201,1.04891,42.1429
419,0.352022,0.0386,0.0720396,0.00634218,0.282713,360,0.24338,0.267278,3.71015,1.04891,42.1429
420,0.241974,0.0386,0.0810139,0.00634218,0.317933,360,0.24338,0.267278,3.29915,1.04891,42.1429
421,0.146837,0.0386,0.0138928,0.00634218,0.0545212,360,0.24338,0.267278,19.2385,1.04891,42.1429
422,0.208369,0.0386,0.0806707,0.00634218,0.316586,360,0.24338,0.267278,3.31319,1.04891,42.1429
423,0.135207,0.0386,0.0446698,0.00634218,0.175303,360,0.24338,0.267278,5.9834,1.04891,42.1429
424,0.457409,0.0386,0.0158702,0.00634218,0.0622812,360,0.24338,0.267278,16.8415,1.04891,42.1429
425,0.24457,0.0386,0.010497,0.00634218,0.0411945,360,0.24338,0.267278,25.4623,1.04891,42.1429
426,0.0610009,0.0386,0.0235808,0.00634218,0.0925411,360,0.24338,0.267278,11.3345,1.04891,42.1429
427,0.251207,0.0386,0.045743,0.00634218,0.179515,360,0.24338,0.267278,5.84303,1.04891,42.1429
428,0.122271,0.0386,0.0703622,0.00634218,0.276131,360,0.24338,0.267278,3.7986,1.04891,42.1429
429,0.101535,0.0386,0.0633388,0.00634218,0.248568,360,0.24338,0.267278,4.21981,1.04891,42.1429
430,0.136431,0.0386,0.0981529,0.00634218,0.385193,360,0.24338,0.267278,2.72307,1.04891,42.1429
431,0.0460818,0.0386,0.0388984,0.00634218,0.152653,360,0.24338,0.267278,6.87118,1.04891,42.1429
432,0.444109,0.0386,0.0319415,0.00634218,0.125352,360,0.24338,0.267278,8.36772,1.04891,42.1429
433,0.0936605,0.0386,0.0296865,0.00634218,0.116502,360,0.24338,0.267278,9.00334,1.04891,42.1429
434,0.209049,0.0386,0.00475263,0.00634218,0.0186513,360,0.24338,0.267278,56.2378,1.04891,42.1429
435,0.303372,0.0386,0.020348,0.00634218,0.079854,360,0.24338,0.267278,13.1353,1.04891,42.1429
436,0.161305,0.0386,0.0265786,0.00634218,0.104306,360,0.24338,0.267278,10.0561,1.04891,42.1429
437,0.132638,0.0386,0.00585918,0.00634218,0.0229939,360,0.24338,0.267278,45.6169,1.04891,42.1429
438,0.095967,0.0386,0.017996,0.00634218,0.0706237,360,0.24338,0.267278,14.8521,1.04891,42.1429
439,0.282659,0.0386,0.0176812,0.00634218,0.0693884,360,0.24338,0.267278,15.1165,1.04891,42.1429
440,0.272693,0.0386,0.118379,0.00634218,0.464569,360,0.24338,0.267278,2.25781,1.04891,42.1429
441,0.136876,0.0386,0.019993,0.00634218,0.078461,360,0.24338,0.267278,13.3685,1.04891,42.1429
442,0.0800269,0.0386,0.104382,0.00634218,0.409639,360,0.24338,0.267278,2.56057,1.04891,42.1429
443,0.274205,0.0386,0.0690164,0.00634218,0.270849,360,0.24338,0.267278,3.87266,1.04891,42.1429
444,0.0517599,0.0386,0.0417593,0.00634218,0.163881,360,0.24338,0.267278,6.40043,1.04891,42.1429
445,0.231257,0.0386,0.157437,0.00634218,0.617849,360,0.24338,0.267278,1.69768,1.04891,42.1429
446,0.292548,0.0386,0.013558,0.00634218,0.0532073,360,0.24338,0.267278,19.7136,1.04891,42.1429
447,0.355772,0.0386,0.00819112,0.00634218,0.0321454,360,0.24338,0.267278,32.6301,1.04891,42.1429
448,0.385252,0.0386,0.0125647,0.00634218,0.0493092,360,0.24338,0.267278,21.2721,1.04891,42.1429
449,0.320426,0.0386,0.0325894,0.00634218,0.127894,360,0.24338,0.267278,8.20136,1.04891,42.1429
450,0.321408,0.0386,0.0162408,0.00634218,0.0637358,360,0.24338,0.267278,16.4571,1.04891,42.1429
451,0.404383,0.0386,0.0190484,0.00634218,0.0747537,360,0.24338,0.267278,14.0315,1.04891,42.1429
452,0.277444,0.0386,0.0430823,0.00634218,0.169073,360,0.24338,0.267278,6.20388,1.04891,42.1429
453,0.0787341,0.0386,0.0562261,0.00634218,0.220655,360,0.24338,0.267278,4.75362,1.04891,42.1429
454,0.0833548,0.0386,0.0110886,0.00634218,0.0435162,360,0.24338,0.267278,24.1039,1.04891,42.1429
455,0.180349,0.0386,0.0801768,0.00634218,0.314647,360,0.24338,0.267278,3.3336,1.04891,42.1429
456,0.379185,0.0386,0.0852675,0.00634218,0.334625,360,0.24338,0.267278,3.13458,1.04891,42.1429
457,0.15626,0.0386,0.00557073,0.00634218,0.0218619,360,0.24338,0.267278,47.9789,1.04891,42.1429
458,0.281435,0.0386,0.0462666,0.00634218,0.18157,360,0.24338,0.267278,5.77689,1.04891,42.1429
459,0.215295,0.0386,0.00785642,0.00634218,0.0308319,360,0.24338,0.267278,34.0203,1.04891,42.1429
460,0.502969,0.0386,0.075341,0.00634218,0.29567,360,0.24338,0.267278,3.54757,1.04891,42.1429
461,0.124639,0.0386,0.0430801,0.00634218,0.169064,360,0.24338,0.267278,6.2042,1.04891,42.1429
462,0.18424,0.0386,0.500419,0.00634218,1.96385,360,0.24338,0.267278,0.534108,1.04891,42.1429
463,0.496274,0.0386,0.0197268,0.00634218,0.0774161,360,0.24338,0.267278,13.549,1.04891,42.1429
464,0.217725,0.0386,0.127453,0.00634218,0.500178,360,0.24338,0.267278,2.09707,1.04891,42.1429
465,0.254627,0.0386,0.0785472,0.00634218,0.308252,360,0.24338,0.267278,3.40276,1.04891,42.1429
466,0.227542,0.0386,0.225843,0.00634218,0.886303,360,0.24338,0.267278,1.18346,1.04891,42.1429
467,0.215532,0.0386,0.0331541,0.00634218,0.130111,360,0.24338,0.267278,8.06166,1.04891,42.1429
468,0.143268,0.0386,0.0186876,0.00634218,0.073338,360,0.24338,0.267278,14.3024,1.04891,42.1429
469,0.0710543,0.0386,0.0459264,0.00634218,0.180234,360,0.24338,0.267278,5.8197,1.04891,42.1429
470,0.130897,0.0386,0.110777,0.00634218,0.434735,360,0.24338,0.267278,2.41275,1.04891,42.1429
471,0.0730359,0.0386,0.0471358,0.00634218,0.184981,360,0.24338,0.267278,5.67037,1.04891,42.1429
472,0.326697,0.0386,0.159417,0.00634218,0.625618,360,0.24338,0.267278,1.6766,1.04891,42.1429
473,0.239636,0.0386,0.00494638,0.00634218,0.0194117,360,0.24338,0.267278,54.035,1.04891,42.1429
474,0.312092,0.0386,0.17448,0.00634218,0.684733,360,0.24338,0.267278,1.53185,1.04891,42.1429
475,0.23951,0.0386,0.0141187,0.00634218,0.0554076,360,0.24338,0.267278,18.9308,1.04891,42.1429
476,0.304733,0.0386,0.0674154,0.00634218,0.264566,360,0.24338,0.267278,3.96464,1.04891,42.1429
477,0.23484,0.0386,0.0821389,0.00634218,0.322347,360,0.24338,0.267278,3.25397,1.04891,42.1429
478,0.0901967,0.0386,0.0147719,0.00634218,0.0579712,360,0.24338,0.267278,18.0936,1.04891,42.1429
479,0.280525,0.0386,0.029492,0.00634218,0.115739,360,0.24338,0.267278,9.06272,1.04891,42.1429
480,0.0766792,0.0386,0.00703995,0.00634218,0.0276277,360,0.24338,0.267278,37.9658,1.04891,42.1429
481,0.220689,0.0386,0.0237249,0.00634218,0.0931064,360,0.24338,0.267278,11.2657,1.04891,42.1429
482,0.542808,0.0386,0.0190984,0.00634218,0.0749502,360,0.24338,0.267278,13.9947,1.04891,42.1429
483,0.137903,0.0386,0.0228168,0.00634218,0.0895427,360,0.24338,0.267278,11.7141,1.04891,42.1429
484,0.208623,0.0386,0.0261268,0.00634218,0.102532,360,0.24338,0.267278,10.23,1.04891,42.1429
485,0.266161,0.0386,0.0117505,0.00634218,0.0461139,360,0.24338,0.267278,22.746,1.04891,42.1429
486,0.322646,0.0386,0.0373564,0.00634218,0.146602,360,0.24338,0.267278,7.1548,1.04891,42.1429
487,0.455582,0.0386,0.0245855,0.00634218,0.0964839,360,0.24338,0.267278,10.8713,1.04891,42.1429
488,0.153475,0.0386,0.0478481,0.00634218,0.187776,360,0.24338,0.267278,5.58596,1.04891,42.1429
489,0.153523,0.0386,0.00338519,0.00634218,0.0132849,360,0.24338,0.267278,78.9549,1.04891,42.1429
490,0.205028,0.0386,0.0485512,0.00634218,0.190535,360,0.24338,0.267278,5.50506,1.04891,42.1429
491,0.318521,0.0386,0.038857,0.00634218,0.152491,360,0.24338,0.267278,6.8785,1.04891,42.1429
492,0.25682,0.0386,0.01553,0.00634218,0.0609461,360,0.24338,0.267278,17.2104,1.04891,42.1429
493,0.164837,0.0386,0.03509,0.00634218,0.137708,360,0.24338,0.267278,7.61692,1.04891,42.1429
494,0.0425483,0.0386,0.0638192,0.00634218,0.250453,360,0.24338,0.267278,4.18805,1.04891,42.1429
495,0.0473653,0.0386,0.0394282,0.00634218,0.154733,360,0.24338,0.267278,6.77884,1.04891,42.1429
496,0.14636,0.0386,0.0200497,0.00634218,0.0786834,360,0.24338,0.267278,13.3307,1.04891,42.1429
497,0.281209,0.0386,0.0757171,0.00634218,0.297146,360,0.24338,0.267278,3.52995,1.04891,42.1429
498,0.607895,0.0386,0.0197982,0.00634218,0.0776966,360,0.24338,0.267278,13.5001,1.04891,42.1429
499,0.466525,0.0386,0.0317568,0.00634218,0.124627,360,0.24338,0.267278,8.4164,1.04891,42.1429
